# bee_idx	event
0	48367
1	48895
2	49951
3	50303
4	50743
5	50831
6	51051
7	51513
8	51865
9	52085
10	52657
11	52723
12	53361
13	53427
14	53713
15	54175
16	54341
17	54351
18	55539
19	55595
20	55627
21	55715
22	55957
23	56211
24	56243
25	56463
26	57441
27	57485
28	57575
29	57661
30	57883
31	57903
32	58321
33	58343
34	58345
35	58607
36	58653
37	58717
38	59003
39	59025
40	59047
41	59085
42	59093
43	59179
44	59247
45	59261
46	59335
47	59371
48	59553
49	59685
50	59753
51	59899
52	59929
53	60017
54	60669
55	60933
56	61071
57	61351
58	61417
59	61461
60	61579
61	61681
62	61843
63	62149
64	62281
65	62459
66	62495
67	62561
68	62583
69	62613
70	62721
71	63163
72	63359
73	63427
74	63537
75	63551
76	63559
77	63603
78	63669
79	64409
80	64503
81	64591
82	64613
83	64717
84	64921
85	64959
86	65025
87	65053
88	65267
89	65289
90	65295
91	66118
92	66272
93	66646
94	66712
95	67394
96	67746
97	68648
98	68714
99	68978
100	71046
101	71178
102	71222
103	71266
104	71640
105	72256
106	72586
107	73004
108	166738
109	166804
110	166870
111	167112
112	167684
113	168432
114	168526
115	168614
116	168658
117	169356
118	169488
119	169598
120	169620
121	169626
122	169758
123	169774
124	169824
125	169846
126	169890
127	170792
128	170808
129	170814
130	170880
131	170924
132	171358
133	171600
134	171892
135	172090
136	172266
137	172656
138	172788
139	172794
140	172832
141	172942
142	173058
143	173146
144	173234
145	173498
146	174114
147	174224
148	174422
149	174576
150	174752
151	174928
152	175016
153	175808
154	175896
155	276836
156	277276
157	277298
158	278046
159	278266
160	278420
161	278640
162	278684
163	278785
164	278794
165	279190
166	279256
167	279445
168	279643
169	280017
170	280466
171	280598
172	280752
173	280774
174	280853
175	280972
176	280994
177	281214
178	281337
179	281485
180	281505
181	281507
182	281527
183	281595
184	281639
185	281727
186	281837
187	281953
188	282057
189	282072
190	282204
191	282217
192	282231
193	282385
194	282459
195	282666
196	282737
197	282899
198	282979
199	283009
200	283040
201	283091
202	283229
203	283463
204	283595
205	283691
206	283713
207	283771
208	283905
209	283991
210	284013
211	284103
212	284145
213	284153
214	284200
215	284211
216	284235
217	284637
218	284657
219	284769
220	284791
221	284794
222	285069
223	285311
224	285366
225	285443
226	285467
227	285531
228	285564
229	285652
230	285665
231	285753
232	285929
233	285971
234	286177
235	286180
236	286191
237	286241
238	286268
239	286353
240	286400
241	286527
242	286655
243	286681
244	286818
245	286906
246	287211
247	287249
248	287431
249	287517
250	287555
251	287599
252	287621
253	287654
254	287825
255	287830
256	288067
257	288287
258	288358
259	288639
260	288745
261	288859
262	288947
263	289141
264	289251
265	289559
266	289832
267	290052
268	290294
269	290729
270	291037
271	291064
272	291262
273	291372
274	291499
275	291548
276	291570
277	291961
278	292005
279	292027
280	292384
281	292406
282	292533
283	292577
284	292643
285	292687
286	292797
287	293149
288	313781
289	313979
290	314507
291	314705
292	315013
293	315167
294	315343
295	315497
296	315849
297	315871
298	316003
299	316025
300	316311
301	316553
302	316729
303	317191
304	317741
305	317939
306	318049
307	318731
308	319039
309	319611
310	320029
311	320667
312	320865
313	321107
314	321173
315	321371
316	321767
317	321789
318	345633
319	346623
320	347085
321	347129
322	348471
323	348515
324	348691
325	348713
326	348845
327	349087
328	349241
329	349461
330	349549
331	349835
332	349879
333	349945
334	350121
335	350297
336	350935
337	351639
338	351705
339	351749
340	352123
341	352233
342	353223
343	353751
344	386332
345	386442
346	386948
347	387102
348	387850
349	388026
350	388224
351	389588
352	389874
353	390182
354	390842
355	390864
356	390996
357	391238
358	391260
359	391766
360	391854
361	392552
362	393042
363	393212
364	393608
365	394532
366	394642
367	394796
368	395060
369	395390
370	395610
371	395654
372	395962
373	397480
374	397722
375	397920
376	398084
377	398238
378	398260
379	398414
380	398436
381	398514
382	399052
383	399118
384	399328
385	399702
386	399856
387	399998
388	400054
389	400274
390	400460
391	400504
392	400592
393	400636
394	400856
395	401054
396	401516
397	401626
398	401780
399	402330
400	402506
401	402880
402	404244
403	404684
404	405234
405	405432
406	405454
407	405674
408	405740
409	406444
410	406642
411	406752
412	406796
413	407148
414	407170
415	407280
416	407918
417	408094
418	408534
419	409282
420	409546
421	409634
422	409920
423	409942
424	409964
425	410008
426	411460
427	412208
428	486247
429	486687
430	487303
431	487853
432	488139
433	488755
434	489327
435	489503
436	490361
437	490581
438	490779
439	490977
440	491483
441	492649
442	492803
443	492913
444	493243
