# doc pr/114 r7 -- mcp1k+mcp2k events with em_max >= 100 MeV
# that are NOT in em_display/em114-manifest.tsv
# sample	origin	run	subrun	event	em_max_MeV	em_tier	Enu_MeV	mu_len_cm	n_pio_showers	pio_mass
mcp1k	other_em	18255	1	54341	242.49	200	711.7	22.71	0	4.91
mcp1k	numucc_em	18255	1	56243	120.1	100	802.44	72.65	0	165.93
mcp1k	nuecc	18255	1	58755	120.81	100	350.46	22.71	0	49.49
mcp1k	other_em	18255	1	59085	100.01	100	149.21	0.0	0	-1.0
mcp1k	nuecc	18255	1	64409	801.31	200	1076.62	0.0	0	391.98
mcp1k	numucc_em	18255	1	65053	113.7	100	522.61	115.79	0	22.02
mcp1k	nuecc	18259	1	67394	215.27	200	1148.01	28.21	0	-1.0
mcp1k	other_em	18259	1	71178	106.72	100	513.65	5.45	0	-1.0
mcp1k	numucc_em	18259	1	168432	259.11	200	824.2	86.54	0	58.45
mcp1k	numucc_em	18259	1	170808	298.38	200	734.86	37.71	0	-1.0
mcp1k	numucc_em	18259	1	172266	129.23	100	732.94	113.74	0	67.07
mcp1k	nuecc	18259	1	175896	253.94	200	492.03	0.0	0	-1.0
mcp1k	nuecc	18255	1	277298	133.19	100	533.17	6.42	0	-1.0
mcp1k	numucc_em	18255	1	278420	129.18	100	793.86	62.01	2	14.54
mcp1k	numucc_em	18255	1	280972	949.59	200	3583.13	483.11	0	453.93
mcp1k	nuecc	18255	1	282979	309.58	200	449.01	0.0	0	48.95
mcp1k	other_em	18255	1	283515	103.22	100	796.71	0.0	0	-1.0
mcp1k	numucc_em	18255	1	283713	163.92	100	2032.42	246.45	2	94.78
mcp1k	other_em	18255	1	284200	183.53	100	578.78	0.0	0	-1.0
mcp1k	numucc_em	18255	1	284791	132.93	100	370.37	36.0	0	35.9
mcp1k	numucc_em	18255	1	285443	281.32	200	628.56	74.86	0	161.5
mcp1k	nuecc	18255	1	286655	295.04	200	501.52	0.0	0	-1.0
mcp1k	other_em	18255	1	286681	173.56	100	1814.98	0.0	0	16.55
mcp1k	numucc_em	18255	1	287007	163.13	100	530.33	40.15	0	-1.0
mcp1k	other_em	18255	1	287654	152.85	100	550.02	0.0	0	26.14
mcp1k	numucc_em	18255	1	287830	163.99	100	1062.92	39.06	2	142.73
mcp1k	numucc_em	18255	1	292005	124.28	100	925.69	77.01	0	-1.0
mcp1k	numucc_em	18255	1	292027	259.12	200	1323.04	157.3	2	154.69
mcp1k	numucc_em	18255	1	292643	154.98	100	1092.45	188.29	2	150.63
mcp1k	nuecc	18255	1	293149	269.43	200	322.64	0.0	0	51.28
mcp1k	nuecc	18255	1	313781	102.69	100	118.43	0.0	0	-1.0
mcp1k	numucc_em	18255	1	317939	417.87	200	1340.96	152.93	0	253.1
mcp1k	numucc_em	18255	1	321767	228.2	200	1051.25	36.07	0	10.44
mcp1k	numucc_em	18255	1	347085	268.05	200	956.67	56.4	2	154.65
mcp1k	numucc_em	18255	1	348471	352.61	200	1088.95	67.28	2	222.31
mcp1k	numucc_em	18255	1	348691	319.72	200	1916.12	359.99	2	275.35
mcp1k	numucc_em	18255	1	349549	436.66	200	1218.06	58.32	0	219.02
mcp1k	numucc_em	18255	1	350121	244.25	200	1238.51	187.12	0	46.04
mcp1k	nuecc	18255	1	386442	236.28	200	267.25	0.0	0	-1.0
mcp1k	nuecc	18255	1	386948	544.91	200	1246.31	0.0	0	90.8
mcp1k	other_em	18255	1	390182	130.4	100	1312.25	11.14	0	-1.0
mcp1k	other_em	18255	1	393212	295.65	200	670.84	0.0	0	46.78
mcp1k	numucc_em	18255	1	399118	130.55	100	802.97	153.69	2	141.94
mcp1k	numucc_em	18255	1	400504	153.51	100	485.99	56.84	2	145.89
mcp1k	nuecc	18255	1	401450	1155.58	200	1609.3	4.65	0	645.9
mcp1k	numucc_em	18255	1	407918	174.75	100	775.78	91.76	0	-1.0
mcp1k	numucc_em	18255	1	410008	143.19	100	365.09	35.51	0	-1.0
mcp1k	numucc_em	18255	1	486247	118.64	100	378.47	46.22	0	-1.0
mcp1k	numucc_em	18255	1	486687	244.8	200	1295.14	297.39	0	162.18
mcp1k	other_em	18255	1	486907	454.32	200	1081.46	26.62	0	177.22
mcp1k	other_em	18255	1	487853	145.13	100	342.58	0.0	0	-1.0
mcp1k	numucc_em	18255	1	489327	362.3	200	1513.36	394.35	2	126.67
mcp2k	nuecc	18259	1	47696	103.91	100	121.37	0.0	0	-1.0
mcp2k	numucc_em	18259	1	51546	181.69	100	526.32	75.84	0	52.01
mcp2k	numucc_em	18255	1	52044	103.53	100	587.13	109.53	2	122.87
mcp2k	nuecc	18255	1	52605	135.49	100	456.16	5.75	0	38.7
mcp2k	numucc_em	18255	1	52693	182.98	100	833.7	232.35	0	-1.0
mcp2k	other_em	18259	1	53658	129.6	100	512.31	0.0	0	-1.0
mcp2k	numucc_em	18255	1	54453	198.78	100	659.31	31.48	0	11.98
mcp2k	numucc_em	18255	1	55740	108.63	100	493.87	35.25	0	10.24
mcp2k	nuecc	18255	1	56972	312.47	200	318.57	0.0	0	-1.0
mcp2k	other_em	18255	1	57709	211.59	200	787.45	0.0	0	161.79
mcp2k	numucc_em	18255	1	58006	162.17	100	612.86	38.43	0	65.92
mcp2k	numucc_em	18255	1	69232	195.22	100	1041.42	230.83	0	-1.0
mcp2k	numucc_em	18255	1	69254	129.7	100	518.31	31.64	0	-1.0
mcp2k	numucc_em	18255	1	71642	205.16	200	1795.78	65.85	2	90.82
mcp2k	numucc_em	18255	1	71872	200.57	200	985.2	60.67	0	332.6
mcp2k	numucc_em	18255	1	72786	116.27	100	696.27	94.07	0	179.74
mcp2k	numucc_em	18255	1	74123	159.58	100	492.34	49.7	2	151.58
mcp2k	numucc_em	18255	1	74326	193.45	100	1777.87	114.63	0	-1.0
mcp2k	nuecc	18255	1	75954	521.91	200	753.09	0.0	0	-1.0
mcp2k	numucc_em	18255	1	77328	180.65	100	1037.33	44.42	0	-1.0
mcp2k	numucc_em	18255	1	91917	201.67	200	1286.52	289.17	2	136.83
mcp2k	nuecc	18255	1	94224	199.95	100	787.48	0.0	0	-1.0
mcp2k	numucc_em	18259	1	94392	305.58	200	1060.81	37.61	0	-1.0
mcp2k	other_em	18255	1	95151	104.08	100	394.13	11.73	0	-1.0
mcp2k	nuecc	18255	1	96383	144.23	100	648.51	0.84	0	55.0
mcp2k	numucc_em	18255	1	98844	349.79	200	1273.07	63.81	2	568.8
mcp2k	numucc_em	18259	1	99782	156.62	100	806.67	93.16	2	158.84
mcp2k	nuecc	18255	1	100135	122.2	100	163.52	0.0	0	64.57
mcp2k	numucc_em	18259	1	100222	2498.18	200	3184.51	53.49	2	149.31
mcp2k	other_em	18255	1	103798	132.99	100	656.02	19.44	0	164.78
mcp2k	numucc_em	18255	1	105074	228.39	200	1410.09	466.77	0	-1.0
mcp2k	other_em	18259	1	167612	200.43	200	822.87	6.5	0	13.16
mcp2k	numucc_em	18259	1	170098	269.66	200	832.57	75.99	0	7.77
mcp2k	numucc_em	18259	1	170761	205.98	200	1292.58	315.68	0	5.4
mcp2k	numucc_em	18259	1	171143	262.13	200	783.86	59.67	0	72.89
mcp2k	other_em	18259	1	171572	412.41	200	773.68	0.0	0	71.64
mcp2k	numucc_em	18259	1	171729	117.2	100	753.28	164.15	2	118.9
mcp2k	other_em	18259	1	173495	105.24	100	395.98	28.46	0	53.85
mcp2k	numucc_em	18259	1	173819	301.92	200	1141.98	70.05	0	39.81
mcp2k	other_em	18259	1	174771	101.65	100	1772.57	19.68	0	6.74
mcp2k	nuecc	18259	1	176533	562.36	200	687.58	0.0	0	-1.0
mcp2k	numucc_em	18259	1	179048	137.88	100	1245.82	63.52	0	-1.0
mcp2k	numucc_em	18259	1	179369	272.37	200	1561.29	450.93	0	163.16
mcp2k	nuecc	18259	1	179611	255.97	200	515.12	0.0	0	-1.0
mcp2k	nuecc	18259	1	181050	253.44	200	519.99	0.0	0	-1.0
mcp2k	numucc_em	18259	1	242726	116.13	100	1054.62	166.68	2	134.53
mcp2k	nuecc	18255	1	275011	105.55	100	392.89	0.0	0	67.77
mcp2k	numucc_em	18255	1	280159	446.31	200	1250.3	173.34	2	134.04
mcp2k	nuecc	18255	1	281325	126.76	100	385.38	9.16	0	-1.0
mcp2k	nuecc	18255	1	282271	115.12	100	757.35	10.13	0	-1.0
mcp2k	nuecc	18255	1	284206	106.34	100	838.26	29.61	0	-1.0
mcp2k	numucc_em	18255	1	287794	112.42	100	978.35	125.17	0	-1.0
mcp2k	numucc_em	18255	1	289246	264.04	200	843.22	100.71	0	11.0
mcp2k	numucc_em	18255	1	289508	396.78	200	895.26	79.09	0	-1.0
mcp2k	nuecc	18255	1	291072	652.37	200	830.13	0.0	0	-1.0
mcp2k	numucc_em	18255	1	292524	329.79	200	1149.25	31.03	2	114.3
mcp2k	nuecc	18255	1	293536	152.82	100	301.41	0.0	0	-1.0
mcp2k	numucc_em	18255	1	294174	123.09	100	1380.18	245.83	0	3.95
mcp2k	numucc_em	18255	1	318703	252.09	200	1032.11	175.7	0	4.37
mcp2k	numucc_em	18255	1	318769	256.28	200	839.57	38.18	0	33.88
mcp2k	nuecc	18255	1	321169	142.05	100	445.35	0.0	0	66.19
mcp2k	numucc_em	18255	1	321367	247.8	200	893.61	47.28	0	55.13
mcp2k	numucc_em	18255	1	347824	546.31	200	1751.72	151.91	2	172.96
mcp2k	nuecc	18255	1	350354	603.99	200	985.67	0.0	0	-1.0
mcp2k	numucc_em	18255	1	390634	135.85	100	845.02	133.99	0	46.08
mcp2k	other_em	18255	1	392901	196.61	100	1970.6	20.18	0	-1.0
mcp2k	numucc_em	18255	1	393505	325.27	200	830.59	156.28	0	61.58
mcp2k	nuecc	18255	1	394167	468.37	200	481.92	0.0	0	74.73
mcp2k	nuecc	18255	1	395123	101.44	100	113.04	0.0	0	-1.0
mcp2k	numucc_em	18255	1	395597	245.81	200	1443.2	142.94	0	-1.0
mcp2k	numucc_em	18255	1	395870	153.99	100	1195.86	284.07	0	-1.0
mcp2k	other_em	18255	1	396037	137.18	100	363.2	0.0	0	-1.0
mcp2k	numucc_em	18255	1	396323	167.2	100	519.28	47.66	0	-1.0
mcp2k	other_em	18255	1	396816	169.96	100	215.69	0.0	0	-1.0
mcp2k	nuecc	18255	1	397401	102.21	100	761.52	23.78	0	-1.0
mcp2k	numucc_em	18255	1	397630	128.73	100	752.98	78.69	0	4.95
mcp2k	numucc_em	18255	1	398191	106.52	100	1602.74	404.84	0	-1.0
mcp2k	numucc_em	18255	1	403023	130.96	100	568.56	85.37	2	159.61
mcp2k	nuecc	18255	1	403309	102.86	100	103.19	0.0	0	-1.0
mcp2k	numucc_em	18255	1	406125	136.2	100	946.08	87.78	0	60.62
mcp2k	nuecc	18255	1	408304	166.45	100	430.23	0.0	0	-1.0
mcp2k	nuecc	18255	1	408678	312.29	200	555.36	19.59	0	99.01
mcp2k	nuecc	18255	1	409140	103.83	100	466.25	0.0	0	-1.0
mcp2k	numucc_em	18255	1	412242	616.15	200	1197.67	88.79	0	14.19
mcp2k	nuecc	18255	1	475778	143.81	100	152.16	0.0	0	-1.0
mcp2k	numucc_em	18255	1	493659	104.56	100	515.8	71.72	0	-1.0
mcp2k	nuecc	18255	1	499423	154.59	100	330.3	0.0	0	52.74
mcp2k	numucc_em	18255	1	499577	299.76	200	1548.8	105.02	2	258.72
mcp2k	nuecc	18255	1	500083	166.18	100	184.95	0.0	0	-1.0
