======================================================================================
pr/130 item 4 -- the q_miss fragment pool as WHOLE OBJECTS
======================================================================================
174 segments collapse to 73 (event, shower, object) triples over 38 events

WHOLE      47 object(s)  2.7657e+07   58.2%   (already main-cluster: 3.6694e+06 = 13.3%)
PARTIAL    23 object(s)  1.8113e+07   38.1%   (already main-cluster: 4.6691e+06 = 25.8%)
NOHOLDER    3 object(s)  1.7297e+06    3.6%   (already main-cluster: 8.9785e+05 = 51.9%)

======================================================================================
SCAN ORDER -- outside the main cluster, WHOLE objects first (one binary call each)
======================================================================================
set  event    shower   object    nseg  want       q_out    q_wanted    q_object  frac kind
98   463565   13001    115088      17    17   4.430e+06   4.430e+06   4.430e+06  1.00 WHOLE
98   122660   9110     47050        7     7   3.432e+06   3.432e+06   3.432e+06  1.00 WHOLE
98   122660   9110     54071        3     3   2.650e+06   2.650e+06   2.650e+06  1.00 WHOLE
98   463565   13001    114086      10    10   2.577e+06   2.577e+06   2.577e+06  1.00 WHOLE
98   463565   13001    109073       5     5   1.798e+06   1.798e+06   1.798e+06  1.00 WHOLE
141  54341    101041   34014        4     4   8.662e+05   8.662e+05   8.662e+05  1.00 WHOLE
98   54332    122091   123098       2     2   8.429e+05   8.429e+05   8.429e+05  1.00 WHOLE
141  294174   71067    64065        2     2   6.364e+05   6.364e+05   6.364e+05  1.00 WHOLE
141  281325   42039    41034        3     3   6.338e+05   6.338e+05   6.338e+05  1.00 WHOLE
98   314838   110088   87031        8     8   5.632e+05   5.632e+05   5.632e+05  1.00 WHOLE
98   76346    14059    41031        5     5   4.828e+05   4.828e+05   4.828e+05  1.00 WHOLE
98   469665   15003    62073        2     2   4.128e+05   4.128e+05   4.128e+05  1.00 WHOLE
98   76346    14059    42033        2     2   4.023e+05   4.023e+05   4.023e+05  1.00 WHOLE
141  181050   15006    61021        1     1   2.722e+05   2.722e+05   2.722e+05  1.00 WHOLE
98   463565   13001    72064        1     1   2.718e+05   2.718e+05   2.718e+05  1.00 WHOLE
98   169626   53069    42042        2     2   2.646e+05   2.646e+05   2.646e+05  1.00 WHOLE
98   284235   74027    38019        1     1   2.397e+05   2.397e+05   2.397e+05  1.00 WHOLE
141  173495   26021    97017        1     1   2.341e+05   2.341e+05   2.341e+05  1.00 WHOLE
98   281485   88090    65044        1     1   2.218e+05   2.218e+05   2.218e+05  1.00 WHOLE
98   169626   53069    39039        1     1   1.949e+05   1.949e+05   1.949e+05  1.00 WHOLE
98   54332    122091   76038        1     1   1.948e+05   1.948e+05   1.948e+05  1.00 WHOLE
98   269774   97197    19040        1     1   1.924e+05   1.924e+05   1.924e+05  1.00 WHOLE
141  396037   69026    65017        1     1   1.912e+05   1.912e+05   1.912e+05  1.00 WHOLE
141  91917    87053    66021        1     1   1.718e+05   1.718e+05   1.718e+05  1.00 WHOLE
98   423981   12095    64071        2     2   1.672e+05   1.672e+05   1.672e+05  1.00 WHOLE
141  287007   22001    58030        1     1   1.620e+05   1.620e+05   1.620e+05  1.00 WHOLE
98   54332    122091   77039        4     4   1.570e+05   1.570e+05   1.570e+05  1.00 WHOLE
98   105946   55063    54032        1     1   1.520e+05   1.520e+05   1.520e+05  1.00 WHOLE
98   105946   56056    39013        1     1   1.428e+05   1.428e+05   1.428e+05  1.00 WHOLE
98   347129   11000    40032        3     3   1.421e+05   1.421e+05   1.421e+05  1.00 WHOLE
141  293149   4001     31010        4     4   1.311e+05   1.311e+05   1.311e+05  1.00 WHOLE
98   54332    122091   81043        1     1   1.228e+05   1.228e+05   1.228e+05  1.00 WHOLE
98   76346    14059    39029        1     1   1.158e+05   1.158e+05   1.158e+05  1.00 WHOLE
98   76346    14059    14058        3     3   8.443e+04   3.800e+05   3.800e+05  1.00 WHOLE
98   76346    40030    37027        1     1   7.892e+04   7.892e+04   7.892e+04  1.00 WHOLE
98   76346    40030    38028        1     1   6.954e+04   6.954e+04   6.954e+04  1.00 WHOLE
98   347129   11000    39005        1     1   5.641e+04   5.641e+04   5.641e+04  1.00 WHOLE
98   444187   19079    19082        4     4   5.613e+04   2.608e+06   2.608e+06  1.00 WHOLE
98   347129   11000    43009        1     1   4.096e+04   4.096e+04   4.096e+04  1.00 WHOLE
98   54332    122091   80042        1     1   3.525e+04   3.525e+04   3.525e+04  1.00 WHOLE
98   347129   11000    42008        1     1   2.557e+04   2.557e+04   2.557e+04  1.00 WHOLE
98   347129   11000    36002        1     1   2.300e+04   2.300e+04   2.300e+04  1.00 WHOLE
98   347129   11000    37003        1     1   1.639e+04   1.639e+04   1.639e+04  1.00 WHOLE
98   347129   11000    38004        1     1   1.620e+04   1.620e+04   1.620e+04  1.00 WHOLE
141  54341    96031    77019        1     1   1.426e+04   1.426e+04   1.426e+04  1.00 WHOLE
98   54332    16014    97060       16     9   2.069e+06   2.069e+06   2.306e+06  0.56 PARTIAL
141  181050   15006    68031        7     6   1.496e+06   1.496e+06   1.526e+06  0.86 PARTIAL
98   21073    60081    31023       11     7   1.423e+06   1.423e+06   1.561e+06  0.64 PARTIAL
98   342199   74101    25109        8     7   1.318e+06   1.318e+06   1.346e+06  0.88 PARTIAL
98   105946   55063    53030        6     4   1.235e+06   1.235e+06   1.425e+06  0.67 PARTIAL
98   122660   9110     53070        3     2   7.858e+05   7.858e+05   1.426e+06  0.67 PARTIAL
98   173093   12007    61040        4     3   7.573e+05   7.573e+05   8.020e+05  0.75 PARTIAL
141  54453    57050    58051        6     1   7.135e+05   7.135e+05   1.060e+06  0.17 PARTIAL
98   469665   15003    66042        3     2   6.970e+05   6.970e+05   8.876e+05  0.67 PARTIAL
98   281485   88090    90104        4     3   5.714e+05   5.714e+05   6.037e+05  0.75 PARTIAL
141  289246   63034    77063        3     2   5.172e+05   5.172e+05   5.571e+05  0.67 PARTIAL
141  174771   85085    -1           0     1   4.583e+05   4.583e+05   4.583e+05  0.00 NOHOLDER
141  348471   60026    38018        3     1   4.097e+05   4.097e+05   4.787e+05  0.33 PARTIAL
141  98844    70063    69062        2     1   3.925e+05   3.925e+05   4.319e+05  0.50 PARTIAL
141  54453    57050    -1           0     1   3.735e+05   3.735e+05   3.735e+05  0.00 NOHOLDER
141  168432   49028    50029        2     1   3.560e+05   3.560e+05   3.897e+05  0.50 PARTIAL
141  412242   14007    64054       10     1   2.495e+05   2.495e+05   1.354e+06  0.10 PARTIAL
98   54332    122091   121084       2     1   2.261e+05   2.261e+05   3.587e+05  0.50 PARTIAL
141  98844    70063    6013        14     1   1.199e+05   1.199e+05   6.137e+06  0.07 PARTIAL
98   469665   15003    68052        6     3   6.799e+04   6.799e+04   7.786e+05  0.50 PARTIAL
98   314838   110088   13010        4     2   3.866e+04   2.075e+06   2.469e+06  0.50 PARTIAL

======================================================================================
BY EVENT -- outside-main-cluster charge, the Bee scan ranking
======================================================================================
  set98   463565   9.0772e+06   4 object(s), 4 whole
  set98   122660   6.8678e+06   3 object(s), 2 whole
  set98   54332    3.6480e+06   7 object(s), 5 whole
  set141  181050   1.7680e+06   2 object(s), 1 whole
  set98   105946   1.5299e+06   3 object(s), 2 whole
  set98   21073    1.4234e+06   1 object(s), 0 whole
  set98   342199   1.3183e+06   1 object(s), 0 whole
  set98   76346    1.2339e+06   6 object(s), 6 whole
  set98   469665   1.1777e+06   3 object(s), 1 whole
  set141  54453    1.0870e+06   2 object(s), 0 whole
  set141  54341    8.8046e+05   2 object(s), 2 whole
  set98   281485   7.9324e+05   2 object(s), 1 whole
  set98   173093   7.5726e+05   1 object(s), 0 whole
  set141  294174   6.3643e+05   1 object(s), 1 whole
  set141  281325   6.3384e+05   1 object(s), 1 whole
  set98   314838   6.0185e+05   2 object(s), 1 whole
  set141  289246   5.1718e+05   1 object(s), 0 whole
  set141  98844    5.1241e+05   2 object(s), 0 whole
  set98   169626   4.5947e+05   2 object(s), 2 whole
  set141  174771   4.5833e+05   1 object(s), 0 whole
  set141  348471   4.0975e+05   1 object(s), 0 whole
  set141  168432   3.5601e+05   1 object(s), 0 whole
  set98   347129   3.2061e+05   7 object(s), 7 whole
  set141  412242   2.4952e+05   1 object(s), 0 whole
  set98   284235   2.3970e+05   1 object(s), 1 whole
  set141  173495   2.3408e+05   1 object(s), 1 whole
  set98   269774   1.9240e+05   1 object(s), 1 whole
  set141  396037   1.9124e+05   1 object(s), 1 whole
  set141  91917    1.7181e+05   1 object(s), 1 whole
  set98   423981   1.6717e+05   1 object(s), 1 whole
  set141  287007   1.6196e+05   1 object(s), 1 whole
  set141  293149   1.3112e+05   1 object(s), 1 whole
  set98   444187   5.6133e+04   1 object(s), 1 whole
