167.59826111832615 -41.578213401288068 385.73173013363692
160.27616856613787 -141.90072524149247 326.94840799407251
167.59826111832615 -41.578213401288068 385.73173013363692
167.57274284795898 -41.91469185786115 385.23561415310445
167.4459728954613 -42.294368791950731 384.7886524043339
167.31920294296361 -42.674045726040298 384.34169065556324
167.24441999438577 -43.076897231772477 383.90337778222812
167.19463640980956 -43.672843007711108 383.85469280664381
167.12611907004822 -44.131425478005028 383.47389431388001
167.05760173028688 -44.590007948298954 383.09309582111626
166.93220700388838 -44.535087298309278 382.50892128829571
167.05907629001481 -45.092194170754617 382.3257925988122
166.85511607045771 -45.468666145984528 381.90547238670632
166.75864688023057 -46.022111255498615 381.6947778065865
166.66217769000343 -46.575556365012694 381.48408322646668
166.65827455285179 -47.007701300883696 381.06786751325848
166.62716303066034 -47.592219606850868 380.93607061201953
166.59605150846886 -48.176737912818048 380.80427371078059
166.4409589329066 -48.303722340916337 380.23874630381783
166.2858663573443 -48.430706769014613 379.67321889685508
166.27748694068683 -49.022414939213185 379.5741672603379
166.21944185939054 -49.564583795811195 379.32380013096082
166.17872987077237 -50.05988318871897 378.98761410304184
166.1380178821542 -50.555182581626752 378.65142807512285
166.0498592912009 -51.127179530119783 378.49316388537738
165.9617007002476 -51.699176478612813 378.33489969563192
165.66111231724352 -52.138499716895709 378.05805729225483
165.66467130283081 -52.473433613627854 377.56025550595689
165.614072852916 -52.792219956592433 377.05447386887869
165.56347440300118 -53.111006299557005 376.54869223180049
165.57920232984756 -53.607647155098256 376.21238806452868
165.59493025669397 -54.104288010639507 375.87608389725693
165.42552136110348 -54.644724849543366 376.07414613305775
165.25611246551301 -55.185161688447238 376.27220836885851
165.22423387194306 -55.386808301301812 376.83640904131141
165.35484941968039 -55.960937272753327 376.72101622165047
165.21619622633608 -56.189240968359307 376.18375212034823
165.10600502620542 -56.46701914972077 375.66346644749797
164.99581382607477 -56.744797331082239 375.1431807746477
164.93687371599475 -57.306314725578702 374.9401431448801
164.86316732775794 -57.686169372662086 374.48158255409379
164.78946093952115 -58.066024019745484 374.02302196330754
164.73786727656696 -58.533299151801771 373.65020559442775
164.62863705496741 -58.901147655596318 373.18895052730602
164.51940683336792 -59.268996159390916 372.72769546018441
164.50719456693628 -59.8686144415841 372.7452674893301
164.48857243416188 -60.444000810364244 372.57620021635
164.38496115860991 -60.72435804527025 372.05594592812707
164.38647740582275 -61.247508298028038 371.76215771523579
164.38799365303558 -61.770658550785811 371.4683695023445
164.21474293669209 -62.206173856734985 371.09378892680638
163.99272319613215 -62.71134538449401 370.85818552627211
163.9970238379023 -63.271644297900615 370.64360073623391
163.94088996031374 -63.864268171834262 370.56846132027431
163.79935057060493 -64.441702217283847 370.6493100946409
163.65781118089609 -65.01913626273344 370.73015886900743
163.76131083788806 -65.210830889877769 370.17110521243541
163.86481049488009 -65.402525517022156 369.61205155586339
163.66956035962127 -65.969748207970184 369.62370503410375
163.6750808166214 -65.371654451779364 369.57623521885159
163.68060127362153 -64.773560695588543 369.52876540359944
163.58224868637657 -65.303080158622691 369.26431142489946
163.48389609913164 -65.83259962165684 368.99985744619948
163.38554351188668 -66.362119084690974 368.73540346749945
163.35364388645573 -66.955099210911072 368.64963060579282
163.20286980504312 -67.494227645329005 368.86551878883267
163.23539094757578 -68.089979354111605 368.80209736681326
163.1504545674814 -68.669870007266326 368.93059889100755
163.065518187387 -69.24976066042106 369.05910041520184
163.01130950235068 -69.066592034978001 368.49032042863416
162.89645030057159 -69.21957778807257 367.92163534608255
162.77468225994932 -69.42700476147597 367.37195671725681
162.65291421932704 -69.634431734879385 366.82227808843106
162.59198954555239 -70.020298284246024 366.36687146770043
162.53106487177774 -70.40616483361265 365.91146484696975
162.39465895409336 -70.8637008973067 365.54807225480522
162.28979317659099 -71.236374179296803 365.08968617997357
162.2749879071464 -71.801406434056162 364.88839197966411
162.15217342474816 -72.143645241571193 364.41111930964837
162.02935894234992 -72.485884049086224 363.93384663963263
162.08787508722057 -73.075922024298592 363.84202589798468
161.83716658129771 -73.483348755787659 363.47988130873057
161.59528938837218 -73.933464060697744 363.16541090340093
161.44096633635735 -74.509054912029725 363.09555700243794
161.30243213545509 -74.845084180681297 362.61817601644259
161.3069242046021 -75.419668052932749 362.44545313126724
161.17563307798466 -75.995056070408879 362.33732695767173
161.04434195136722 -76.570444087885022 362.22920078407617
161.05845746876872 -77.170274301262097 362.22708718797247
160.97836440168697 -77.589244421016559 361.80512849407177
160.91534488020204 -78.185158908752399 361.77488840117599
160.85232535871711 -78.781073396488239 361.74464830828026
160.71439466512336 -78.97770693738056 361.19482072224906
160.66134035883982 -79.533177513711394 360.97428120330636
160.6015667786499 -80.108112576221899 360.81341855068831
160.54179319845994 -80.683047638732418 360.65255589807032
160.45060379851344 -81.13516280201938 360.2687898593652
160.36625194990177 -81.651943776420978 359.97583561356504
160.28190010129012 -82.168724750822562 359.68288136776488
160.11962731157234 -82.639185075288438 359.34771778856708
160.04390742603476 -82.856114618974487 358.79345424835327
159.85474047465979 -83.351408855586413 358.51256372931334
159.87709922169762 -83.94941667013029 358.55600035182647
159.89160500510422 -84.548799455281483 358.57901902060132
159.87204099725221 -85.142433925528096 358.66396232717568
159.76270519272435 -85.276970191377856 358.08955334829443
159.63258793712018 -85.748781551702521 357.74247476920516
159.50247068151606 -86.220592912027186 357.39539619011583
159.47118285562519 -86.76555940038638 357.14633274736184
159.44341486740362 -87.087466531815465 356.64075907561335
159.36350007070513 -87.620500454459886 356.37715243195856
159.27658697075293 -88.175308666229341 356.16588492094496
159.09514869908975 -88.731651267362196 356.03335921121055
159.08222141607786 -89.240617212407031 355.71589023298031
159.06929413306597 -89.749583157451895 355.39842125475013
158.96216817481857 -90.324629581109008 355.53200882793243
158.95690082526141 -90.923284121212276 355.57182084423869
158.95790046059474 -91.52327324277401 355.57529283744009
158.95890009592804 -92.12326236433573 355.57876483064138
158.84052427071089 -91.863030341999817 355.05125515437459
158.72274168852184 -91.583093319640895 354.53379740069249
158.60495910633281 -91.303156297281987 354.0163396470104
158.64423990151892 -91.87736474479523 354.18587335437849
158.63438312038403 -92.474387362485942 354.12699349507682
158.62452633924914 -93.071409980176668 354.06811363577521
158.5461983614218 -93.529563669554975 353.68869312394366
158.47897578325541 -93.92415082004419 353.24172320811772
158.41175320508901 -94.318737970533391 352.79475329229177
158.27113482588265 -94.872871757935982 352.61264833055748
158.20165335357973 -95.392329876416355 352.32052577382581
158.13217188127678 -95.911787994896741 352.02840321709414
158.22609249126532 -96.482273437316536 351.86801219799872
158.12866688650985 -96.922122109104592 351.47172770743123
158.03124128175443 -97.361970780892634 351.07544321686373
158.03702587142698 -97.753611864894168 350.62092831078866
158.02015955028557 -98.332560803576811 350.46429608674327
158.00329322914419 -98.911509742259454 350.30766386269795
157.99149388614288 -99.397110607376575 349.95545288146332
157.97969454314153 -99.882711472493739 349.60324190022874
157.96555930539074 -100.42760017223152 349.35245015404917
157.96329187943314 -100.99217405720303 349.1493462713002
157.90669581766744 -101.58065290364868 349.04692784972178
157.95971369702036 -102.03282891602423 348.65612616305572
157.95576428639043 -102.61766593546761 348.5221483184535
157.9518148757605 -103.20250295491101 348.38817047385129
157.97321188944912 -103.80200206984698 348.40012785634934
157.94473106142985 -104.16913778556773 347.92641886479703
157.90260653380776 -104.75707738322103 347.81438068521572
157.94276952519186 -105.28773674744976 347.53727497744438
157.92622728667357 -105.61517190926243 347.03476868976878
157.93531402927337 -106.17968157157904 346.83167690692142
157.89650626661421 -106.63213403562801 346.43952805083052
157.85769850395499 -107.08458649967699 346.04737919473962
157.91778139632368 -107.68156334478485 346.0444308986763
158.00183804583628 -108.1973964813553 345.74972654701418
158.08589469534886 -108.71322961792573 345.45502219535194
158.04668689060281 -109.2588009097727 345.20841580135652
158.0074790858568 -109.80437220161969 344.9618094073611
157.88194220964803 -110.31376404118453 344.67067293335538
157.75640533343929 -110.82315588074937 344.37953645934965
157.64178481774329 -111.10807450783493 343.86409149301346
157.66913494289176 -111.68925409878059 343.71752323682347
157.67895070252516 -112.28122960039386 343.62021621573797
157.68876646215853 -112.87320510200713 343.52290919465247
157.71152052771885 -113.32673467787086 343.13074446355427
157.76955791469848 -113.79874206819275 342.76490203135961
157.85166971156065 -114.29189901970162 342.43315834416342
157.79084674478983 -114.87931858850243 342.32714505771747
157.73002377801902 -115.46673815730324 342.22113177127147
158.01741484759518 -115.92481554315714 341.961186619947
157.94984385685902 -116.36449338851784 341.55854837845732
157.96955279448571 -116.88480333041362 341.26040559028013
157.98926173211242 -117.40511327230936 340.96226280210294
158.02540777598639 -118.00106721253614 340.90282910256786
158.06155381986039 -118.59702115276293 340.84339540303267
158.06844278793304 -119.14549357583064 340.60022767644642
158.07533175600568 -119.69396599889835 340.35705994986017
158.17188781815344 -120.27444737131353 340.23993478970431
158.14197217168143 -120.87015383282787 340.30504136238494
158.16040641440958 -121.46620667458708 340.23885081528169
158.17884065713775 -122.06225951634626 340.17266026817845
158.23919175651781 -122.64364624503074 340.03720837076395
158.20745360385436 -122.86089037027406 339.47881990409149
158.17571545119091 -123.07813449551739 338.9204314374191
158.09412449947669 -123.49843689654217 338.50008775863802
158.01253354776253 -123.91873929756693 338.07974407985699
158.04361667079371 -124.49636519866394 337.92042629100558
158.12409988705619 -125.06485293553575 338.09462199969664
158.20458310331873 -125.63334067240756 338.26881770838781
158.37918329345882 -126.11758179430737 338.57707946317458
158.4580868580409 -126.69394887393109 338.43019441620834
158.49286713347362 -127.27831492617182 338.56174915549747
158.52764740890638 -127.86268097841253 338.6933038947866
158.67387162681925 -128.41748745439131 338.51778109766963
158.82009584473215 -128.97229393037009 338.3422583005526
158.99740917802706 -129.33492889898309 337.89834855592551
158.95657875077276 -129.86646402495052 338.17367252159698
158.9157483235185 -130.39799915091794 338.44899648726835
158.9797469938089 -130.59639616291193 337.88637512628668
159.0437456640993 -130.79479317490592 337.32375376530496
159.05082629744669 -131.29794071325756 336.99696267105344
159.40723488863631 -131.76924715948775 336.89283222465042
159.43396793484314 -132.34832160773169 336.73804809228716
159.46070098104997 -132.92739605597563 336.58326395992384
159.62599920797317 -133.35024538985635 336.19099499988153
159.75070657896907 -133.8798106529751 335.93799558542116
159.68168873773146 -134.45129257573493 335.76874739621479
159.98524813019364 -134.39784208163641 335.25397099822374
160.23789687096203 -134.54171407916365 334.72911915044608
160.40101694928336 -134.78492366748051 334.20543896541022
160.42024543856212 -135.35873080332684 334.0311528900861
160.43947392784088 -135.93253793917316 333.85686681476193
160.50271007501328 -136.2133865734061 333.33043995912078
160.56594622218566 -136.49423520763901 332.80401310347958
160.70127979988479 -137.06480425037745 332.93103983379922
160.54547657459665 -137.2285591292646 332.37524338308145
160.53917322571374 -137.67994518446358 331.98000814051727
160.5328698768308 -138.13133123966256 331.58477289795309
160.53279260473388 -138.59108444350471 331.19925119222705
160.5327938073834 -139.05094145279801 330.81385330561847
160.53279379086158 -139.50844505882498 330.425664626659
160.53279377433972 -139.96594866485196 330.03747594769953
160.53279375781787 -140.42345227087893 329.64928726874001
160.53279375713115 -140.87717460484146 329.25668563391969
160.53279375644433 -141.33089693880399 328.86408399909936
160.46027837033853 -141.68383987124923 328.38432071870488
160.38776298423269 -142.03678280369448 327.90455743831041
160.3319657751853 -141.96875402259349 327.42648271619146
160.27616856613787 -141.90072524149247 326.94840799407251
