111.03318185018797 130.45568544450705 248.15464693214176
0.68538185018799103 166.78216231491325 189.61090515846311
111.03318185018797 130.45568544450705 248.15464693214176
110.52186027898499 130.60351854427614 247.87770718159089
110.010538707782 130.75135164404523 247.60076743104005
109.50429285512389 130.93184591275889 247.33405231030639
108.97768516702429 131.06995368229136 247.08184091716726
108.45107747892466 131.2080614518238 246.82962952402818
107.95329647400538 131.41891190209802 246.56932939194843
107.45551546908609 131.62976235237221 246.30902925986871
106.93367530175851 131.7525607995513 246.0395791139531
106.41680729247973 131.89121187736353 245.76824290257377
105.89993928320095 132.02986295517573 245.49690669119445
105.39351648261797 132.22067970500615 245.23782192700747
104.89580306296708 132.42142850243155 244.96952866911292
104.39808964331617 132.62217729985699 244.70123541121842
103.86968913559633 132.74974398369159 244.44722823687712
103.37789863509185 132.98110128188043 244.19303165116381
102.85506247966275 133.08598096518924 243.91799964101742
102.33222632423367 133.19086064849805 243.642967630871
101.87539946137539 133.37468611978778 243.30015950162641
101.34169466862934 133.53228758193433 243.07583613385313
100.85930038459408 133.62413237762149 242.73107492919797
100.37690610055884 133.71597717330866 242.38631372454279
99.864783732036827 133.96858986098493 242.20214665451027
99.352661363514827 134.22120254866121 242.0179795844777
98.880359947833625 134.50640579272019 241.78220324485946
98.379211966885677 134.72783100147291 241.53761874387746
97.849982938662265 134.81355259453977 241.26823343587461
97.350292971366102 135.02855667976991 241.01508687769552
96.850603004069939 135.24356076500004 240.76194031951644
96.367943692097484 135.27837513812693 240.40721796613275
95.900874521771755 135.32756044563516 240.03381845400591
95.436856313308624 135.37943912021359 239.65699527884459
94.980424166122106 135.76278893285385 239.7256437760123
94.523992018935587 136.14613874549408 239.79429227318005
94.135809984733854 136.19891130944669 239.33983681351773
93.747627950532035 136.25168387339943 238.88538135385551
93.197612425467469 136.48953920915119 238.85525227417548
92.705849234437451 136.69686683042821 238.58105486097912
92.176537134984841 136.79815690960984 238.31729546070596
91.687215800893142 137.00413191327428 238.03776204612342
91.197894466801444 137.21010691693868 237.7582286315409
90.687094747744979 137.36520261280239 237.48431446225351
90.174343190585361 137.51166958543794 237.20929943255993
89.661690978608874 137.67725826763657 236.94516291883392
89.149038766632401 137.84284694983521 236.68102640510787
88.630037581677996 137.9918558922285 236.4194272745612
88.111036396723563 138.14086483462179 236.15782814401464
87.629384652202518 138.27139614896763 235.82470178214126
87.147732907681487 138.40192746331346 235.49157542026788
86.746851217330288 138.84522458832572 235.43883521457033
86.2237668541689 138.96157881276767 235.16893811664121
85.705059523354336 139.11786551130228 234.91102888295546
85.499721086040523 139.40951871879594 234.42856175172247
85.153706651274248 139.66446377540194 234.00990075635087
84.594018698880632 139.77410768046883 233.82354730178903
84.034330746487015 139.88375158553575 233.63719384722725
83.439969264193167 139.8345088642354 233.57154643475428
82.878191739736039 139.94078291398526 233.38957984616013
82.316414215278911 140.04705696373509 233.20761325756598
81.850003717864951 140.242261681516 232.88457089802446
81.362165954578501 140.42910301143894 232.58943595576193
80.874328191292051 140.61594434136185 232.29430101349939
80.35523995661319 140.76172750734207 232.03106219961597
79.836151721934343 140.90751067332232 231.76782338573247
79.329647048886969 141.12381599730159 231.52977922386458
78.815613673069748 141.21070105896916 231.23275957029773
78.301580297252528 141.29758612063677 230.93573991673088
77.824415376881433 141.57748941245853 230.70343023980246
77.318632143680901 141.73656873914607 230.42257958761542
76.812848910480383 141.8956480658336 230.1417289354284
76.308422993493025 142.10763494475503 229.89552565064815
75.800786582485145 142.25867416658159 229.6135816354801
75.29454208483908 142.44675574725872 229.35215893636419
74.810382580768078 142.68613684523319 229.09084252939692
74.326223076697076 142.92551794320764 228.82952612242971
73.862979294192556 142.81171605686336 228.46558336781658
73.342092949478896 143.09111017447432 228.36254772866567
73.287670138276411 143.44401281820274 227.88036738722658
73.233247327073897 143.79691546193115 227.39818704578747
73.178824515871412 144.14981810565956 226.9160067043484
72.754992211895399 144.31471378688508 226.52463016900225
71.023096064520729 144.24037704181191 226.69923523266712
70.447511920084267 144.16009862858451 226.84842728688926
69.928508514058763 144.2346285992474 226.55674124333058
69.409505108033258 144.3091585699103 226.26505519977189
68.943275895174253 144.58803047846084 226.0103774039234
68.429148465911709 144.7521793516467 225.74821689219115
67.915021036649179 144.91632822483251 225.48605638045893
67.422164031167924 145.09936675907346 225.19693898712021
66.90582007782929 145.25711979339411 224.93520839660155
66.375240043370511 145.42080861681751 224.70785229679336
65.899455654736883 145.60926842500498 224.39462376004985
65.40115970439804 145.79288853577415 224.11536617143852
64.883893260710309 145.9302237003991 223.84412001240193
64.366626817022564 146.06755886502404 223.57287385336539
63.883413556706628 146.29647456371293 223.30065602156773
63.345508378067294 146.38255405626586 223.04916379553521
62.807603199427966 146.46863354881876 222.7976715695026
62.324791171868753 146.70525911463017 222.53139936357678
61.841979144309541 146.9418846804416 222.26512715765102
61.304254143085565 147.07923432455996 222.03712080177638
60.840248727807747 147.28562925597154 221.71758972835715
60.26776428201542 147.4526145277602 221.65142721380758
59.817121263828781 147.58469809310367 221.27796396002509
59.366478245642135 147.71678165844713 220.9045007062426
58.851157271443824 147.88047936399599 220.64440965535974
58.327365958605107 148.03540979546909 220.39613718004631
57.875298617520308 148.2819177749148 220.08812916847174
57.327878800905111 148.37768413219496 219.86194263220074
56.830563620150983 148.56981705161652 219.58669265079101
56.322458833479004 148.80255463738237 219.36837466726033
55.814354046807033 149.03529222314822 219.15005668372959
55.321496976453034 148.93924536959599 218.82162570144447
54.838042470492596 149.16819345213071 218.54986382742564
54.331460120009147 149.34309899414717 218.28008174212232
53.824877769525685 149.51800453616357 218.01029965681906
53.310710115982445 149.68039845133561 217.74712701317054
52.816957079593791 149.88432880935085 217.47395976012439
52.336205323552932 150.09860032998947 217.18592249776617
51.814186655415767 150.2302486424382 216.92103529168457
51.292167987278617 150.36189695488693 216.65614808560298
50.787083132102559 150.56500518242234 216.4038856488844
50.284638812524349 150.72743729377407 216.11899002777832
49.762926274328464 150.79563181106047 215.83060567435172
49.241213736132607 150.86382632834685 215.54222132092505
48.793391052824823 151.18763370631464 215.30854713260155
48.291418960401032 151.37476689971149 215.0383524132661
47.789446867977247 151.56190009310836 214.76815769393062
47.287474775553427 151.74903328650527 214.4979629745952
46.769738021000947 151.88358611279546 214.22622009994566
46.252001266448467 152.01813893908565 213.95447722529616
45.734264511896001 152.15269176537586 213.68273435064663
45.238985128172786 152.36540574270049 213.41919859233386
44.743705744449578 152.57811972002509 213.15566283402103
44.216360761171707 152.62245510502856 212.8729233032719
43.689015777893886 152.66679049003204 212.59018377252264
43.233892687775565 152.98402897093271 212.36166086540615
42.732141291124393 153.1533090115245 212.0795442160998
42.230389894473213 153.32258905211626 211.79742756679343
41.728638497822033 153.49186909270801 211.51531091748706
41.177415696307285 153.5757248130995 211.29367689201294
40.691306569167459 153.77819753814464 211.00609609967077
40.194621619276845 153.96939753144733 210.72906429082349
39.697936669386237 154.16059752475002 210.45203248197618
39.205002928480923 154.4072615090725 210.21502360890335
38.695135000126342 154.53565508810982 209.92597381302488
38.18526707177179 154.66404866714714 209.63692401714633
37.674323656445083 154.86391548842329 209.39404528179216
37.159314478762113 154.98244168813653 209.10993775481717
36.662770567537414 155.18676310938591 208.8421749847308
36.151810724734567 155.3713762047675 208.58754182888396
35.640850881931684 155.55598930014907 208.33290867303717
35.137439117683691 155.65587013853084 208.02210260208477
34.641284867892246 155.87113892870238 207.76231363312732
34.122496088638243 155.98349914146755 207.4826113179644
33.603707309384241 156.09585935423272 207.20290900280142
33.090135907592369 156.24412891390153 206.93040110761831
32.576564505800498 156.39239847357035 206.65789321243514
32.007539565068939 156.32123265538132 206.48141079646425
31.450989437800011 156.41817833584042 206.27928833141578
31.068045918328487 156.65745744928762 205.88419370127932
30.572954760647086 156.85049082491392 205.60558490479215
30.077863602965682 157.04352420054016 205.32697610830502
29.686446484110554 157.44454663634531 205.11256145151106
29.181990305718891 157.62250880314306 204.84080157354683
28.643423873372058 157.67431765391126 204.58145230917293
28.104857441025224 157.72612650467946 204.32210304479904
27.67948501792322 158.05973581245601 204.06178951954695
27.180447384269694 158.21523189278071 203.76720097733738
26.677178875465689 158.3934813468563 203.49343476289897
26.17391036666168 158.5717308009319 203.21966854846056
25.608591803712823 158.67111931760766 203.0449206010093
25.174381457958823 158.88639098355225 202.69119827278891
24.663741610059819 159.05839952293013 202.42726644803344
24.148382345729736 159.18385815763261 202.14679370488759
23.611054784062283 159.31556861980596 201.91456225648625
23.073727222394826 159.44727908197933 201.68233080808491
22.742054301621639 159.72822584304745 201.26873439723116
22.147302209079463 159.80387610551657 201.24534666102059
21.552550116537283 159.87952636798568 201.22195892480997
21.295373605580789 160.10890357196337 200.73079058247953
20.822186783481953 160.29145627663189 200.41021494177954
20.348999961383118 160.47400898130036 200.08963930107953
19.835673523688293 160.64512592276827 199.83038081866053
19.322347085993464 160.81624286423622 199.57112233624153
18.83809249690167 161.01969141086212 199.28111167812818
18.301715275152958 161.15193845342074 199.0469959039402
17.804158445327708 161.32732640469257 198.76120530290001
17.349063582879303 161.66295729225934 198.56060477078651
16.826646450656412 161.68664550200444 198.26646329346806
16.304229318433514 161.71033371174954 197.97232181614962
15.814407895969799 161.92742703661298 197.70223763965021
15.289114816720382 162.03123950940048 197.43151610118974
14.782163385071314 162.19570492980583 197.15592333742433
14.275211953422252 162.36017035021115 196.88033057365891
13.785006759869418 162.59247110883805 196.62394175612741
13.271782402618848 162.73463552358069 196.34755427756585
12.763885851119593 162.88992886698389 196.06840365429977
12.248060174065142 163.02250790748093 195.79209464447166
11.754921721540491 163.24475181609628 195.53243696265775
11.261783269015842 163.46699572471161 195.27277928084385
10.744540075565396 163.60825389240955 195.00351062524538
10.227296882114953 163.74951206010746 194.73424196964692
9.7229990611761927 163.91842661847051 194.45648023763647
9.2187012402374293 164.08734117683358 194.17871850562605
8.7182085159127958 164.24572159729959 193.88816270150039
8.2177157915881587 164.40410201776558 193.5976068973747
7.7122212765193243 164.09832657148655 193.49283728494729
7.2053944470224618 164.31679878298092 193.25747276402936
6.7884450176719868 164.66014019660571 192.99618777201022
6.3714955883215181 165.00348161023049 192.73490277999105
5.7814605427448056 165.0364639391951 192.63112026235268
5.273665199976592 165.29639068026046 192.44515795665058
4.7658698572083669 165.55631742132584 192.25919565094847
4.5279907632625607 165.64443386677257 191.71545947530316
4.1745940260641659 165.72716209806316 191.23768674074722
3.638272593175369 165.76814073751092 190.97182950136278
3.0984175217334013 165.98504938876309 190.82517637711939
2.5693951775401453 166.12582633059358 190.5795807501365
2.040372833346896 166.26660327242408 190.33398512315358
1.5957922353783578 166.56902687119418 190.06773700801119
1.1405870427831744 166.67559459305372 189.83932108323717
0.68538185018799103 166.78216231491325 189.61090515846311
