103.05741085902443 113.25348293888194 366.8469406535657
86.852115853090751 89.644570434375439 412.48912199384688
103.05741085902443 113.25348293888194 366.8469406535657
102.78127282124088 112.94699571322947 367.2826164098351
102.53796088808031 112.76801288082672 367.80104137922484
102.3522100406512 112.48150643981566 368.29440806024269
102.1664591932221 112.19499999880459 368.78777474126048
101.9879486513552 111.84822431698663 369.24371400579264
101.73968377336118 111.89217987150383 369.7881701193424
101.66894312510298 111.42999517147575 370.16417685298421
101.45099359302252 111.21069463951127 370.67838039064804
101.24371719682146 110.93679510494096 371.17033114076446
101.0364408006204 110.66289557037058 371.66228189088076
100.93245144880544 110.36059788405899 372.17002427000602
100.73998984858481 110.1331076093775 372.6907993724887
100.56459625617589 109.80324837343287 373.16029907664614
100.41165484074766 109.61237145552903 373.70818129542891
100.25871342531946 109.42149453762518 374.25606351421169
100.05747470400749 109.1082950126392 374.72660472876498
99.856235982695537 108.79509548765323 375.19714594331833
99.688394899435636 108.59119822374012 375.7358993902111
99.542353247205284 108.25272032648972 376.209296209895
99.373676808148119 107.97587564419123 376.71417766210936
99.205000369090925 107.69903096189273 377.21905911432361
98.999780894937558 107.42483777066278 377.71170813879377
98.794561420784149 107.15064457943284 378.20435716326386
98.696089858532972 106.93667981081526 378.75619267246771
98.572727804213756 106.60026954184805 379.23745137055801
98.44936574989454 106.26385927288081 379.71871006864825
98.301815529178697 105.98764166309192 380.23050374231883
98.154265308462854 105.71142405330303 380.74229741598941
97.972987842160293 105.51557606558474 381.27968186488761
97.791710375857718 105.31972807786642 381.8170663137858
97.631856134462538 104.86018765234887 382.1681634781479
97.460939900847762 104.66752075171742 382.71007408561741
97.331668703949873 104.34074092747915 383.19639075623792
97.20239750705197 104.01396110324087 383.68270742685843
96.991952622419859 103.92448955912508 384.23742158146933
96.845797313852088 103.54454365284785 384.67819332974801
96.701158681110414 103.23354867740247 385.17049587002822
96.514429490460984 103.01458359478531 385.69698091440637
96.327700299811553 102.79561851216815 386.22346595878452
96.144137932135806 102.6713014620502 386.78100531006231
95.977164576922263 102.44750927292273 387.31207682571181
95.810191221708749 102.22371708379526 387.84314834136131
95.643217866495235 101.99992489466779 388.37421985701081
95.445471566421162 101.59193293038309 388.76720708057684
95.247725266347089 101.18394096609842 389.16019430414286
95.050605189982591 100.95922377235738 389.68043065267227
94.85348511361812 100.73450657861636 390.20066700120162
94.675869441531205 100.46470472910022 390.70629496228253
94.49825376944429 100.19490287958406 391.21192292336337
94.297762710615302 99.928959453022316 391.71099949985057
94.114053795238561 99.60366341886089 392.18050298713257
93.930344879861806 99.278367384699465 392.65000647441451
93.6429284835571 99.143166144526759 393.15903735735873
93.506817377978265 98.769635131883817 393.60842399437865
93.370706272399431 98.396104119240874 394.05781063139852
93.181771874500896 98.181802360084149 394.58542654218314
92.992837476602361 97.967500600927423 395.11304245296776
92.817166124200469 97.622677642810984 395.57155821442109
92.641494771798591 97.27785468469456 396.03007397587442
92.470065730682364 97.156004279303943 396.59200329755828
92.318021450155157 96.890386830377352 397.10807490846577
92.146129430269582 96.587285219875042 397.59652403295115
91.974237410384021 96.284183609372775 398.08497315743659
91.791229149794034 96.087822870380407 398.62158329220694
91.644863932211905 95.840819189879682 399.14842900482233
91.445297098438147 95.619741472112096 399.6692914833751
91.25184595323401 95.402887375327253 400.19422095971152
91.123503890219197 95.089250313205625 400.68935741375708
90.995161827204385 94.775613251084025 401.18449386780264
90.763593738318193 94.620833293299242 401.71592531670058
90.534730873822227 94.601507575059969 402.27022515060747
90.447319266919834 94.204535737797102 402.71155560661396
90.359907660017441 93.807563900534234 403.15288606262044
90.075304268697423 93.781233282138516 403.68043474111755
89.89861652532511 93.485469719955276 404.17166315705731
89.732334197298883 93.214125347299927 404.68031079424287
89.543189001004734 93.037922602043437 405.2217687217709
89.354043804710585 92.861719856786934 405.76322664929887
89.15905445473858 92.595674685263845 406.2644243349547
88.964065104766547 92.329629513740755 406.76562202061052
88.880625275827128 91.85540985539707 407.12360737029258
88.67444207156268 91.826313389755029 407.68631678194868
88.468258867298232 91.797216924113002 408.24902619360483
88.476928245811337 91.42154063466927 408.71677844365388
88.150809304331844 91.164382980954912 409.1498100558307
87.995763282989486 91.060162571988116 409.71998444811845
87.840717261647143 90.955942163021319 410.29015884040621
87.737716599641672 90.659466141372661 410.80152253897484
87.443757366195783 90.305630832304118 411.18673487409444
87.149798132749908 89.951795523235603 411.57194720921404
87.000956992920322 89.798182978805514 412.03053460153041
86.852115853090751 89.644570434375439 412.48912199384688
