-56.704190126849781 -18.74979662124359 186.200581277586
-123.07057508248928 -17.947081613484741 96.144664376854692
-56.704190126849781 -18.74979662124359 186.200581277586
-56.991459716149755 -18.810875506733971 185.67737428909035
-57.278729305449737 -18.871954392224353 185.15416730059471
-57.565998894749711 -18.933033277714735 184.63096031209906
-57.747114655336041 -19.012002190228323 184.06442611884711
-58.274284687691605 -18.888847414789446 183.8057281129158
-58.667864286035652 -18.986161174451521 183.36343281342937
-59.011443761072471 -18.957324131136954 182.87239150226881
-59.35502323610929 -18.928487087822386 182.38135019110823
-59.692532335570228 -18.938226467554145 181.88537362688015
-60.030041435031173 -18.947965847285904 181.38939706265205
-60.361607441940507 -18.985184611913748 180.89072006636911
-60.677786441494526 -18.896124580498032 180.38862530335592
-60.983913372568189 -18.923171483974247 179.87330524059516
-61.316713506794621 -18.993993923772248 179.37911069117163
-61.669605767153222 -18.95375499400523 178.89553248538667
-61.977700319262546 -18.979065738281825 178.38129799297613
-62.305395822770365 -18.97239848428466 177.87873336558488
-62.633091326278169 -18.965731230287492 177.37616873819363
-62.964765443001831 -18.896394153871551 176.88100750169619
-63.288626699696941 -18.883277667964133 176.37608984087484
-63.612487956392044 -18.870161182056716 175.87117218005352
-63.943620139098144 -18.836860353994698 175.3719302222548
-64.274752321804243 -18.803559525932677 174.87268826445612
-64.587667353849895 -18.855168163049996 174.36335464952896
-64.900582385895547 -18.906776800167314 173.85402103460177
-65.287441191954358 -18.765130266574978 173.41781406114077
-65.560212929765683 -18.849430524734125 172.89009344800758
-65.91022861413515 -18.924386683344395 172.40856401486587
-66.238388938187455 -18.832814596184072 171.9146760168633
-66.568452543221582 -18.774621221370321 171.4170099161897
-66.898516148255709 -18.716427846556577 170.9193438155161
-67.232174925870737 -18.760414298258237 170.42261752047312
-67.550450003708562 -18.784777493068741 169.91457479631896
-67.868725081546387 -18.809140687879246 169.40653207216485
-68.225534867165067 -18.737494034182664 168.92950635598089
-68.556959574705729 -18.657929385531457 168.43571780820301
-68.893573806312745 -18.669723743501095 167.93917802913217
-69.23018803791976 -18.681518101470736 167.44263825006135
-69.554242922541931 -18.631821113809849 166.94012592069026
-69.863270807821621 -18.715464181335008 166.4326758212967
-70.173999308385746 -18.682711796707785 165.92045020671031
-70.507020170360164 -18.667003023920063 165.42160119152908
-70.840041032334554 -18.651294251132345 164.92275217634779
-71.176564598547557 -18.649633173257644 164.42601368357359
-71.503681304156871 -18.645224830502677 163.92304725584162
-71.857771294586783 -18.607477033289779 163.44014417810973
-72.211861285016695 -18.569729236076878 162.95724110037787
-72.520278483037004 -18.639263553446071 162.44729619092851
-72.835615747354481 -18.568143865932754 161.94182176053584
-73.122713288709335 -18.636153456951952 161.41937588077661
-73.409810830064188 -18.704163047971154 160.89693000101738
-73.852291475812166 -18.507772202751667 160.542470533585
-74.161383138400112 -18.52736495184077 160.02858487674902
-74.470474800988043 -18.546957700929873 159.51469921991304
-74.820052215323628 -18.601218232997699 159.03008450073278
-75.139385334943626 -18.569408573071989 158.52311852135233
-75.50422298322664 -18.521301171978131 158.0492206754453
-75.792545798838873 -18.444017465620796 157.52874283467867
-76.08086861445112 -18.366733759263465 157.00826499391201
-76.467634713569808 -18.55461553279104 156.58980063013817
-76.841424958475017 -18.506166316239455 156.12296711995575
-77.177782863176276 -18.506503354252906 155.62611377504362
-77.514140767877535 -18.506840392266362 155.12926043013152
-77.861361020299313 -18.512311782384923 154.63996689839587
-78.208581272721091 -18.517783172503488 154.15067336666021
-78.535687367916864 -18.537072817718791 153.64805073279538
-78.877683041290126 -18.548133013809739 153.15518499909462
-79.23206903386685 -18.546972647197528 152.67102673797049
-79.586455026443588 -18.545812280585317 152.18686847684637
-79.954117578612596 -18.511402039614939 151.71396237300661
-80.309266471913318 -18.434540110116409 151.23650922621516
-80.532295020423959 -18.269244482039323 150.704592294836
-80.912505551240514 -17.987176667407585 150.33597636977976
-81.212647956696131 -18.455315115030039 150.11067450492959
-81.574082752214238 -18.445207519438107 149.63186063180126
-81.93551754773236 -18.435099923846167 149.15304675867296
-82.06444277415865 -18.659887490060804 148.611891664392
-82.477258011962292 -18.432450190337555 148.24060221647875
-82.775978748726104 -18.448401833765505 147.72049504819589
-83.14326742199539 -18.473293586182312 147.24670244467646
-83.526930438776986 -18.483381730741591 146.7855073461624
-83.865239054679279 -18.50782601018188 146.29058335441323
-84.221083647151602 -18.491359646886259 145.80777543723701
-84.576928239623925 -18.474893283590642 145.32496752006082
-84.930740334482223 -18.423256795045518 144.84314735175866
-85.284552429340522 -18.371620306500393 144.36132718345652
-85.624804974643439 -18.370883624187634 143.86713323092971
-85.965057519946356 -18.370146941874882 143.37293927840292
-86.345773917299411 -18.372793461925063 142.90920657444715
-86.716482309075317 -18.339906755575424 142.4385753464008
-87.067019880263587 -18.355475095270101 141.95187108508335
-87.418517395054977 -18.323494587543451 141.4666631459263
-87.770014909846338 -18.2915140798168 140.98145520676925
-88.104803274611257 -18.245612014462939 140.48566316244597
-88.479999504840109 -18.280329683089548 140.01873439667202
-88.855195735068975 -18.315047351716153 139.55180563089806
-89.221177160107629 -18.280493269712142 139.07760776930067
-89.591472879887618 -18.241574615820475 138.60711184127166
-89.967233634167144 -18.188880741727825 138.142324566084
-90.342994388446641 -18.136186867635178 137.67753729089628
-90.702133444501627 -18.146728961871776 137.19700841282022
-91.061272500556612 -18.157271056108371 136.71647953474417
-91.446054938244032 -18.131687101565298 136.25681885890026
-91.821857576561655 -18.047810360667683 135.79666989457468
-92.190649603610638 -18.058526357317 135.32351282953081
-92.566134591915613 -18.111635424516038 134.85854998097315
-92.8513693415521 -18.12761999296135 134.33092735904398
-93.241113980172841 -18.079655432088629 133.87727714404713
-93.613498046534346 -17.972467420321586 133.41919326826292
-93.985882112895851 -17.865279408554525 132.9611093924787
-94.288459443251469 -17.927255160928993 132.44671074816429
-94.591036773607058 -17.989230913303459 131.93231210384988
-94.976723623629795 -18.03632208325919 131.47511622085034
-95.340943446040257 -18.002458920410987 130.99951427892285
-95.705163268450733 -17.968595757562781 130.52391233699535
-96.074866079652409 -17.890207193216121 130.05789188211244
-96.446814084474553 -17.837864819256872 129.59000839490957
-96.818762089296712 -17.785522445297634 129.12212490770668
-97.133480632012891 -17.863321238923906 128.61724909467847
-97.448199174729069 -17.941120032550181 128.11237328165024
-97.860960779881452 -17.854953198018613 127.68552069124128
-98.263611904616198 -17.85186434594349 127.24070327842711
-98.666263029350944 -17.848775493868374 126.79588586561292
-99.187786694102655 -17.56533727052604 126.70827399054747
-99.289663948105186 -17.360708593377218 126.15352347941186
-99.437145329100218 -17.419769523822275 125.57493809353113
-99.789698288733604 -17.536013909547439 125.10356387548234
-100.19755815519358 -17.756826165425863 124.72291669371801
-100.53322102077644 -17.787450711484077 124.2265372241109
-100.8688838863593 -17.818075257542294 123.73015775450378
-101.26503670414814 -17.726919329166634 123.28884885851376
-101.66118952193699 -17.635763400790974 122.84753996252373
-101.97487141238165 -17.655454075375864 122.33644706593695
-102.28855330282627 -17.675144749960758 121.82535416935016
-102.71773190396743 -17.686066748002212 121.40620450839205
-103.07941133231498 -17.699848863109096 120.92766710712297
-103.44109076066249 -17.713630978215981 120.44912970585385
-103.80224983285802 -17.692840346818375 119.97045249288362
-104.16340890505357 -17.672049715420773 119.4917752799134
-104.5056886425984 -17.674833070745478 118.99899050518979
-104.84796838014327 -17.677616426070184 118.50620573046622
-105.17503824735711 -17.669833365057862 118.00324974240962
-105.57261883662864 -17.71900828787394 117.55658263818036
-106.00948951254725 -17.750764256370157 117.14653926122216
-106.41811789293293 -17.752980105034165 116.70720119462869
-106.82674627331858 -17.755195953698173 116.26786312803522
-107.17379716930846 -17.734246214250529 115.77886743888276
-107.5381621095934 -17.754326145914892 115.30259547179303
-107.91196415580548 -17.745850991321696 114.83334052828972
-108.28601713915175 -17.688007114950928 114.36778875714481
-108.64975070933292 -17.758758610638434 113.89588610216052
-109.0112028840596 -17.77657592015154 113.41731022639256
-109.36914307033905 -17.726026690208187 112.93843279071787
-109.72708325661854 -17.675477460264837 112.45955535504319
-110.08128488135344 -17.737013427347215 111.97918619097206
-110.46375038993467 -17.734781650999746 111.5168928274895
-110.83754035809405 -17.747750923463698 111.04773096024626
-111.21133032625343 -17.760720195927647 110.57856909300304
-111.5786279821973 -17.754512479518858 110.10417063580158
-111.94460379972654 -17.786396352225626 109.62978142887857
-112.31057961725578 -17.818280224932391 109.15539222195557
-112.70527239786747 -17.751613233428422 108.70843235666919
-113.0617098633664 -17.774329635160761 108.22631587875017
-113.41200855964408 -17.811298659203239 107.74059567673309
-113.76230725592177 -17.848267683245716 107.25487547471603
-114.12836803961962 -17.775180263513498 106.78513327763831
-114.50945080076379 -17.70890693268894 106.32645716666222
-114.89053356190796 -17.642633601864375 105.86778105568612
-115.26901465459582 -17.710893175369897 105.4072458310804
-115.66877936705949 -17.729831401022359 104.96022288057563
-116.03245331385283 -17.73694031394928 104.4830533889055
-116.41255501824625 -17.72272866950226 104.01902674799001
-116.79265672263971 -17.708517025055237 103.55500010707453
-117.15734197869548 -17.63340995271766 103.08450718289775
-117.52202723475128 -17.558302880380076 102.614014258721
-117.89658987059131 -17.60114661103767 102.14725174247114
-118.27115250643135 -17.643990341695261 101.68048922622128
-118.63669959642398 -17.600984021907017 101.20664771109605
-119.02390863906373 -17.61442476399186 100.7485118101341
-119.41111768170349 -17.627865506076699 100.29037590917217
-119.80170694665915 -17.595476639998626 99.836073160495062
-120.17648363878591 -17.624388224780589 99.368412438064894
-120.55126033091267 -17.653299809562551 98.900751715634712
-120.96835834182143 -17.695425044618627 98.471502704142054
-121.3830181653165 -17.975115862067682 98.14009619030486
-121.87954410744396 -18.078740660307208 97.819590511752594
-122.35083790758706 -18.202219426974306 97.469397496218249
-122.82213170773018 -18.325698193641408 97.119204480683919
-122.94635339510974 -18.136389903563078 96.631934428769299
-123.07057508248928 -17.947081613484741 96.144664376854692
