67.319675353632888 191.93713512888399 368.9047138131761
72.385720922738273 169.14463816688419 397.06214465299473
67.319675353632888 191.93713512888399 368.9047138131761
67.34355778567803 191.33809983451971 368.88049924017685
67.367440217723171 190.73906454015545 368.85628466717759
67.391322649768327 190.1400292457912 368.83207009417828
67.40726957962201 189.90447043218637 369.38366572574307
67.423216509475679 189.66891161858155 369.93526135730781
67.401045555195665 189.36026709999368 370.4493109754693
67.378874600915637 189.05162258140578 370.96336059363074
67.3165486987115 188.80021076800503 371.50456996346554
67.502672563648929 188.2843380835067 371.74794884564153
67.561593228210768 187.94000066423169 372.23576038401944
67.620513892772564 187.59566324495677 372.72357192239741
67.789881164564207 187.25375042458438 373.18661657522352
67.923664408347506 186.73673999588024 373.46011659404252
68.057447652130804 186.2197295671761 373.73361661286151
68.213580843208945 185.87600073550476 374.19995652850412
68.312515498687148 185.60444363587291 374.72575941513077
68.422757988008044 185.28297723031034 375.22023483781931
68.533000477328926 184.96151082474776 375.71471026050784
68.629315838275915 184.66383318177458 376.22667839635187
68.725631199222917 184.36615553880137 376.7386465321959
68.841208466860081 184.15306448667846 377.28749450632961
68.847710415114832 183.80622662395317 377.77704656857532
68.85421236336957 183.4593887612279 378.26659863082102
68.994720247989932 183.17012194820597 378.77313811126027
69.135228132610266 182.88085513518408 379.27967759169951
69.210769481865128 182.59003118167567 379.79901845531271
69.286310831119991 182.29920722816723 380.3183593189259
69.213676547410671 182.0280610654923 380.84864605202102
69.358621435264283 181.7628319702188 381.36695532890644
69.503566323117894 181.4976028749453 381.88526460579186
69.471333412384723 181.02175949114729 382.24931695582046
69.591415852659424 180.70194829138177 382.74257247179793
69.711498292934152 180.38213709161624 383.23582798777545
69.734366319727144 180.22231271209932 383.81369754144873
69.819431331173973 179.82762539835261 384.25752844189958
69.809731393991328 179.68133092639201 384.83933926913846
70.034817465773301 179.12676045085612 384.88162222023789
70.094296606577046 178.91645955434507 385.44040282542733
70.162148227504673 178.59388091821958 385.94174021786171
70.2299998484323 178.27130228209415 386.44307761029614
70.403403099811698 177.77143009247561 386.7260247899199
70.576806351191067 177.27155790285707 387.00897196954361
70.536291057778371 176.67294025414009 387.00504492940627
70.576181340505528 176.07627385153293 387.05401399457821
70.616071623232671 175.4796074489258 387.10298305975016
70.65207814134051 175.15385451744959 387.60556495187166
70.688084659448364 174.82810158597334 388.1081468439931
70.79382418453946 174.93259251036577 388.68943919690435
70.899563709630556 175.03708343475822 389.27073154981565
71.036120378926185 174.45399425723753 389.23386303846587
71.207588487412309 173.95667156434018 389.52242642301337
71.350387331067139 173.48454388634224 389.86404601542449
71.493186174721956 173.01241620834429 390.20566560783556
71.29763287438459 172.846670745816 390.74814818670649
71.10207957404721 172.68092528328765 391.29063076557736
71.326407076234688 172.35907524577766 391.74460182755945
71.550734578422151 172.0372252082677 392.19857288954159
71.775062080609615 171.71537517075768 392.65254395152363
71.749806088170359 171.43715201368613 393.18353736929362
71.766246865351803 171.1438207307306 393.70668788232535
71.782687642533261 170.85048944777503 394.22983839535704
71.787785539771548 170.5034168717672 394.71924072312737
71.857409659297204 170.26467864213774 395.26527784612693
71.96405017703924 170.03009502101594 395.8071249875581
72.222888580339685 169.82795544899199 396.30926269217593
72.481726983640158 169.62581587696806 396.81140039679377
72.385720922738273 169.14463816688419 397.06214465299473
