-137.83247033457329 1.0674177636505235 430.63287742691136
-136.61159458797744 -21.492678901385887 468.35364675497419
-137.83247033457329 1.0674177636505235 430.63287742691136
-137.75155240426861 0.5077803278834716 430.83352196095922
-137.67063447396396 -0.051857107883571098 431.03416649500713
-137.51740267165502 -0.36598105645394963 431.52186123528611
-137.36417086934611 -0.68010500502434024 432.00955597556504
-137.32313950076414 -1.1271124409884052 432.40767753863986
-137.08891189741581 -1.6264974902190326 432.17155891922448
-136.85468429406745 -2.1258825394496421 431.93544029980904
-136.82812619460057 -2.7196024004965436 432.01785021396483
-137.06802629081602 -3.2429963714925307 432.18668947172455
-137.08581984497391 -3.8094085400406739 432.38382050619401
-137.10361339913177 -4.3758207085887886 432.58095154066359
-136.93854642700248 -4.9508646326706289 432.6265298259388
-136.77347945487321 -5.5259085567524711 432.67210811121402
-136.93704224612173 -6.0455783388891184 432.92348537918599
-136.97852931702909 -6.6403467568597261 432.9907858393052
-137.02001638793644 -7.235115174830332 433.05808629942459
-137.06150345884379 -7.8298835928009449 433.12538675954386
-136.6468910136827 -8.1869181087668075 432.87916963031319
-136.23227856852159 -8.5439526247326718 432.63295250108257
-136.07825798615988 -9.0949290455074738 432.81379122469878
-135.92423740379814 -9.6459054662822741 432.99462994831504
-135.77021682143646 -10.19688188705706 433.1754686719313
-135.84222872334479 -10.787787120516196 433.10033352001062
-135.91424062525311 -11.378692353975326 433.02519836808989
-135.99461957739302 -11.849918522944678 433.38780714036568
-136.07578805251495 -12.33565840248532 433.73054384407595
-135.64842025451702 -12.597020669015045 434.06076578591029
-135.22931433665187 -12.866787839954345 434.39479557963205
-134.9897268255443 -13.408498324476767 434.49043853797059
-134.80950044267234 -13.979916030540902 434.52206536381971
-134.63262697167315 -14.552563365400406 434.55018662152645
-134.3809583201309 -15.071827399232589 434.38578542627766
-134.23325803580209 -15.653254917937579 434.39704004762859
-134.46919771904535 -15.950818349692671 434.86157042333423
-134.7243209516177 -15.972982590107708 435.40417606525909
-134.97944418419007 -15.995146830522746 435.9467817071839
-135.17502189521423 -15.994328404330549 436.51401066371653
-135.36358255207222 -15.990865262050979 437.08360076662467
-135.5521432089302 -15.987402119771412 437.65319086953275
-135.70319608515413 -15.955883488979993 438.23300946573119
-135.854248961378 -15.924364858188577 438.81282806192957
-135.7969959027194 -15.849398076077341 439.40536672636773
-135.73974284406083 -15.774431293966106 439.99790539080584
-135.29186707997684 -16.088243550538998 440.24474373379735
-135.21374390581988 -15.893638001803106 440.80690514305707
-135.13562073166295 -15.699032453067208 441.36906655231678
-135.31566383383807 -15.508108871157356 441.90863366327693
-135.67089673405184 -15.11460124500147 442.1896342589398
-135.87859053447829 -15.348960248477775 442.70143416393586
-136.00783801003439 -14.87896523893931 443.05129096474337
-136.13708548559046 -14.408970229400888 443.401147765551
-136.08872037303303 -14.399970298960222 443.99912754542601
-136.37342123613431 -14.212656675378645 444.49294838841479
-136.32181274173684 -13.824889980245862 444.94789185023376
-136.27020424733936 -13.437123285113097 445.40283531205267
-136.43392195234969 -12.938159892624654 445.6930628883141
-136.59763965736002 -12.439196500136202 445.98329046457559
-136.70146508213932 -11.960592595364856 446.32992944609242
-136.47098426795179 -11.815368465472813 446.86452138990427
-136.24815566614842 -11.65855624041922 447.3990841460818
-136.39617934050221 -12.002217794600142 447.86811050782364
-136.4067165909421 -12.231440031184942 448.42249857822935
-136.41725384138198 -12.460662267769713 448.97688664863517
-136.30644389729116 -12.016837123657496 449.36513965602126
-136.35434202945879 -11.998501566016808 449.96294361741741
-136.39137774304086 -11.874572081148102 450.54883596136779
-136.42841345662296 -11.750642596279389 451.13472830531816
-136.46544917020503 -11.626713111410647 451.72062064926848
-136.49963150996976 -11.75961294174653 451.13652373715121
-136.51100956761357 -11.856863698124382 451.72848051782711
-136.52238762525738 -11.954114454502234 452.32043729850301
-136.53753630256199 -12.069311623758649 452.90907991484272
-136.5526849798666 -12.184508793015079 453.49772253118243
-136.64002918846117 -12.56067811775428 453.95692578503656
-136.82013530078427 -12.845702161049502 454.45323524802063
-137.00024141310735 -13.130726204344716 454.94954471100465
-137.18867678568787 -13.487992183635887 455.39322604980708
-137.10463510892589 -13.877580858787258 455.84173208182983
-137.02059343216391 -14.267169533938604 456.29023811385269
-137.48882468330942 -13.942456767137577 456.10229898932795
-137.99695298309649 -13.62588521157449 456.14214972537991
-138.05870402541001 -13.947947797448439 456.64460619071144
-138.12871367914698 -14.248054495051372 457.15942132106164
-138.19872333288401 -14.548161192654353 457.67423645141179
-138.25714369808625 -14.911196074008661 458.14835957450293
-138.22648142058964 -15.219045853680134 458.66244938951093
-138.19581914309302 -15.526895633351611 459.17653920451892
-138.43949851472149 -15.712011596546954 459.69263264955873
-138.72264484304506 -15.944078599871697 460.1679988901825
-138.87230749479789 -16.206321898777439 460.68648663627619
-139.02197014655081 -16.468565197683169 461.20497438236987
-139.17962267325791 -16.520847097724992 461.78152644745239
-139.33727519996501 -16.573128997766823 462.35807851253492
-139.06891583833328 -17.029070939676046 462.64109829741335
-139.4400907180364 -17.269286831432716 463.04671576994741
-139.17366177637831 -17.554057426629491 463.50269968102128
-138.92546410789339 -17.876456445339691 463.94367223129331
-138.67726643940847 -18.198855464049913 464.38464478156521
-138.57351659680532 -18.645420991601583 464.77170446657811
-138.57418384219662 -18.944344212396491 465.29193947390957
-138.57405613394795 -19.24455029055914 465.81143566670107
-138.42524073144256 -19.527382404661441 466.31923481125489
-138.35210900144421 -19.82857949015564 466.83297800172778
-138.27897727144585 -20.129776575649849 467.34672119220068
-137.93125521963623 -20.548310248784656 467.59954314365575
-137.82919964891187 -21.09995764894845 467.81231016736166
-137.3900687481468 -21.191377760847534 468.21081539334193
-136.61159458797744 -21.492678901385887 468.35364675497419
