-167.96018096343613 -129.37092325587849 500.95255104418322
46.948966439593285 -171.79643787510344 83.786072220380262
-167.96018096343613 -129.37092325587849 500.95255104418322
-167.65616242790745 -129.24620825070929 500.45053620621457
-167.33345783165822 -129.2993695844917 499.94750974950466
-167.13171672791174 -129.31624765912903 499.38269503859874
-166.91153534306693 -129.32826224422382 498.82468445849042
-166.70008048794284 -129.08885163525002 498.31677757277691
-166.49310527494723 -129.19004317344528 497.76277257839229
-166.33474202073779 -128.90707208568216 497.2579474173649
-166.44762456250709 -128.81766911968367 496.67548313396691
-166.26505166672254 -128.82381337855088 496.10396814220564
-166.03160484237367 -128.84800472566332 495.55177491612778
-165.90103187783745 -128.76055281700593 494.97272149492693
-165.38413170206428 -128.61119519077266 494.70719087941978
-165.30260319459242 -128.60488865719645 494.11278922220163
-165.07189713507702 -128.56905934945681 493.56007684237846
-164.91008959100989 -128.66089568608845 492.98965208313587
-164.74828204694273 -128.7527320227201 492.41922732389321
-164.47117266599082 -128.62163394111695 491.90345248543326
-164.34795820855632 -128.46630158757088 491.3371574585957
-164.13942771321732 -128.50748724770168 490.7760703228376
-163.96164763095098 -128.43341893326689 490.20782026595577
-163.80260881891707 -128.38863364892501 489.6310179301654
-163.48626371410924 -128.30739916269536 489.12770219137803
-163.16991860930241 -128.22616467646645 488.62438645258982
-163.04529905505095 -128.05315735401035 488.06354919181376
-162.84644757439398 -127.93766743102474 487.50936495680764
-162.4692218138951 -128.12759404081237 487.08318587647801
-162.25855269476614 -128.0472521269748 486.52716096774964
-162.04788357563717 -127.96691021313727 485.97113605902132
-161.81821437420979 -127.71348632807499 485.47815695967165
-161.57527177929927 -127.69489457848847 484.9298566382916
-161.33514107717664 -127.79362795730556 484.38894170430893
-161.09501037505407 -127.89236133612265 483.84802677032633
-160.79563382150516 -127.71554992548211 483.3590365820275
-160.49625726795622 -127.53873851484154 482.87004639372873
-160.36108951579587 -127.4543501182889 482.29159304444011
-159.96298457541405 -127.52012942846201 481.8475372610111
-159.85831522431425 -127.54773215108526 481.25738269088208
-159.62730268655622 -127.36628558940345 480.73420934231353
-159.39041771648292 -127.23325210973724 480.19924429276233
-159.15353274640952 -127.10021863007096 479.66427924321124
-158.86864806134969 -127.09554246599751 479.13624624262519
-158.6327297642998 -127.05589116173078 478.58600054188139
-158.46850054287796 -127.03506293129729 478.00929008797209
-158.10870417741387 -126.9205875227486 477.54298336891645
-157.93571815898196 -126.95879561930879 476.96973300582511
-157.68343711472284 -126.95282147836392 476.42538147937603
-157.43115607046371 -126.94684733741903 475.88102995292695
-157.16789806371801 -126.94505317024841 475.3418713465332
-156.97495742284008 -126.78247090926493 474.7974993069214
-156.70800460002403 -126.73069665006457 474.26265763270857
-156.46712700784278 -126.67582176702817 473.71587912837913
-156.18934029074876 -126.68193472906187 473.18409235578946
-155.94901032999201 -126.601692042076 472.64021496046223
-155.69143028193145 -126.51978844820349 472.10454312047824
-155.45167989170369 -126.43241444778437 471.56150948023452
-155.23293922186321 -126.46193187214899 471.0035836419579
-154.9662066038974 -126.49047933939453 470.46689122294401
-154.72049594402361 -126.29537928074267 469.95545966472883
-154.48995740350648 -126.33836911934104 469.40318812362477
-154.25306012507451 -126.26545843491081 468.85677828516339
-154.01616284664254 -126.19254775048061 468.31036844670189
-153.7808266557615 -126.18162767793611 467.75855540836631
-153.54549046488046 -126.17070760539158 467.20674237003061
-153.30678355170548 -126.09315335851974 466.66176131678685
-153.02714329511053 -126.10145439877481 466.13097659618705
-152.83874067254317 -126.04276966916291 465.56435454020959
-152.52971133874706 -125.94318630093059 465.05979133938627
-152.37106873743014 -126.03606023085743 464.48864603546843
-152.09320077047676 -126.01892658010729 463.95714266675549
-151.81533280352332 -126.00179292935715 463.42563929804265
-151.61432923663887 -125.87354967912135 462.87504758463911
-151.41332566975447 -125.74530642888558 462.3244558712355
-151.18087035720984 -125.99798670075833 461.83240180116184
-150.94148779659005 -125.93916323962529 461.28537731350934
-150.70210523597027 -125.8803397784922 460.73835282585685
-150.45280003458157 -125.93279910452459 460.19512641295631
-150.20349483319285 -125.98525843055695 459.65190000005578
-150.03091501301625 -125.79341246528293 459.11022543790995
-149.79395240441494 -125.81679753102654 458.55949695596536
-149.54581787546297 -125.83417839343329 458.01348673521505
-149.29401990532517 -125.81794770764307 457.46912073051487
-149.05472592142735 -125.75997750982454 456.92196641459003
-148.81543193752947 -125.702007312006 456.37481209866519
-148.57656932478943 -125.72017791919276 455.82470803462877
-148.33196318003849 -125.69172691339278 455.27757151216008
-148.08735703528748 -125.66327590759283 454.73043498969156
-147.8660267228056 -125.56866209795433 454.18083411650957
-147.61880695146135 -125.50028200411887 453.63842601606905
-147.38583026725161 -125.47024080367461 453.08632150522845
-147.13696337161255 -125.46953200033241 452.54036842496163
-146.88809647597347 -125.4688231969902 451.9944153446948
-146.69297567199612 -125.50291518727113 451.42805361571419
-146.42857015070223 -125.37224137279375 450.9055461281896
-146.18318373093905 -125.32352918228398 450.36019062258657
-145.93779731117587 -125.27481699177422 449.81483511698355
-145.73448061606453 -125.17147835466976 449.25987255286736
-145.47042870386844 -124.94529664851822 448.77087518736528
-145.22517140263514 -125.12814200955347 448.25471975521361
-144.97991410140185 -125.31098737058872 447.73856432306195
-144.77367039593071 -125.09241082889994 447.21924955398936
-144.54117978808949 -125.03404213373088 446.66921208918365
-144.30868918024825 -124.97567343856178 446.11917462437793
-143.9977456441639 -125.1181140181792 445.62619916997318
-143.7437100944361 -124.99753098929872 445.09617495107324
-143.48967454470829 -124.87694796041824 444.56615073217324
-143.22048371228237 -124.91470638617277 444.03125766152982
-143.00484148777076 -124.83716186905545 443.47674410996171
-142.78919926325915 -124.75961735193812 442.92223055839349
-142.57355703874754 -124.68207283482074 442.36771700682539
-142.22213651568541 -124.87670568321573 441.92204709501129
-141.95573531390505 -124.97864708946602 441.39418503975287
-141.65419022639821 -124.79207999518079 440.91017751963517
-141.44248154685829 -124.7760647536317 440.34899756004506
-141.19190322543577 -124.84616759293256 439.80835341020622
-140.86513767009956 -124.85315480653362 439.30518797946604
-140.6059260302097 -124.89778232876752 438.76591280851443
-140.37063670959543 -124.97263837083688 438.21907141599684
-140.220039606905 -124.88666378207563 437.64467705430053
-139.93758881712139 -124.92514564015042 437.11671806162241
-139.65513802733781 -124.96362749822519 436.58875906894428
-139.40262608627256 -124.90991161719126 436.04713897723406
-139.13690985415644 -124.99036842793092 435.51523524008263
-138.87119362204029 -125.07082523867057 434.98333150293121
-138.65783731854157 -124.98693775275099 434.4288569972382
-138.43800632463353 -124.96706559189265 433.87093278075338
-138.21817533072547 -124.94719343103432 433.3130085642685
-137.92348840678866 -124.92669345535089 432.79076401632409
-137.62880148285188 -124.90619347966746 432.26851946837968
-137.34788473085379 -124.83331384100453 431.7433772621963
-137.06696797885576 -124.7604342023416 431.21823505601276
-136.82871900174285 -124.66844674914519 430.67530252488297
-136.58473614144432 -124.71959022094003 430.1295400223479
-136.34075328114577 -124.77073369273489 429.58377751981288
-136.09999719782911 -124.90858185307798 429.05176775201153
-135.85924111451246 -125.04643001342109 428.51975798421017
-135.57495144865496 -124.97198839234122 427.99665394968395
-135.29066178279749 -124.89754677126135 427.47354991515778
-135.03483706346617 -124.94736769066124 426.93311343510743
-134.77901234413486 -124.99718861006116 426.39267695505703
-134.54230413050828 -124.95593721946651 425.84288831896521
-134.30559591688163 -124.91468582887185 425.29309968287333
-133.99745404456169 -124.92097288468247 424.77830937658121
-133.73094069252221 -124.92863832957428 424.24080414484916
-133.46442734048276 -124.93630377446611 423.70329891311712
-133.18416671140469 -124.9338534402162 423.17278220682891
-132.90390608232661 -124.93140310596627 422.64226550054082
-132.65826500054709 -124.90270704767242 422.09560564726769
-132.41262391876757 -124.87401098937855 421.54894579399462
-132.10309827239954 -124.68589621840144 421.07060835328912
-131.93791829468628 -124.92995235372553 420.54796872814256
-131.63844212087812 -124.84357287091693 420.03527719683842
-131.33896594706994 -124.75719338810832 419.52258566553439
-131.11643243670019 -124.97637805311373 419.01029969130803
-130.85624204284821 -124.86153991451347 418.48198807789231
-130.56250680675581 -124.86243206825263 417.95880664173518
-130.26877157066343 -124.86332422199182 417.43562520557799
-130.01490699115524 -124.97786006961778 416.90417970989694
-129.76104241164705 -125.09239591724376 416.37273421421588
-129.54428488953801 -124.86618389955076 415.86102697402828
-129.22691854174971 -124.92119913104906 415.35481365378212
-128.99763738587586 -124.87423132999245 414.80234267968024
-128.69801477839411 -124.95248254423731 414.28843311511173
-128.39839217091236 -125.03073375848219 413.77452355054322
-128.12181598886687 -125.03063081101598 413.24207110672597
-127.84523980682141 -125.03052786354979 412.70961866290872
-127.52193743714845 -125.15458109735934 412.21963256826393
-127.25177983254477 -125.04613307798945 411.69498611991082
-126.93910681490256 -125.09519807585416 411.18525265031815
-126.62643379726038 -125.14426307371886 410.67551918072542
-126.37519506521153 -125.22658607308173 410.13690798209097
-126.09352290287981 -125.24837815005328 409.60758209159565
-125.7933202009355 -125.30945656873173 409.09168698160033
-125.51938221145767 -125.33110149608785 408.55831143375383
-125.23922105177579 -125.39603613080848 408.03172505164787
-124.90559442937349 -125.35815895921624 407.53447401173287
-124.62612978779998 -125.44602940405591 407.01085363490063
-124.38302209300757 -125.53800791697947 406.47007770913001
-124.04952159460063 -125.46168308366514 405.97717615974932
-123.76389576624453 -125.53541726219025 405.45470017265222
-123.38195239531055 -125.55141245111706 404.99224648272121
-123.01954254878986 -125.65859751446108 404.52623096222771
-122.65713270226914 -125.76578257780507 404.06021544173427
-122.50947569858961 -125.60090328929759 403.50253073736656
-122.22254894254461 -125.67290115999012 402.98052561930621
-121.93562218649963 -125.74489903068267 402.4585205012458
-121.64049386642394 -125.75796649261858 401.93628634291468
-121.34536554634822 -125.7710339545545 401.41405218458351
-121.08003484839585 -125.92337276556233 400.89791992693551
-120.73119116715949 -125.867490453286 400.41296090471189
-120.39560044065517 -125.91942471833815 399.91830779757737
-120.06000971415081 -125.97135898339033 399.42365469044296
-119.82919374501439 -125.99135859386266 398.87018924077819
-119.54265084640861 -126.07561397045444 398.34981034153844
-119.15968714173673 -126.05392886431643 397.8884335355807
-118.82506251275838 -126.2487732270956 397.43010828864976
-118.53248560390303 -126.21264351165692 396.90752490193819
-118.23990869504769 -126.1765137962182 396.38494151522656
-117.85189511358131 -126.19742467347109 395.92776737355825
-117.58876093455058 -126.1461187418499 395.39099171724894
-117.32562675551988 -126.09481281022872 394.85421606093962
-116.98315064631757 -126.33750210047738 394.42548301693171
-116.69070097595872 -126.34682189619744 393.90166402938473
-116.39825130559991 -126.35614169191747 393.37784504183776
-116.10440568155131 -126.43215746991154 392.86027731610187
-115.8105600575027 -126.50817324790565 392.34270959036598
-115.47243968247537 -126.47706952918604 391.84803073426519
-115.16849570568732 -126.54449512155807 391.33512543260849
-114.87018147913189 -126.58815944947636 390.81637496398019
-114.61870381640472 -126.77756792928872 390.30560748956111
-114.19886418212612 -126.5835305098678 389.92339791177267
-113.9252507340057 -126.69295755711343 389.40074946172348
-113.65479878331004 -126.74619165918102 388.86781243660516
-113.33266758918857 -126.7822374108755 388.36290432857101
-113.06192935379276 -126.81547279617273 387.82849229927251
-112.79119111839695 -126.84870818146999 387.29408026997402
-112.46692204490883 -126.90586057259854 386.79249959633574
-112.21540419127287 -126.98162037561565 386.25305615949628
-111.94519844583151 -126.95561433666175 385.71797435166837
-111.64633315397543 -127.00781451636269 385.200330962294
-111.34746786211936 -127.06001469606363 384.68268757291963
-111.06757008780178 -127.0930094122444 384.15300032119819
-110.7741224892987 -127.17498208087014 383.63611639947965
-110.50686912572519 -127.18443729973967 383.09900724996271
-110.23691978857987 -127.17038103696407 382.56334898497323
-109.9419967629411 -127.18322374745499 382.04099328840687
-109.70634326281856 -127.2738119964235 381.49669447614576
-109.47068976269603 -127.36440024539202 380.95239566388472
-109.1475882206136 -127.37206372340597 380.44687942813289
-108.82448667853119 -127.37972720141991 379.94136319238106
-108.6164383833833 -127.46846089370592 379.38562742896522
-108.40839008823544 -127.55719458599194 378.82989166554944
-108.12568627336358 -127.60369946598587 378.30271441908133
-107.84298245849175 -127.65020434597977 377.77553717261327
-107.59457231624492 -127.60116541453536 377.23158167403665
-107.3461621739981 -127.55212648309093 376.68762617546008
-107.00219736013688 -127.70888458191014 376.22167005598101
-106.90429220118006 -127.86497626211101 375.65066220382681
-106.7156513939382 -127.8432647681265 375.08150207093615
-106.33102723874417 -127.90652706724752 374.62536377967882
-106.09854275772162 -128.04798301325246 374.09062909647275
-105.86605827669902 -128.18943895925739 373.55589441326663
-105.55955574497827 -128.160996241399 373.0408728507573
-105.25305321325754 -128.13255352354065 372.52585128824791
-105.02729958571888 -128.13438409301497 371.96994486746422
-104.80154595818018 -128.13621466248927 371.41403844668054
-104.49537405321568 -128.2272585709384 370.90613119988768
-104.24609523158411 -128.35893365740586 370.37648816850731
-103.99431207313901 -128.3922701965455 369.83289464731558
-103.74252891469393 -128.42560673568511 369.28930112612386
-103.49804585881301 -128.42546606238798 368.74137045934373
-103.24738772044989 -128.44692725781627 368.19665960507047
-103.00343858761201 -128.57927377788306 367.66470733351423
-102.75800105220483 -128.61503750422017 367.11837284614251
-102.5150136920053 -128.69474826983472 366.57559910264672
-102.27202633180578 -128.7744590354493 366.03282535915093
-101.99525323225248 -128.80915170985386 365.50160688271558
-101.71848013269918 -128.84384438425843 364.97038840628022
-101.47657529496482 -129.00040634482531 364.44410863089058
-101.2009401634086 -128.96910247613624 363.91208857294436
-100.9737965385408 -129.13740284272319 363.38286200493343
-100.72779348084329 -129.21189331153889 362.84070550939077
-100.46836667183237 -129.31435702586685 362.30948152836908
-100.21621038895265 -129.36580587247789 361.76747578560742
-99.964054106072908 -129.41725471908896 361.2254700428457
-99.697459328103946 -129.45373452343497 360.68918984720676
-99.43086455013507 -129.49021432778088 360.15290965156771
-99.178170438594776 -129.60807695698415 359.62163374713566
-98.925476327054497 -129.72593958618745 359.09035784270355
-98.687386260320906 -129.85809198628667 358.55570948792177
-98.449296193587287 -129.99024438638594 358.02106113314005
-98.304101182140428 -130.11504921260408 357.45242929793949
-97.991089841234015 -130.1766921698179 356.94427179647965
-97.678078500327587 -130.23833512703172 356.43611429501982
-97.381574415661518 -130.30704825038836 355.91904192633729
-97.112560603468012 -130.33696808052488 355.3835642212797
-96.852099593553575 -130.39889991828392 354.84660564765778
-96.591638583639181 -130.46083175604298 354.30964707403575
-96.318765395920195 -130.60909172195858 353.79626689723619
-96.068689516336519 -130.73590532000711 353.26581391553049
-95.818613636752843 -130.86271891805566 352.73536093382484
-95.572747121244944 -130.85036263872647 352.18818913364396
-95.297719831379439 -130.96872369286615 351.6682365870667
-95.022692541513919 -131.08708474700586 351.14828404048944
-94.771487446040737 -131.16709919536669 350.60930937683463
-94.485018307850936 -131.18227526054017 350.08233203395292
-94.225162681762328 -131.28684075602479 349.55172755720571
-94.007822242262222 -131.48021184813848 349.02696975203014
-93.754871411489859 -131.59382767050676 348.49489144753056
-93.435327743093637 -131.59946057334955 347.98709216199205
-93.421101406483089 -131.6818675644592 347.39294849320231
-93.079215555954661 -131.78442290474538 346.91066593350598
-92.73732970542622 -131.88697824503157 346.42838337380965
-92.39544385489782 -131.98953358531776 345.94610081411332
-92.185501374987709 -132.08389858232232 345.39200749844389
-91.979569433051552 -132.19170302277274 344.83886173292672
-91.773637491115394 -132.29950746322314 344.28571596740954
-91.275339713076477 -132.11629626183998 344.00619319536901
-91.149205109406722 -132.35836034684405 343.47187583601391
-91.023070505736996 -132.60042443184813 342.93755847665881
-90.725633005565143 -132.67282523711532 342.42152644578454
-90.42819550539329 -132.74522604238254 341.90549441491032
-90.252315256986691 -132.66891079708745 341.33695055419594
-89.944609078756827 -132.83835208523857 340.85052835306931
-89.642045906068944 -132.94694218139884 340.3439084585242
-89.339482733381061 -133.05553227755917 339.83728856397903
-89.102746639252089 -133.07954938709781 339.28648987100132
-88.866062882756736 -133.1900074750809 338.74632340572384
-88.597271678688926 -133.29368628432076 338.22001361754735
-88.328480474621117 -133.39736509356061 337.69370382937086
-88.046343847179941 -133.50760325898125 337.17577867035573
-87.772088044673183 -133.53343698581457 336.64275299241024
-87.49783224216641 -133.55927071264787 336.10972731446475
-87.292185433866436 -133.83015487370707 335.61542865826254
-87.013350544060359 -133.90695017825666 335.08973522533233
-86.734515654254281 -133.98374548280626 334.56404179240212
-86.455680764448232 -134.06054078735588 334.03834835947185
-86.2484577923166 -134.23057393141841 333.50155475878239
-85.954508272242265 -134.22998485897935 332.97849325891673
-85.706446527853259 -134.33293954496807 332.44196208218642
-85.477394478898844 -134.42151288340881 331.89452265851725
-85.230604938617105 -134.56415797929012 331.36655741399017
-84.983815398335395 -134.70680307517145 330.83859216946308
-84.759936350808971 -134.68867396872523 330.28222043439905
-84.430477728898126 -134.85408108502446 329.80883105732539
-84.216507736851824 -135.01919871150068 329.27315110443323
-84.002537744805537 -135.1843163379769 328.73747115154106
-83.743338592866095 -135.19264392773582 328.19641066427306
-83.484139440926668 -135.20097151749476 327.65535017700506
-83.205850466347513 -135.33191683604949 327.14017198436079
-82.946432445704573 -135.45644406735067 326.61367862331036
-82.721118330432745 -135.56364117265286 326.06802091918246
-82.472996946653751 -135.69701900001289 325.53826046946926
-82.224875562874729 -135.83039682737294 325.00850001975613
-81.868532212747553 -135.81299541095342 324.52609292245478
-81.661248354481657 -135.85251801177662 323.96442454509446
-81.441754723114769 -135.99316423894379 323.42401619525793
-81.212283356915208 -136.08344814864824 322.87703200193698
-80.98281199071566 -136.1737320583527 322.33004780861597
-80.744276290335918 -136.25667892583226 321.7857863486359
-80.519069644488781 -136.40197625758617 321.24897106192032
-80.293862998641629 -136.54727358934008 320.71215577520479
-79.863399478955259 -136.54312391663427 320.2942036984835
-79.830963085398707 -136.5068335777782 319.69618121422496
-79.565383267873329 -136.62619965212244 319.17156792729941
-79.289521923230893 -136.71736548949974 318.64660192018334
-79.013660578588457 -136.80853132687704 318.12163591306728
-78.746521129526243 -136.79601894317392 317.58453261293892
-78.519843257980199 -136.92686754036964 317.04462911492908
-78.293165386434154 -137.05771613756536 316.50472561691925
-78.034254372349068 -137.18369442607221 315.97832789882932
-77.796667617640765 -137.18766130944698 315.42738616159801
-77.556289739590028 -137.31712869415182 314.89310470764184
-77.311685774111623 -137.46879790818485 314.36663975193557
-77.067081808633233 -137.62046712221783 313.84017479622923
-76.802761318995408 -137.65090412663037 313.30239392308482
-76.538440829357569 -137.6813411310429 312.76461304994035
-76.292555999675614 -137.7212641540753 312.21876801445484
-76.046671169993658 -137.76118717710773 311.67292297896927
-75.778094739454076 -137.95631830779945 311.17313248006639
-75.509518308914522 -138.1514494384912 310.6733419811635
-75.271439907033795 -138.0537594118631 310.13133152623175
-75.04624464033121 -138.23474645722598 309.60546958497196
-74.789088966733374 -138.26433370759966 309.06417894755816
-74.477019280564576 -138.24783156431926 308.55198739135909
-74.390942653821142 -138.45431138581279 307.99524966347951
-73.943226502779865 -138.51096185170431 307.59984990018791
-73.77289933577066 -138.56837190156688 307.02740536806857
-73.602572168761469 -138.62578195142942 306.45496083594912
-73.316414050802095 -138.69198534502033 305.93176809689112
-73.030255932842721 -138.75818873861121 305.40857535783317
-72.787165961716042 -138.79755005915632 304.86143922085938
-72.544075990589377 -138.83691137970143 304.31430308388565
-72.319955655020777 -138.98443324980553 303.77763989991865
-72.05184325640127 -139.02972858440211 303.24279031884907
-71.787848232870203 -139.10936464535794 302.70990691195198
-71.523853209339137 -139.18900070631372 302.17702350505488
-71.276037365607635 -139.21405006168709 301.63116652983973
-71.045422536730968 -139.43003339938031 301.1210998689599
-70.799534555662177 -139.37665508071285 300.57640742742785
-70.547193975160241 -139.47686968580825 300.04135484649998
-70.294853394658318 -139.57708429090366 299.50630226557217
-70.007529880986425 -139.65261673214047 298.98501534955369
-69.798707300409902 -139.81088967356715 298.44525354481618
-69.500585229794666 -139.89856198482084 297.93199260060601
-69.193331008875134 -139.9444381022642 297.41867961073001
-68.985596087398704 -139.9956343021268 296.85812171762814
-68.799288489988925 -140.14103342306689 296.30662504966244
-68.554206643333913 -140.21582417034159 295.76409280862765
-68.309124796678901 -140.29061491761624 295.2215605675928
-67.971972909195159 -140.30384011481348 294.72542177761039
-67.78612396662578 -140.46672551026248 294.17867821935363
-67.548824666563263 -140.49656483415384 293.62840678002613
-67.227708807392702 -140.52955950966953 293.12264403290374
-66.980405203627797 -140.73135490119128 292.61458936308418
-66.794081693331989 -140.61841337824552 292.05554753825731
-66.515549232231947 -140.73052779116222 291.53607662807087
-66.237016771131891 -140.84264220407894 291.01660571788449
-66.019648432773337 -140.89425279570639 290.45975084243571
-65.802280094414797 -140.94586338733387 289.90289596698688
-65.595866177751461 -141.24322972042881 289.42439146444866
-65.389452261088138 -141.54059605352379 288.94588696191045
-65.121522591278207 -141.26911704528447 288.48273165305505
-64.720819603855347 -141.19311827432279 288.04266199642927
-64.532921463826256 -141.33852657272945 287.49170762832966
-64.285103866900613 -141.31886468651814 286.94563084903518
-64.069967195240139 -141.39445693807085 286.39065154850942
-63.854830523579679 -141.4700491896235 285.83567224798367
-63.604380384809112 -141.54068618554965 285.2950382287097
-63.292719193643009 -141.58394872707183 284.78416089076842
-63.001306998357073 -141.65747834750567 284.26486104736625
-62.706690860350193 -141.70637301811414 283.74446634868843
-62.41207472234332 -141.75526768872263 283.22407165001061
-62.207384808191399 -141.82498274815018 282.66439151856628
-62.002694894039465 -141.89469780757773 282.10471138712199
-61.725144285269856 -142.04587931171983 281.59470176723534
-61.463615662255528 -142.03999462405338 281.05473125897095
-61.202087039241199 -142.03410993638693 280.51476075070661
-60.953809393364608 -142.09267906435494 279.97168813327221
-60.705531747488024 -142.15124819232292 279.42861551583781
-60.452640092593199 -142.28397036286006 278.90095024662594
-60.199748437698339 -142.4166925333972 278.37328497741407
-60.004178359989943 -142.58164660634532 277.83056728051912
-59.727034025621251 -142.64008447668903 277.30162868934144
-59.44379452019988 -142.61564689648458 276.77325553782595
-59.160555014778502 -142.59120931628016 276.24488238631045
-58.945943434687806 -142.71212816998334 275.69778047577631
-58.688737731411038 -142.75186213382068 275.15716375542848
-58.431532028134257 -142.79159609765802 274.6165470350806
-58.170006192447019 -142.94074596460052 274.09754939109837
-57.908480356759796 -143.08989583154306 273.57855174711608
-57.699364561387178 -143.11365488463579 273.01667445488778
-57.490248766014545 -143.13741393772858 272.45479716265947
-57.195007601918768 -143.0642943848116 271.93760649568588
-56.910264000288365 -143.20062449048606 271.42737597560961
-56.625520398657955 -143.33695459616052 270.91714545553327
-56.425344353607855 -143.483643716996 270.37087459522985
-56.18044088210074 -143.55001404246758 269.82716762494113
-55.924281855222546 -143.64831084707106 269.29357574798496
-55.668122828344337 -143.74660765167451 268.75998387102879
-55.390993332105133 -143.68425430541964 268.23148476741079
-55.208018532344056 -143.84807623590069 267.68405203387556
-55.025043732582958 -144.01189816638171 267.13661930034033
-54.667984563586629 -143.96930982282717 266.65631212484851
-54.407184416308723 -143.99413994424432 266.11652814189767
-54.146384269030818 -144.01897006566145 265.57674415894689
-53.914587879093588 -144.15946650561554 265.04145808218766
-53.682791489156351 -144.29996294556963 264.50617200542843
-53.435309086883684 -144.26590715277382 263.96065146178006
-53.187826684611004 -144.23185135997804 263.41513091813169
-52.963472727849307 -144.36836333553416 262.87565915555734
-52.739118771087611 -144.50487531109027 262.33618739298294
-52.514764814325929 -144.64138728664642 261.79671563040858
-52.22058397623357 -144.59270061866221 261.27605523930907
-51.972845679822193 -144.6443082405697 260.7320309844709
-51.725107383410815 -144.69591586247719 260.18800672963272
-51.493889858423096 -144.80535136393055 259.64527076513411
-51.280655332040489 -144.93393576583412 259.09937966945159
-50.987897224527771 -144.82696305198994 258.58669113927135
-50.762511976436301 -145.01305558654457 258.06269585443971
-50.558261946318652 -145.00001375811519 257.49868181568877
-50.288685828964013 -145.11801034207528 256.97579987573891
-50.019109711609381 -145.23600692603537 256.45291793578906
-49.767173767146502 -145.21596545259931 255.90874276249451
-49.515237822683609 -145.19592397916324 255.36456758919999
-49.316766975520281 -145.29229309806897 254.80660494193086
-49.097589449778461 -145.4848596020783 254.28231556215732
-48.766909607452625 -145.58550685231202 253.79188618610024
-48.595576265318456 -145.66743780004526 253.22273576162826
-48.284188039714927 -145.68875996588338 252.71030748547687
-47.902477531458075 -145.84181525955154 252.27341943921505
-47.708949225478776 -145.92966603722189 251.71232315902111
-47.515420919499476 -146.01751681489225 251.15122687882717
-47.321892613520177 -146.10536759256263 250.59013059863324
-47.128364307540885 -146.19321837023298 250.0290343184393
-46.771294023450629 -146.11562382887641 249.55313527518393
-46.560722597860817 -146.23845980415288 249.00489171808277
-46.350151172271012 -146.36129577942933 248.45664816098156
-46.066749251048776 -146.3138215578968 247.92993234639326
-45.81044265808589 -146.42659848153968 247.39928340792508
-45.540883576561711 -146.48885448545488 246.86687182696127
-45.271324495037526 -146.55111048937007 246.33446024599749
-45.073730733963501 -146.68504934748393 245.78399036682899
-44.876136972889469 -146.81898820559778 245.23352048766051
-44.462436343437084 -146.69607584740015 244.81669397531635
-44.337865604145236 -146.84160166309738 244.24809537535506
-44.213294864853388 -146.98712747879455 243.67949677539377
-43.914809146152152 -147.03965700641439 243.1616677259388
-43.682340643812573 -147.1709564220665 242.6243420715453
-43.449872141472994 -147.30225583771863 242.0870164171518
-43.149628272198605 -147.33610764365454 241.56864620755442
-42.928717746926722 -147.51776542624052 241.04120048537055
-42.666249419126551 -147.53219432255582 240.50184699845045
-42.40709413058174 -147.68280532136382 239.98208276011027
-42.180512776112536 -147.75747279206882 239.43155060062691
-41.953931421643311 -147.83214026277386 238.88101844114354
-41.548905446553924 -147.90986785794016 238.44522906489334
-41.443316793726048 -148.04728667503315 237.8708014322861
-41.159576155715783 -148.10346741792287 237.34512570099361
-40.830032051441052 -148.22226164127477 236.85800290760781
-40.500487947166313 -148.34105586462672 236.37088011422202
-40.287782352363664 -148.39303025705328 235.81226128848166
-40.075076757561014 -148.44500464947984 235.25364246274131
-39.862371162758372 -148.4969790419064 234.69502363700093
-39.58545730350604 -148.60078302791479 234.17296669849446
-39.327396043926065 -148.7090316494178 233.64222512084422
-39.069334784346083 -148.8172802709208 233.11148354319394
-38.817828673540362 -148.85709929126733 232.56819805484915
-38.55080357113664 -148.93160649778343 232.03608315103284
-38.283778468732919 -149.00611370429954 231.50396824721651
-38.016753366329191 -149.08062091081564 230.9718533434002
-37.795149511717042 -149.27825674225787 230.4504784209584
-37.527996428741915 -149.41463267205938 229.93083350755347
-37.294397599925084 -149.52299982417051 229.3889034866848
-37.060798771108253 -149.63136697628158 228.84697346581612
-36.755925995196577 -149.62595285154413 228.33023051447449
-36.48108293676772 -149.68328174243277 227.79997143487003
-36.206239878338813 -149.74061063332138 227.26971235526563
-35.934365208242994 -149.950574250958 226.77777796631804
-35.636786368339912 -149.9322558594493 226.25709450146201
-35.442792811386731 -150.0710405178742 225.70654448697965
-35.236824885147776 -150.22765107601643 225.16520323930013
-35.030856958908814 -150.38426163415869 224.62386199162066
-34.681124834129136 -150.32917388594751 224.13945226742621
-34.443424702873564 -150.52706112066755 223.62531289922345
-34.205724571617985 -150.7249483553876 223.11117353102068
-33.956401298871945 -150.74176341856378 222.56568736316893
-33.70707802612597 -150.7585784817399 222.02020119531716
-33.357994070519212 -150.88378672161593 221.54854105432042
-32.884958743072566 -150.862932719155 221.18002688964174
-32.636203738274325 -151.22402665518521 220.77047577323498
-32.387448733476091 -151.58512059121543 220.36092465682819
-32.560904522406858 -151.43283968523457 219.80709831675389
-32.188073233814777 -151.28861685564527 219.35966496342402
-31.81524194522272 -151.14439402605601 218.91223161009412
-31.721269617127593 -151.24918634653267 218.3289754304256
-31.627297289032452 -151.35397866700933 217.74571925075711
-31.297351491583051 -151.50251495106076 217.26710380693436
-30.967405694133646 -151.65105123511222 216.78848836311158
-30.894653674717198 -151.59962442831994 216.19513987595252
-30.599286290417091 -151.88828401079684 215.75989999527059
-30.274667057209523 -152.08269435544383 215.29425316415717
-30.000989880244866 -152.12925689797592 214.76233894885399
-29.716172215951502 -152.14535289003283 214.234494447939
-29.408507200719733 -152.21815295729076 213.72455093282218
-29.111302511083039 -152.25377128957439 213.20455025314641
-28.8627083655898 -152.41085776508868 212.68155427798314
-28.61411422009656 -152.56794424060303 212.1585583028199
-28.365520074603332 -152.72503071611729 211.6355623276566
-28.123595455707623 -152.78568191623384 211.08985736094237
-27.847211997993526 -152.82526460441446 210.55877789881038
-27.566890374207048 -152.97248107691985 210.04912399912865
-27.286568750420553 -153.11969754942524 209.53947009944696
-26.996890483806482 -153.09925266322071 209.01442866443486
-26.710309584678022 -153.17757132131615 208.49314412020891
-26.444011731811674 -153.2664147151566 207.96286843254288
-26.177713878945337 -153.35525810899708 207.43259274487687
-25.867258560002387 -153.47651575404785 206.93367984821376
-25.556803241059409 -153.59777339909857 206.43476695155064
-25.312046309709462 -153.66070993998056 205.89058588207286
-25.067289378359497 -153.72364648086253 205.34640481259507
-24.844503202054845 -153.87237114756542 204.80951814563301
-24.621717025750218 -154.02109581426825 204.27263147867089
-24.296935957478844 -153.98996836333129 203.76909564132592
-23.972154889207467 -153.95884091239435 203.26555980398101
-23.724029119495476 -154.12080198654513 202.74382978484778
-23.47590334978349 -154.28276306069591 202.22209976571455
-23.159127177640855 -154.37141065664304 201.72030851380251
-22.912150287272546 -154.42838481397661 201.17647364822275
-22.66517339690423 -154.48535897131015 200.63263878264303
-22.405755143052687 -154.60181257487199 200.10430108023473
-22.122277546542019 -154.69840255437902 199.58438682948238
-21.838799950031348 -154.79499253388605 199.06447257873003
-21.552490620288502 -154.83990771217574 198.53910642597424
-21.266181290545653 -154.88482289046547 198.01374027321847
-20.964465923974565 -154.97203923007442 197.50250534905925
-20.665959768943466 -155.0459755320239 196.98730878592767
-20.387557284646853 -155.16784358890501 196.46996921325851
-20.091221305742998 -155.22802304180743 195.95173816338263
-19.79488532683915 -155.28820249470988 195.43350711350675
-19.565103171914551 -155.43598678567346 194.8993161695339
-19.290786008299481 -155.5045939310931 194.37012513281508
-18.98965627672251 -155.50512110348362 193.85116404867711
-18.688526545145546 -155.50564827587414 193.33220296453914
-18.421767194459274 -155.67942271391186 192.82363448979251
-18.155007843772999 -155.85319715194959 192.31506601504589
-17.857604511089939 -155.87741757546758 191.79452338586589
-17.560201178406871 -155.90163799898556 191.27398075668592
-17.29070361169094 -156.0654128493679 190.76354088763526
-16.970919202386394 -156.18752239925726 190.27076589903339
-16.698691822961738 -156.23283531326359 189.73800047812489
-16.34326373419788 -156.26320541705394 189.25556029477212
-16.082445399934009 -156.40466094604935 188.73405849244691
-15.859300273566905 -156.51325095900319 188.18778524427776
-15.510448794694961 -156.43525021057269 187.70589466651853
-15.16159731582302 -156.35724946214216 187.22400408875927
-15.081474538366383 -156.6817324800281 186.72571590744624
-14.730546303677766 -156.69549188081174 186.23923872094269
-14.45992860081299 -156.79552936480468 185.71316024705067
-14.189310897948213 -156.89556684879761 185.18708177315867
-13.904434293540898 -156.97292993967022 184.6647214832897
-13.619557689133533 -157.05029303054297 184.14236119342075
-13.325607766273702 -157.14156785306267 183.62732493292575
-13.040923420722866 -157.20891424747236 183.10347448999542
-12.756992479160109 -157.28378842289337 182.58023737522018
-12.473061537597346 -157.35866259831437 182.05700026044494
-12.199130142669739 -157.45745178561765 181.53240299840007
-11.925198747742142 -157.5562409729209 181.00780573635521
-11.602361328648374 -157.61951209126161 180.50603610154579
-11.279523909554612 -157.68278320960235 180.00426646673634
-11.019935798368499 -157.78739422639833 179.47354003278403
-10.711651592587605 -157.82011983112739 178.95983789801997
-10.40336738680671 -157.85284543585644 178.44613576325588
-10.12307172288668 -157.92733392497837 177.92088743553273
-9.8427760589666455 -158.00182241410033 177.39563910780959
-9.5146115725723597 -158.11228320842906 176.90563249276664
-9.1864470861780649 -158.22274400275776 176.4156258777237
-8.9393832976849801 -158.29813704847683 175.87407682816988
-8.6648895498289935 -158.34135038948426 175.3423007573027
-8.3903958019730176 -158.38456373049172 174.81052468643549
-8.1631682095756748 -158.52678409897393 174.27373703005534
-7.8843236916660402 -158.57113468603612 173.74432342968322
-7.605479173756402 -158.6154852730983 173.2149098293111
-7.5652245573403976 -158.7316506424084 172.62764057860045
-7.321067223017133 -158.80433941865141 172.08440624803541
-6.8737783725586556 -158.88647275025193 171.69301539467304
-6.4264895221001792 -158.96860608185247 171.30162454131067
-6.0479498933153195 -159.04831107948323 170.84297994819732
-5.8292450645915661 -159.16554409971849 170.2966974051306
-5.6105402358678127 -159.28277711995375 169.75041486206391
-5.3364584184626178 -159.35967803065745 169.22224310278403
-5.0623766010574354 -159.43657894136118 168.69407134350413
-4.6745164000662474 -159.57473973244561 168.25763571217459
-4.2866561990750558 -159.71290052353007 167.82120008084507
-4.2198331861622957 -159.89500398907751 167.25342106328554
-3.8981573290245941 -159.93645743686164 166.7486376893502
-3.5764814718868907 -159.97791088464578 166.24385431541486
-3.2548056147491735 -160.01936433242989 165.73907094147955
-2.9578757463110184 -160.02747691086807 165.21775832960412
-2.6688092371374701 -159.98444773734064 164.69374588366435
-2.3797427279639267 -159.94141856381322 164.1697334377246
-2.0906947524994686 -160.05828585688411 163.65709974424536
-1.8016467770350097 -160.17515314995501 163.14446605076608
-1.5125988015705412 -160.29202044302593 162.63183235728687
-1.0458984265466609 -160.22508868269625 162.26073816518499
-0.57273623149501163 -160.17123860233431 161.89574815707664
0.84857469642276873 -160.00779499057845 160.80344169059441
1.3235612342372458 -159.95205153954635 160.44111524032883
1.8000625825219181 -159.89472285751057 160.08103207313141
2.1967945569135963 -159.80196749627891 159.64057755396053
2.5935265313052716 -159.70921213504718 159.20012303478964
2.8598441343992564 -159.8242497341686 158.67491708940187
3.1529757427013956 -159.8828209719947 158.15468322822625
3.4461073510035347 -159.9413922098208 157.63444936705059
3.739238959305669 -159.99996344764693 157.11421550587494
4.0823626482206796 -160.17578407628966 156.65448380080227
4.5211325642323406 -160.1373695891478 156.24704633568552
4.7475568728541138 -160.51805932418705 155.84231511857857
4.8726070652133471 -160.29482419284676 155.29961029500834
5.1320091591768904 -160.38128231347082 154.76553581796838
5.4218903966747858 -160.5054125088422 154.25508448557346
5.7117716341726856 -160.62954270421352 153.74463315317854
6.0208400288969779 -160.64674181807214 153.23064782472545
6.3099786289399571 -160.71462273231444 152.70931199107616
6.5991172289829336 -160.78250364655673 152.18797615742685
6.9073673258968569 -160.88788142364325 151.68411367435348
7.2156174228107757 -160.99325920072977 151.18025119128012
7.5062361290711248 -161.09858941430915 150.66600775313154
7.7968548353314686 -161.2039196278885 150.15176431498293
8.0671556880931412 -161.24717481067034 149.61784818097047
8.3914607071810288 -161.2877921720621 149.11468172287931
8.6948624605505085 -161.36213476509482 148.60241172091406
8.9982642139199864 -161.43647735812755 148.09014171894879
9.2754254444962463 -161.34221196306424 147.5664092609523
9.5642298131586436 -161.6042346166561 147.11040907932275
9.876943635623384 -161.68907847438811 146.60542236163144
10.185846918433397 -161.85621364474463 146.11896106132164
10.474906045638591 -161.86340797095798 145.59323008197032
10.781937382510341 -161.91690462171431 145.08052171794981
11.088968719382095 -161.97040127247061 144.56781335392927
11.372882712455111 -162.09333173651638 144.05373072871538
11.689647414967354 -162.24053432683752 143.56588698257826
11.988119134714925 -162.30496252989863 143.04939531840427
12.293672825122631 -162.36364708800716 142.53637186385481
12.599226515530344 -162.42233164611565 142.02334840930536
12.905400463106336 -162.52569968063619 141.51780655815443
13.203038639910119 -162.59380301745426 141.00130539530659
13.519285836755861 -162.71837841512155 140.50686765323661
13.829577652858475 -162.71110711469032 139.99338336228919
14.139869468961077 -162.70383581425912 139.47989907134178
14.43318104593771 -162.87539587116353 138.98539379767277
14.726492622914341 -163.04695592806792 138.49088852400379
15.01980419989097 -163.21851598497227 137.99638325033479
15.330255117191296 -163.1549645987879 137.48689188705038
15.635383345159815 -163.2859837893306 136.9871612233861
15.93352740070161 -163.37884402821513 136.4748262761305
16.212039851773813 -163.45728393987395 135.94920474417361
16.546593133880819 -163.55665463857702 135.46114781545452
16.881146415987832 -163.65602533728006 134.97309088673546
17.163101616845591 -163.7687950367883 134.45561213395223
17.475929096869379 -163.80725616406102 133.94506369410459
17.765909941299334 -163.86873011148103 133.42340090680585
18.049591218632369 -163.93318441138044 132.89864327121091
18.390063773551105 -163.97812026654341 132.40664814088149
18.688389527475231 -164.13100288110977 131.90902514029875
18.970815739695531 -164.17110574491014 131.38117365080015
19.264789401140796 -164.44967124459586 130.93847652096835
19.475564290145901 -164.36962410614498 130.38244918190065
19.686339179151009 -164.2895769676941 129.82642184283296
20.103763716851418 -164.38558527754805 129.40625620910669
20.488943581986703 -164.50981966197747 128.96330893321507
20.871718358723246 -164.57229212725593 128.50550912830434
21.254493135459786 -164.63476459253437 128.04770932339358
21.241937316031017 -164.85073114448986 127.4880658656145
21.613929157232523 -164.79300591174282 127.02085085345861
21.9217141079614 -164.89059079647373 126.5151378771797
22.229499058690273 -164.98817568120461 126.00942490090078
22.475724491608052 -165.07279828775836 125.4688584844037
22.780525957725082 -165.18259773116031 124.96384348612985
23.08532742384212 -165.29239717456227 124.45882848785602
23.393223060555322 -165.43182522088333 123.96308652191803
23.70111869726848 -165.57125326720444 123.46734455598002
23.975360038121515 -165.46927253713102 122.9435205228727
24.265736719393981 -165.51348691849202 122.42033176969269
24.556113400666444 -165.55770129985305 121.89714301651267
24.820164085472289 -165.71115157141185 121.38068367637825
25.08421477027813 -165.86460184297061 120.86422433624379
25.419383369408337 -165.7718166429957 120.37529395590043
25.713025905898871 -165.87918708582524 119.86319469914449
26.006668442389401 -165.9865575286548 119.35109544238853
26.322293636163529 -166.05556265924818 118.84550763695131
26.624705725958073 -166.09995730878649 118.32919761086382
26.916406429758116 -166.27267823101266 117.83414389415432
27.214864395247236 -166.29044534279868 117.31394472789694
27.513322360736357 -166.30821245458463 116.79374556163955
27.806930134385702 -166.49133594386086 116.30358205531948
28.092244003974901 -166.67874271168756 115.81015050060009
28.356394983319795 -166.62390748861031 115.27422386530267
28.6205459626647 -166.56907226553307 114.73829723000526
28.964887867455623 -166.61209400548356 114.24883039507506
29.280037826003916 -166.73421356417657 113.75308114695497
29.595187784552216 -166.85633312286956 113.25733189883488
29.697233187585006 -167.29990779450719 112.86639936450005
30.057332359198181 -167.20123616001874 112.39672661124425
30.417431530811363 -167.10256452553028 111.92705385798847
30.506315762551754 -167.08679452539479 111.33388364595517
30.924618922401919 -167.29921463807045 110.95985134495668
31.253216757580617 -167.36770271987658 110.4625256515058
31.514016992764919 -167.44156157394198 109.92724244888875
31.77382604501782 -167.64057964314361 109.42435969466199
32.074922969737159 -167.62055185491752 108.90576589444515
32.373135365954496 -167.6273102528101 108.38516653716526
32.67511667715322 -167.86249123326033 107.92310897135644
32.982872007201266 -167.82785679506605 107.40921490394763
33.256140619762974 -167.89293798946875 106.87903691164342
33.538864094818742 -168.09542283081424 106.39009179644367
33.842892825372402 -168.03494644049255 105.87637092163754
34.156477131105532 -168.11806193752142 105.37163663773015
34.398260574083082 -168.27140369597322 104.84435391298295
34.640044017060632 -168.42474545442505 104.31707118823576
35.095469601959785 -168.44937714332647 103.92722401751226
35.356586563619167 -168.50681093082949 103.39008409869516
35.617703525278557 -168.5642447183325 102.85294417987807
35.902204064193448 -168.61554966326338 102.32718069124199
36.186704603108296 -168.666854608194 101.80141720260586
36.473379383170844 -168.83752380111346 101.30272932721253
36.749247581518077 -168.92910110946528 100.77783854453895
37.067891817296371 -168.99652605405149 100.27393406167259
37.386536053074664 -169.06395099863769 99.770029578806231
37.690254549176913 -169.14839692415904 99.25951615019909
38.000040970848389 -169.2820928178343 98.763373246428046
38.2821953843698 -169.35797835737009 98.239321462899213
38.580583120394415 -169.4105102264065 97.72143618436192
38.865867538122274 -169.50700564399858 97.202493571556417
39.192057286398963 -169.62418626618947 96.712729393709424
39.51824703467566 -169.74136688838036 96.22296521586243
39.754203987238881 -169.83183412394212 95.678777751998282
39.990160939802117 -169.92230135950385 95.134590288134135
40.537444896928044 -169.98412922805491 94.896561750048846
40.708056791335402 -170.12814966679943 94.339650900171975
40.878668685742767 -170.27217010554395 93.782740050295118
41.238250449521857 -170.26614905905529 93.302464398032072
41.524366797835668 -170.27642026055153 92.775177059242864
41.801781271491755 -170.35524408345694 92.249032578374084
42.109449824748275 -170.41978948367756 91.737980768234053
42.406776549528537 -170.57410138765803 91.24020104283197
42.704103274308792 -170.72841329163853 90.742421317429901
42.986943338140406 -170.85187651525632 90.227874593890022
43.236945608510915 -170.38117450913046 89.952305208364947
43.502126159324341 -170.68337583746069 89.506936111294067
43.767306710137767 -170.98557716579094 89.061567014223186
44.0324872609512 -171.28777849412123 88.616197917152348
44.473230567361689 -170.91238547159926 88.458637082881353
44.795377100035807 -170.77515231511757 87.971411598892558
45.117523632709933 -170.6379191586359 87.484186114903764
45.231653023763627 -171.22550566963321 87.442754554569518
45.530735750842766 -171.61388722946572 87.096764256519151
45.82981847792189 -172.00226878929823 86.750773958468798
45.800278302290018 -171.66012257895235 86.258774620288747
45.821322904831206 -171.39745915652964 85.719733757992515
46.282982289168366 -171.72577608882855 85.522050666102331
46.580341733377914 -171.82888999725196 85.011223021168107
46.649448394825932 -171.72915144008613 84.423620698539963
46.948966439593285 -171.79643787510344 83.786072220380262
