-58.36133111233967 -126.42255781802541 348.65994989008607
-114.69774702485532 -62.974829498972952 285.2754763016697
-58.36133111233967 -126.42255781802541 348.65994989008607
-58.644518064620648 -125.96172926317293 348.40025354222888
-58.945172205534348 -125.57392734197519 348.05497574469939
-59.218076175778073 -125.10526556621315 347.79830560041927
-59.507756430216091 -124.74288125772753 347.41782831706047
-59.797436684654087 -124.38049694924193 347.03735103370161
-60.118187250712637 -124.02565503072508 346.67512694941621
-60.438937816771201 -123.67081311220822 346.31290286513081
-60.769484536073207 -123.38706831660318 345.90031619868876
-61.059131075628009 -122.96885047540596 345.58219873700477
-61.348777615182811 -122.55063263420872 345.26408127532079
-61.683502886515328 -122.2246959186441 344.88761846151533
-62.018228157847844 -121.89875920307945 344.51115564770987
-62.35953055126712 -121.58864253804022 344.12730628883168
-62.700832944686397 -121.27852587300097 343.74345692995348
-62.944748453017986 -120.81206755935777 343.45549535885675
-63.188663961349562 -120.34560924571458 343.16753378776002
-63.534927645389452 -120.04197637886769 342.78294499010019
-63.837978599722291 -119.70267580959676 342.39174779843034
-64.145968622904874 -119.3646274487116 342.00333377792788
-64.453958646087486 -119.02657908782643 341.61491975742553
-64.703295031071931 -118.6110851367401 341.26108908643505
-64.952631416056391 -118.19559118565375 340.90725841544463
-65.389230321992301 -117.98868637047823 340.55148911829724
-65.722198485192791 -117.60541512322921 340.23174648221777
-66.055166648393268 -117.22214387598019 339.91200384613819
-66.379255217602662 -116.84045889278298 339.58142379091777
-66.67569450726117 -116.53142701363761 339.16115834477853
-66.972133796919664 -116.22239513449229 338.74089289863917
-67.335936975817432 -115.9402621565271 338.35612253885512
-67.712563808489378 -115.65700559134163 337.98474948222491
-68.014569767186941 -115.31884507254554 337.59176110524828
-68.316575725884505 -114.98068455374944 337.19877272827165
-68.614337556658413 -114.57510207665693 336.87190770045487
-68.917169519996534 -114.16508573865693 336.55539639804397
-69.231606517320458 -113.89227370809775 336.12330500644254
-69.560342959539057 -113.59186668637649 335.72120057615359
-69.889079401757655 -113.29145966465524 335.31909614586459
-70.217815843976283 -112.99105264293398 334.91699171557559
-70.603179480667933 -112.57718511636071 334.71647104840156
-70.897986059717653 -112.30901147841909 334.26794905243912
-71.182043900219355 -111.92859341047006 333.90107954317534
-71.466101740721044 -111.54817534252102 333.53421003391156
-71.832275266581135 -111.31993832543273 333.11728700385709
-72.088102032611289 -110.85547895249242 332.83651991769767
-72.343928798641457 -110.39101957955214 332.5557528315382
-72.717156775715296 -110.16388481298745 332.14452214816572
-73.090384752789149 -109.93675004642277 331.7332914647933
-73.390558877185157 -109.61717345646677 331.32369862037928
-73.683568215540944 -109.24424951326068 330.95617547795155
-73.997807204248289 -108.8841287671044 330.59345395093112
-74.308844915885416 -108.50260046236281 330.25039171952034
-74.619882627522571 -108.12107215762121 329.90732948810961
-75.00282718891998 -107.87794320161792 329.51459322336075
-75.295869715980373 -107.4680091897565 329.18889369426489
-75.588912243040767 -107.05807517789508 328.86319416516903
-75.957535856208906 -106.83134909607654 328.44760793387871
-76.326159469377032 -106.60462301425801 328.03202170258839
-76.591796465429297 -106.22953538777915 327.64634533723682
-77.001331867217658 -105.93912701263389 327.3177974254682
-77.278457404543303 -105.48871141594773 327.03437684254629
-77.555582941868934 -105.03829581926159 326.75095625962427
-77.875609978471843 -104.84206388096641 326.28290100408697
-78.232092710338947 -104.51586081206169 325.92721628454211
-78.525929791167385 -104.20366118770157 325.50746497188231
-78.887190164503096 -103.87879500795466 325.15539550726771
-79.248450537838835 -103.55392882820772 324.80332604265317
-79.550429002953621 -103.19357076687092 324.43056462534111
-79.852407468068378 -102.83321270553415 324.05780320802899
-80.192164350314613 -102.50561844256387 323.68733423519149
-80.531921232560848 -102.17802417959361 323.31686526235393
-80.861102209243015 -101.88076915706988 322.91278688360177
-81.19028318592521 -101.58351413454614 322.50870850484961
-81.528484800464042 -101.26615936822913 322.12804379645229
-81.838461159762801 -100.87718952898472 321.79245905181381
-82.193304723598857 -100.53243602157026 321.45300203784956
-82.524711437124836 -100.18543496880012 321.09278007904311
-82.856118150650815 -99.83843391602997 320.73255812023672
-83.187938880735217 -99.490242915477637 320.37386879753444
-83.519759610819591 -99.14205191492529 320.01517947483217
-83.828816936780598 -98.847131201453649 319.59386564639163
-84.17287170543419 -98.563195244009435 319.19260925923129
-84.516926474087796 -98.279259286565249 318.79135287207095
-84.824453074193372 -97.882239248395607 318.46301999293871
-85.163749117091882 -97.562431329457837 318.08539439759573
-85.503045159990393 -97.242623410520082 317.70776880225282
-85.727674212265057 -96.713723559019996 317.53512252816222
-86.109424381097639 -96.559636690136998 317.09863192639153
-86.491174549930221 -96.405549821253999 316.66214132462085
-86.710750231393618 -95.928478526996741 316.37198705478221
-87.061874415846546 -95.564797918625217 316.04880255300839
-87.399801761826666 -95.187078333524283 315.72765924563612
-87.737729107806814 -94.809358748423335 315.40651593826385
-88.052269310602995 -94.540987781649122 314.97172692619296
-88.352884655753229 -94.123471720318804 314.66300253002157
-88.725792030251938 -93.827717201081398 314.29766795131985
-89.070653443291775 -93.527424188949468 313.90921626492775
-89.404984447528733 -93.198231403596409 313.53524448834906
-89.739315451765719 -92.869038618243366 313.16127271177044
-90.035868351138802 -92.500693709833584 312.79197824075578
-90.37033546955135 -92.17756475449427 312.41287479191612
-90.703378037976464 -91.728977878749077 312.19412273472352
-91.016832413789501 -91.461823628987275 311.75780294246346
-91.34311191943651 -91.167445455189608 311.34928957060612
-91.669391425083504 -90.87306728139194 310.94077619874872
-91.978947412811493 -90.538378966857778 310.55070079247957
-92.26383251478515 -90.171046701740693 310.17134939116755
-92.60302669910412 -89.850157994745587 309.79455005060652
-92.942220883423104 -89.529269287750481 309.41775071004554
-92.749014004939312 -89.009349588205694 309.64656200376112
-93.124518902877668 -88.796172854029507 309.22996657456122
-93.500023800816038 -88.582996119853334 308.81337114536126
-93.839042507400251 -88.229653408027545 308.46665044424066
-94.178061213984435 -87.87631069620177 308.11992974312
-94.540456361812787 -87.6683023048856 307.68934610899936
-94.732371357225219 -87.130995206815044 307.50368589005404
-95.096183438302816 -86.83075970997119 307.13287675303479
-95.459995519380413 -86.530524213127336 306.7620676160156
-95.747141464841178 -86.114675674319997 306.43862179554912
-96.093571535339294 -85.785673231665299 306.07565678486361
-96.291260033654837 -85.288794333017606 305.80357110403418
-96.641975777746978 -84.941421277877836 305.4624986375278
-96.992691521839106 -84.594048222738053 305.12142617102143
-97.366321555233739 -84.3568506680094 304.71628678984962
-97.67543701249987 -83.958496443881387 304.39107678662322
-97.984552469765987 -83.560142219753374 304.06586678339681
-98.293667927032089 -83.161787995625374 303.74065678017035
-98.641664564516518 -82.81660855232947 303.39460838438526
-98.977158395008459 -82.453890984456251 303.05419708072748
-99.284716930789386 -82.108029145817525 302.67237600267947
-99.65445640356829 -81.812757866880091 302.30344837548978
-99.910499824721626 -81.353333099451859 302.01470861453259
-100.29582601654818 -80.935146503247296 301.82328318088469
-100.77960758284874 -80.635071536247182 301.63378275796259
-100.8795080799255 -80.363787390523967 301.10802159263841
-101.15471778146814 -80.047812050879074 300.67858102059949
-101.42992748301074 -79.731836711234195 300.24914044856052
-101.78148445043149 -79.405580100518563 299.88863480003022
-102.07803712054579 -78.973480718405824 299.59649333117329
-102.43132025159773 -78.638453557309475 299.24585415674773
-102.69255162145389 -78.179830685968582 298.96050659098603
-102.98012414891616 -77.778759029112791 298.61926830544951
-103.15798437867663 -77.271963527119311 298.35182848450143
-103.56644858247 -77.081572543568171 297.95571200213561
-103.92140530880792 -76.869375364145569 297.52099591148271
-104.19536656106884 -76.424572213438353 297.22587663156264
-104.47984606394593 -76.030732264166446 296.87379495524266
-104.83291580648063 -75.709884221715498 296.50992919625742
-105.18598554901533 -75.389036179264536 296.14606343727223
-105.48204108963508 -75.013846268615708 295.7833188331557
-105.78983401822101 -74.638426210774384 295.43072374912458
-106.09762694680697 -74.263006152933073 295.07812866509346
-106.39184507075883 -73.852147916268152 294.75466119392701
-106.72462120400264 -73.587593105699611 294.33125737090654
-107.05739733724647 -73.32303829513107 293.90785354788608
-107.29653448312425 -72.835161789748611 293.65331486525173
-107.59790298333901 -72.452041922322962 293.3034631905922
-107.89927148355375 -72.068922054897286 292.95361151593272
-108.00744816610002 -71.484484888880345 292.87156881771182
-108.35637257533305 -71.423717149827084 292.387255862556
-108.63970296298847 -71.017287776728239 292.04881967047027
-108.97640916622609 -70.761443170396078 291.62317607529701
-109.22319963208099 -70.371741548893993 291.2394742220805
-109.53923893061388 -69.98843852442107 290.90302518699087
-109.82684390927258 -69.580414396474978 290.57015931721065
-110.10593482801835 -69.234947786451386 290.16672272934034
-110.39710686753713 -68.87832600708029 289.78196338912795
-110.68827890705589 -68.521704227709193 289.39720404891557
-110.99422908850352 -68.204618898388745 288.98995550023562
-111.30017926995114 -67.887533569068268 288.58270695155568
-111.64188992490722 -67.564406256823048 288.21011794424243
-111.80734619855802 -67.018122730634204 288.02518949720337
-112.09771929406334 -66.60861836417773 287.69657172644264
-112.43094177129737 -66.396123195460305 287.24512008569053
-112.69810770973793 -66.010491608464676 286.87107377779751
-112.96505561501844 -65.581667169465362 286.54727072595381
-113.23200352029889 -65.152842730466062 286.22346767411011
-113.56523319090752 -64.884817317659241 285.80261097080626
-113.89857787566186 -64.426540718452117 285.6054717312694
-114.28247376007468 -64.030339881654712 285.36957165316016
-114.68207596980133 -63.629089822216983 285.5678554492273
-114.69774702485532 -62.974829498972952 285.2754763016697
