-145.36233287271091 177.06678541311786 0.81900156396500634
-78.389400818801008 197.97923809565685 0.81933310734918996
-145.36233287271091 177.06678541311786 0.81900156396500634
-144.79652863666013 177.26038598758691 0.86783171891291566
-144.22581671048778 177.42556916740313 0.95151214930400807
-143.6551047843154 177.59075234721936 1.0351925796951009
-143.10006825652252 177.80281253641618 1.118648729698601
-142.51343361857258 177.92646379136636 1.1425269353803957
-141.92679898062264 178.05011504631653 1.1664051410621901
-141.38143558666272 178.23659418517482 1.3331513533106421
-140.79703139005534 178.33897501524751 1.4225375973379719
-140.23033420916957 178.5269655596727 1.4818154210397334
-139.66363702828377 178.71495610409792 1.5410932447414942
-139.09811786955967 178.82282834036283 1.7100656145514743
-138.50806671627669 178.93157996505596 1.7136322146165686
-137.92891979929217 179.05670981443731 1.8081381368709029
-137.34977288230766 179.18183966381864 1.9026440591252409
-136.77783543600631 179.3397958387456 1.9917361705647221
-136.19897245294823 179.49193583261041 2.0338202425148326
-135.61933110209912 179.59329320864978 2.1510490218664882
-135.03780340514589 179.70415437757987 2.2486980817682438
-134.45627570819263 179.81501554650993 2.3463471416699986
-133.87894495131448 179.96755417518688 2.4048378582311982
-133.30216492294994 180.06843266669318 2.5357894860607288
-132.71723065614455 180.17814582887684 2.6120451452638407
-132.15004777303278 180.37345412468798 2.6246247594214167
-131.57867943060492 180.47919214041454 2.7741496379582613
-131.00235728709481 180.59558451380838 2.8937556675540499
-130.42737150314443 180.75201365840337 2.9639074385668174
-129.85238571919405 180.90844280299839 3.034059209579584
-129.28661974176106 181.07378845467068 3.1461737681897803
-128.72085376432804 181.2391341063429 3.2582883267999754
-128.14957939781195 181.42216426428359 3.2703531287406884
-127.59234786129772 181.56863325306898 3.437804166474661
-127.01730155808941 181.72339075543294 3.5110971717924357
-126.44622638575993 181.90383316502854 3.5473419558060018
-125.87082199127137 182.05125312423934 3.6320599493465915
-125.29541759678281 182.19867308345013 3.7167779428871812
-124.71068310131389 182.14950421745942 3.8419497944588556
-124.1655056477982 182.37170744769929 3.726160033905014
-123.618930468743 182.49860120819889 3.9386536742499674
-123.06770888855237 182.7129939670786 4.0396017523500678
-122.5001559195463 182.88873350036997 4.1232632357873138
-121.91198106414122 182.95670102083042 4.2203753134690434
-121.3381733347187 183.12219250304003 4.2783171720088777
-120.76436560529619 183.28768398524963 4.3362590305487112
-120.1801445939856 183.40010227710167 4.41402751774182
-119.5955175915698 183.53455314952942 4.4256133258589703
-119.01050206814391 183.66325869906683 4.4601346072517742
-118.42216375011795 183.7074385843317 4.5692499649259553
-117.83382543209197 183.75161846959656 4.678365322600138
-117.25144622563737 183.88750616477353 4.7270376369976077
-116.66906701918279 184.02339385995052 4.7757099513950783
-116.09494429993174 184.12253864140146 4.9190745758699954
-115.52082158068069 184.22168342285241 5.0624392003449135
-114.93553203516581 184.35367871214947 5.0587797585340244
-114.35024248965092 184.48567400144654 5.0551203167231362
-113.77297331183452 184.58458848499399 5.185413145718857
-113.19570413401811 184.68350296854143 5.3157059747145761
-112.60850883531796 184.80494169454738 5.3370206881887707
-112.02517602904257 184.864982207504 5.4639772710302719
-111.44184322276719 184.92502272046065 5.5909338538717757
-110.85470854079287 185.04650747140442 5.6136124894356376
-110.26757385881854 185.16799222234818 5.6362911249994978
-109.68293153220444 185.24238842384699 5.7488013695721651
-109.09828920559035 185.31678462534586 5.8613116141448334
-108.51155011759204 185.44207438503057 5.8550093341561444
-107.9298153156825 185.5770508181493 5.9130264243090966
-107.34007810934706 185.6842876872293 5.9396775288563477
-106.75034090301162 185.79152455630924 5.9663286334035979
-106.18546611396705 185.86089664499227 6.1563391226235336
-105.59197445692152 185.9047162171463 6.232808058235241
-104.998482799876 185.94853578930034 6.3092769938469466
-104.41122171571172 186.01620167287399 6.4119694825030722
-103.82396063154742 186.08386755644761 6.5146619711591995
-103.23500630301157 186.17569498550182 6.5832223253894657
-102.65377955784064 186.26330303735821 6.7036395166368319
-102.07255281266967 186.35091108921463 6.8240567078841945
-101.50055449451017 186.53199610521759 6.81894388069139
-100.9209706539485 186.63930115541262 6.9310518552624059
-100.34138681338682 186.74660620560766 7.0431598298334235
-99.746826935953692 186.80151973171513 7.1021772577437812
-99.162295032806426 186.93562954967803 7.1205351151622391
-98.573798505664868 187.05248890647832 7.1245010035297742
-97.989763645683709 187.18914751326474 7.1395909842446628
-97.40572878570255 187.32580612005117 7.1546809649595513
-96.821258311100564 187.4606279053084 7.169423778075819
-96.2383638921455 187.60004000352794 7.1976791000713289
-95.650309994347566 187.7184669290283 7.1847301000644332
-95.073328322164883 187.88295824135918 7.1906257029128069
-94.492007474375299 188.02920323511248 7.2166732311508266
-93.910686626585729 188.17544822886575 7.2427207593888454
-93.324741351959986 188.29591988618779 7.196301852402172
-92.744929330280826 188.44799300606979 7.1700000325850182
-92.16511730860168 188.6000661259518 7.1436982127678643
-91.608252665854934 188.82288025973736 7.1277097342938429
-91.051388023108217 189.04569439352304 7.1117212558198162
-90.47521962042056 189.20719233481435 7.0675807222593807
-89.916892772458127 189.39594779195872 6.9551418133240812
-89.35228955578944 189.59093000400523 6.8985278158250294
-88.787686339120754 189.78591221605171 6.8419138183259776
-88.225265597673882 189.98245065222096 6.7708114083913618
-87.662583453908013 190.1724254049214 6.6853807439701356
-87.112356391040549 190.37738094519077 6.561916555635511
-86.583130652190704 190.6259573303692 6.4272692457089473
-86.053904913340858 190.87453371554761 6.2926219357823872
-85.53104089824231 191.13431140552902 6.1543151264672185
-84.998036842729462 191.37785779063489 6.0255058290205099
-84.445518150106807 191.48332433878042 5.8166999346477226
-83.892999457484152 191.58879088692598 5.6078940402749371
-83.553693579808822 192.02157906371059 5.3679650603446154
-83.214387702133479 192.45436724049523 5.1280360804142946
-82.87508182445815 192.88715541727987 4.8881071004839729
-82.385846061796343 192.54457252674706 4.945424913133432
-82.337556689101888 193.1125638457118 4.7581977835141291
-82.004533968351296 193.56298060587429 4.543207993922584
-81.671511247600705 194.01339736603674 4.3282182043310353
-81.385069904627358 194.22887465772845 3.8470520232658707
-80.928899107680138 194.49954419013164 3.566612710327834
-80.501968365720316 194.835335406924 3.3117119447449523
-80.126837405659913 195.12455506985592 2.94343385772684
-79.75170644559951 195.4137747327878 2.5751557707087267
-79.42632048370497 195.88641716709114 2.399847171097135
-79.240417182148079 196.28066247397732 1.9875237537795349
-79.054513880591188 196.67490778086352 1.5752003364619376
-78.840161399136974 197.1558109768385 1.2874762849899581
-78.614781108968984 197.56752453624767 1.053404696169574
-78.389400818801008 197.97923809565685 0.81933310734918996
