-33.269938576646467 58.697748167103938 300.54529388746647
20.869798436370665 152.70613997649795 136.23435346642233
-33.269938576646467 58.697748167103938 300.54529388746647
-33.184631043944663 58.770477738802825 299.95585938367083
-33.088060355309572 58.965873378384025 299.39684717796399
-33.034509687898712 59.296637816406943 298.89912515458224
-32.980959020487852 59.627402254429853 298.40140313120048
-32.892938678739185 59.670482408644929 297.80946012739753
-32.888244246921715 59.672263568436961 297.20948113628225
-32.802084616573133 60.06753421861572 296.76638111235371
-32.736175540767434 60.364636451753427 296.2492870621162
-32.670266464961728 60.66173868489112 295.73219301187868
-32.621282157634454 60.710915070207719 295.13622135083858
-32.57229785030718 60.760091455524318 294.54024968979854
-32.515367948720026 60.766634167132487 293.94299247617101
-32.482289713085564 60.985465739206369 293.38530208411555
-32.37860112569669 61.145480780443719 292.81640502539301
-32.228990286355007 61.490227463698581 292.34868040434316
-32.074424063745376 61.703057349541936 291.80940985765989
-32.02219096627126 61.858159601733611 291.23216208166298
-31.969957868797131 62.0132618539253 290.65491430566613
-31.766331829163892 62.472919296908557 290.32742160178805
-31.686802588033004 62.810852870971885 289.83805875141428
-31.545325653684046 63.12258634938631 289.34530474028617
-31.40384871933508 63.434319827800742 288.852550729158
-31.350436578833399 63.789163275565841 288.37168352209852
-31.20851422142448 64.163964450734653 287.92516126782715
-31.066591864015567 64.538765625903466 287.47863901355583
-30.895089679126563 64.858944135826221 287.00106941406068
-30.723587494237545 65.17912264574899 286.52349981456553
-30.58698264270539 65.382985453139455 285.97597897450487
-30.413895172334577 65.840771891233715 285.6288877693475
-30.21612533843998 66.137457214248258 285.14632698363334
-30.018355504545376 66.434142537262815 284.66376619791924
-30.038852066330225 66.769472173602836 284.16664053377883
-29.809357988119736 67.059965291551222 283.69446872554488
-29.763044039556451 67.355710461020834 283.17447852092187
-29.716730090993167 67.651455630490446 282.65448831629885
-29.373493074169836 68.035400157695548 282.34663291142272
-29.452505916659597 68.212687826285375 281.77889524904009
-29.335044624472108 68.609150993503846 281.344131172929
-29.259545896210462 68.802974731999171 280.78134142495321
-29.186277243574114 69.183649949351405 280.3233915549514
-29.104858259749825 69.469958234520348 279.80243232917974
-29.001998215433446 69.771570449734313 279.29405266503397
-28.899138171117073 70.073182664948291 278.78567300088827
-28.841581940960612 70.460751919609919 278.33127520906794
-28.708720821676923 70.796751876552918 277.85226377714071
-28.619967826618012 71.170509963713769 277.39136487483137
-28.552581264882519 71.36601327646045 276.82812646527236
-28.436912420153817 71.790020153406743 276.41966730371348
-28.26575050865484 72.060673901426242 275.91227184774743
-28.30395065533072 72.507271999739956 275.51340985735914
-28.189450570544743 72.750060454958799 274.97680618927956
-28.074950485758762 72.992848910177628 274.44020252119998
-27.981877320956141 73.416670957910995 274.02582074330826
-27.888804156153533 73.840493005644319 273.61143896541648
-27.79861075798118 74.1408711470783 273.09993322441767
-27.69131397460302 74.182152201507179 272.51105015043612
-27.629253463259118 74.617736614056142 272.10311055628506
-27.567192951915217 75.053321026605119 271.69517096213406
-27.402457351307213 75.347541933932277 271.19888854295738
-27.301596011519628 75.612586229676168 270.67013670000085
-27.223926441595857 76.184045275221791 270.50460121385993
-27.104014901526835 76.378228513931177 269.94970113964598
-26.990975366635588 76.778189213357876 269.51697316219867
-26.877935831744338 77.178149912784562 269.0842451847513
-26.684838904876131 77.370881146358869 268.54985932374916
-26.627738257570194 77.711798653338732 268.05943627217846
-26.510911432092843 78.044351458799795 267.57388491091081
-26.394084606615486 78.376904264260844 267.08833354964315
-26.322393441803239 78.757026853296921 266.62967551341973
-26.250702276990996 79.137149442332969 266.17101747719619
-26.128771116230109 79.364596521537649 265.62935280399262
-26.078401453510445 79.798579770972836 265.21810903651743
-25.998209872162324 80.163084137643963 264.74831559578149
-25.857471093389499 80.575622128875409 264.33599896752082
-25.793759062711654 80.805057866702825 263.78527215742849
-25.677229779957685 81.138525518792321 263.30027705305031
-25.560700497203719 81.471993170881831 262.81528194867218
-25.462353087105015 81.714580992522215 262.27539405686628
-25.399440931679703 82.080527079523819 261.8040921131954
-25.336528776254397 82.446473166525408 261.33279016952446
-25.150396640029939 82.648406612422804 260.79933191315143
-24.964264503805474 82.850340058320199 260.26587365677847
-24.89185778598959 83.284103481804351 259.85769898869819
-24.932321101060801 83.391394987416817 259.26875819969064
-24.776182019726825 83.695679039718726 258.77577564138363
-24.741706368908446 84.107983374582403 258.34124536055936
-24.627208274275198 84.235722741760995 257.76629071852386
-24.51271017964195 84.363462108939572 257.19133607648837
-24.553134357273091 84.940246264492529 257.35160436332615
-24.454660949478317 85.08305634119337 256.77722794498186
-24.356187541683546 85.225866417894196 256.20285152663757
-24.267892734076472 85.53784678209675 255.69800275789424
-24.179597926469395 85.849827146299276 255.19315398915091
-24.063043087109534 86.038994201846563 254.63581137054243
-23.927501934646738 86.127086091743834 254.05799789291891
-23.856349780597249 86.638911177796473 253.75308404892138
-23.734230594927034 86.578552282681443 253.16875220119124
-23.595107458923927 86.92938084985272 252.70231456389638
-23.318733963326661 87.310338757452683 252.33017377928871
-23.042360467729431 87.691296665052604 251.95803299468102
-23.033252604346377 87.718219886346503 251.35870655026216
-23.074463779162421 87.883397292220778 250.78336485730142
-23.115674953978463 88.048574698095052 250.20802316434069
-22.898545776062662 88.00832590288698 249.6501388084192
-22.764262888114224 88.328411903945025 249.16073809537224
-22.541229504657043 88.382797282788516 248.60639313018206
-22.453772259109719 88.609422740601119 248.05776563171656
-22.349291522714985 88.931220711068178 247.56225595277405
-22.221336377509608 89.108962004201075 247.0036545622182
-22.093381232304228 89.286703297334014 246.44505317166241
-21.952455389229719 89.617601895623139 245.96479696461864
-21.825096096626861 89.80369014712916 245.4087836794904
-21.56516835636295 90.319851738820574 245.24749269677937
-21.590858252974403 90.082724041561903 244.69693799068295
-21.425963653127063 90.270210699199978 244.15135708545546
-21.321697376905771 90.60780215101002 243.66642352783364
-21.144467880829463 91.004179913596346 243.25232888279751
-20.967238384753159 91.400557676182686 242.83823423776138
-20.874393932383246 91.463365194539236 242.24879796189944
-20.781549480013332 91.526172712895772 241.65936168603747
-20.671996149705464 91.913203902161356 241.21415956749564
-20.562442819397592 92.300235091426941 240.76895744895381
-20.316980945965646 92.519587942193397 240.26732731075245
-20.133648104504012 92.740825937400672 239.74059889997679
-19.978125430590886 93.103627822372886 239.2887278009236
-19.806197457415728 93.42562719601753 238.81253752864546
-19.608279688836188 93.646788934787381 238.29108183332247
-19.429865124841623 93.82290617884307 237.74596628621262
-19.262437773834122 94.175258285892284 237.29009780211595
-19.062197961628225 94.441832031476508 236.79125668936268
-18.861958149422343 94.708405777060733 236.29241557660939
-18.78118615647319 95.012585894999248 235.78158258921925
-18.506713437120485 95.199335512432384 235.28179332690993
-18.319035907812015 95.424204468165172 234.75814163184887
-18.227332790087495 95.862138017179618 234.35838577529739
-17.927077536048593 96.034953592097509 233.86850664787121
-17.752039537995284 96.253332356549762 233.33777845522096
-17.577001539941971 96.471711121002031 232.8070502625707
-17.452747040303709 96.867465859437388 232.373530936213
-17.328492540665444 97.263220597872746 231.94001160985536
-17.071856155236535 97.300931336698383 231.39897957212446
-16.910193713493488 97.674506800033157 230.95817731699881
-16.748531271750444 98.048082263367903 230.51737506187311
-16.611536520308899 98.239480428426035 229.96547001524837
-16.312452486879724 98.475207371037101 229.50180898661324
-16.17128604501363 98.859330497919728 229.06303631302839
-16.042868278401308 99.176538189103908 228.57019946591578
-15.775596767110869 99.267202806729742 228.04072249156911
-15.66378520920512 99.658116533208286 227.59949167445706
-15.478792777383404 99.781000936688386 227.04210740525849
-15.365892281521099 100.17824031309003 226.60684385765768
-15.123186547708192 100.3262429589463 226.07846033823839
-14.934963120227966 100.70086020826652 225.64923562103382
-14.746739692747735 101.07547745758677 225.22001090382929
-14.554045149901953 101.29263580215611 224.69492894209247
-14.429666371629661 101.6444161267692 224.22505606276167
-14.232989229876296 101.96806622703301 223.75968662402406
-14.10810005049672 102.15783366665693 223.20435698162015
-13.873551017757126 102.43476977816901 222.72655666623569
-13.639001985017533 102.71170588968111 222.24875635085124
-13.453773369388619 102.8672951595092 221.69968227655289
-13.350015156813679 103.30878516223149 221.30684540096772
-13.134580346650278 103.50692181795644 220.78308046492484
-12.963016854052398 103.82283350745004 220.30269960305696
-12.760650145144265 104.00612339139541 219.76842202204779
-12.578855553004026 104.30334184544613 219.27994283432304
-12.397060960863795 104.60056029949683 218.79146364659823
-12.196198795219964 104.87462114938883 218.29694869134477
-11.995336629576141 105.14868199928083 217.80243373609133
-11.84727103702706 105.45169056270652 217.30618542043294
-11.699205444477982 105.75469912613221 216.80993710477455
-11.387605544028764 106.10793116467732 216.4382751226116
-11.361054838750885 106.21136999229464 215.84785538294295
-11.135363691913282 106.71458190039694 215.61154778301611
-11.012034267752025 106.72489270531234 215.02445022686547
-10.824620222783533 107.07934319570066 214.57808622113467
-10.637206177815033 107.43379368608896 214.1317222154039
-10.490804762143087 107.84390373067647 213.71895548125775
-10.315656686595792 107.92647914748241 213.1510607267729
-10.143805969105525 108.20152605582416 212.64626717579418
-9.9719552516152579 108.4765729641659 212.14147362481543
-9.8001045341250013 108.75161987250763 211.63668007383671
-9.5651824770292713 108.88071229401842 211.09988702824245
-9.590032406419029 109.45506984423596 210.92814336600881
-9.2893740135462615 109.85524907709404 210.59729428805289
-9.1135635972094509 109.97144072846693 210.03552013622789
-8.9377531808726385 110.08763237983983 209.47374598440288
-8.761942764535835 110.20382403121269 208.91197183257788
-8.5762567458972647 110.56671131951605 208.47170655065119
-8.3905707272587016 110.92959860781941 208.03144126872448
-8.1993461469834088 111.16245293188388 207.51258481105725
-8.0081215667081231 111.39530725594834 206.99372835338994
-7.7590062301459781 111.62049562256952 206.49650431070094
-7.6018725528101285 111.90446919132523 205.99185788032113
-7.420423715502805 112.2677660018646 205.55016596632254
-7.2389748781954797 112.63106281240398 205.10847405232394
-7.0080006613604153 112.98125361883709 204.67950166364705
-6.8141210024928709 113.07873018361019 204.1201189706743
-6.6735364761743714 113.41691570075787 203.64486477873973
-6.5329519498558586 113.7551012179055 203.16961058680516
-6.2963354956952724 113.79182959890754 202.61946180724689
-6.1060683578903419 114.19613483010946 202.21904240675002
-5.9295304148899826 114.40524002931473 201.68508606925928
-5.7529924718896304 114.61434522852002 201.15112973176855
-5.5689250651572424 115.00915610754882 200.73852391554766
-5.3848576584248526 115.40396698657764 200.32591809932677
-5.1530116711727016 115.57121623102481 199.79840020538671
-4.9211656839205506 115.73846547547194 199.27088231144668
-4.7791537570140594 116.17934687540182 198.88949510162948
-4.6486530645029038 116.39241908881544 198.34399551306396
-4.4294912218052289 116.69348867523749 197.87354339983989
-4.2103293791075611 116.99455826165953 197.40309128661579
-4.003067805387496 117.36162256785471 196.97611770994325
-3.8164326111591138 117.50722545174615 196.42478559181677
-3.6311961735177354 117.90515762508706 196.01571659080335
-3.4123921190808999 118.16259714242062 195.51988427975749
-3.1935880646440653 118.42003665975415 195.02405196871163
-3.0220260233656266 118.56688368050034 194.46817210894844
-2.827777592432676 119.03251680664816 194.14343631031531
-2.6229957290773438 118.69693145133428 193.69017385021127
-2.4819188710894626 119.10637769238568 193.27490153494193
-2.2860646100418749 119.29865741956716 192.74135714602522
-2.0902103489942858 119.49093714674864 192.20781275710848
-1.875190688528662 119.73773517672643 191.70496359681056
-1.6601710280630317 119.98453320670424 191.20211443651266
-1.472817944278646 120.29072621799159 190.72133937285474
-1.3186785414340449 120.55813066244623 190.20681443898212
-1.0417695850529411 120.9085264610485 189.80613474870844
-0.67856798399295182 121.18815265605333 189.41897355740105
0.52303054528384052 121.98727095628053 188.34306886056132
0.92356338837610541 122.25364372302292 187.98443396161474
1.3240962314683666 122.52001648976534 187.62579906266814
1.7246290745606341 122.78638925650773 187.26716416372159
2.0150662323948798 123.20505072181928 186.95035375541346
2.063148038151347 123.05939052046251 186.37029233996171
2.3389637637262513 123.537002257956 186.13404519451009
2.5273606189611151 123.56701514767185 185.5651815453036
2.6185695715946906 123.67346852806254 184.98178750628463
2.789512166601126 124.05222073461054 184.54897646755353
2.9604547616075636 124.43097294115856 184.11616542882246
3.1567978689724674 124.56434468788464 183.56511065716583
3.3531409763373716 124.69771643461073 183.01405588550921
3.5788931570578901 124.99922974361471 182.54701661800229
3.8046453377784131 125.30074305261869 182.0799773504954
3.7970237319968612 125.10817661250432 181.5117695740025
4.0208171511021655 125.4940829558514 181.1105304934911
4.2446105702074686 125.8799892991985 180.7092914129797
4.5161429858606805 125.94249694462535 180.17791307176441
4.5262256133993768 126.51301063857639 179.99240709979512
4.7444025574453734 126.97879634237756 179.68346940507141
4.9625795014913718 127.44458204617872 179.3745317103477
5.0753172212451396 127.90631156692311 179.00834042670229
4.8854438820108275 128.05459470063505 178.45883134824717
5.246157391308552 128.37226306877341 178.09970383315758
5.6068709006062791 128.68993143691176 177.74057631806801
5.7978411652450559 128.81347855735928 177.18535882279886
5.9888114298838344 128.93702567780682 176.63014132752974
6.3104921135363243 129.43906644494334 176.69704877029832
6.4869301226738019 129.57177910558218 176.13914467581816
6.5878277227005126 129.65325530170784 175.55332789236641
6.7209400350997326 129.77933881875225 174.98202756940356
6.9122794946373842 130.03365173474441 174.47338805856765
7.0792167627470919 130.27943024533369 173.95211569957613
7.2461540308568075 130.52520875592296 173.4308433405846
7.4198838056869647 130.89420893758404 172.99077876433293
7.5936135805171272 131.26320911924512 172.55071418808129
7.9587919558492786 131.47072163721813 172.12224795945377
8.112346121379872 131.71006610904718 171.5939153539361
8.2659002869104672 131.94941058087619 171.06558274841842
8.4194544524410606 132.1887550527052 170.53725014290077
8.6633048092719953 132.55885026211604 170.13281653964236
8.8410433404994571 132.66954150832262 169.57053861678719
9.055622047738332 132.82347895962127 169.03178149202003
9.270200754977207 132.97741641091994 168.49302436725287
9.1514862988393393 133.35612154292306 168.04303625530059
9.0327718427014752 133.73482667492621 167.59304814334831
9.5762578106402518 133.91244343198002 167.41118201052711
10.119743778579025 134.09006018903381 167.22931587770589
10.027861005374046 134.3467204548715 166.69482259998549
10.215325911169872 134.45371026380525 166.13499218827201
10.404143020688256 134.73667247545373 165.64074479482201
10.557465339837703 135.12156021232593 165.20674744868262
10.710787658987153 135.50644794919816 164.77275010254326
10.864109978136614 135.89133568607036 164.33875275640386
11.380916237227577 135.6504610376025 164.15196224730374
11.232720837173861 136.05794204491673 163.73723661259919
11.3532382870121 136.37463130943254 163.24207658389642
11.496879327789284 136.72244734824633 162.77475308293768
11.691112603176014 137.02183168093222 162.29242284744049
11.930698528593933 137.24793020262001 161.79094698278476
12.170284454011847 137.47402872430777 161.289471118129
12.316758079265295 137.80294254505537 160.80951156188877
12.495386877587341 138.05975153996638 160.29751459652388
12.674015675909397 138.31656053487734 159.78551763115902
12.819906575326204 138.7326076173641 159.37855243532329
12.923940538044295 138.9919860824983 158.84761011602129
13.027974500762378 139.25136454763253 158.31666779671929
13.257981099607699 139.46700680638455 157.80618236036688
13.487987698453017 139.68264906513659 157.29569692401444
13.657238158258192 139.90728535324232 156.76570369771639
13.820948185491687 140.24656575671312 156.29870494525136
14.011980820634665 140.33535055421413 155.73690089396388
14.203013455777636 140.42413535171517 155.1750968426764
14.19999328993153 141.00817875124773 155.31251658674793
14.319980764366917 141.49249391154581 154.97928718905911
14.439968238802303 141.97680907184389 154.64605779137025
14.588321767497613 142.19791390243478 154.10837397683514
14.709403683369919 142.3416123316986 153.53855827761669
14.958514926104106 142.04393481222124 153.08103048267827
15.077301246403959 142.41530156869194 152.62498603057074
15.346151522097202 142.63982292324164 152.13784160577373
15.270442671523819 142.86105422414531 151.58527949935913
15.194733820950438 143.08228552504895 151.03271739294453
15.560651330441317 143.47105071373545 150.75891818857474
15.906430527190846 143.75369311912317 150.35823125620496
16.074280359270922 143.96848047622552 149.82372884732388
16.242130191351002 144.1832678333279 149.2892264384428
16.410337678668974 144.56291191235275 148.85612527881432
16.57218558971206 144.78691301796354 148.32355720018387
16.727389630101307 145.18244338432021 147.8999212301145
16.930511361578805 145.34073205751787 147.35799295244402
17.064898553320198 145.67834609669097 146.88054469006462
17.219677173165813 146.04546325285389 146.43191502933149
17.358794973853879 146.23005006420217 145.878223827841
17.558609954519802 146.47591064398293 145.3686882070927
17.758424935185719 146.72177122376365 144.85915258634441
17.906128618732648 147.21189852057361 144.54616879317226
18.054747535158818 147.26015397024165 143.96687281592259
18.244764512424148 147.55887412082541 143.48245582614396
18.33941051557057 148.06180489790935 143.16924221285404
18.503416696051897 148.36441028491095 142.67778320894675
18.667422876533227 148.66701567191254 142.18632420503945
18.914291958557701 148.80114033493268 141.65616740643162
18.923886175801442 149.35278485321857 141.42037877981736
19.103589133946706 149.53369693480312 140.87726031615534
19.283292092091976 149.7146090163877 140.33414185249336
19.407847529508935 150.09319505678371 139.88563482576228
19.532402966925901 150.47178109717976 139.43712779903123
19.744290383741227 150.54867084017695 138.88107772033584
19.816573163320491 150.99166404189049 138.48291666873502
20.044818753077468 151.51772181137983 138.30637439641362
20.273064342834449 152.04377958086917 138.12983212409219
20.297038841006085 151.88382624728644 137.55204310159939
20.48795870612761 152.15793082369026 137.11281322320704
20.678878571249136 152.43203540009412 136.67358334481469
20.869798436370665 152.70613997649795 136.23435346642233
