-112.4854217741015 -98.562325636445166 8.2201067483503643
-118.37166140909194 -146.55687254907701 4.1158647306499052
-112.4854217741015 -98.562325636445166 8.2201067483503643
-112.57673442779819 -99.155122914687894 8.2360248569972718
-112.82991959607673 -99.697029346992267 8.1887523576883812
-113.08310476435527 -100.23893577929664 8.1414798583794905
-113.19261672601245 -100.82820132743055 8.113672592486413
-113.30212868766958 -101.41746687556446 8.0858653265933356
-113.50112041985059 -101.97826623601081 8.0090124291427394
-113.70011215203162 -102.53906559645716 7.9321595316921458
-113.75239072184044 -103.13633351373342 7.908965003647431
-113.77003184318713 -103.73602179449124 7.9010430872529556
-113.78767296453381 -104.33571007524907 7.893121170858481
-113.94047366279662 -104.91051647821965 7.8140671025608199
-114.09327436105934 -105.48532288119027 7.735013034263261
-114.32122234915956 -105.96781157041229 7.4607059445009414
-114.35947446111265 -106.5635667552732 7.400601571594474
-114.46797620355839 -107.14391203402556 7.2937056908689915
-114.66816561324615 -107.64897302441969 7.0390734143780094
-114.68919446446539 -108.24815552731434 7.0158760946770542
-114.7102233156846 -108.84733803020899 6.992678774976099
-114.80325154645661 -109.42792876997098 6.8732629419301956
-114.8962797772286 -110.00851950973299 6.7538471088843037
-114.89887578440167 -110.60820903153001 6.7729713917104659
-114.94951655192349 -111.20179442864529 6.7016139184065819
-115.00015731944529 -111.79537982576055 6.6302564451026953
-115.24254048056223 -112.32857841865726 6.5000655708451758
-115.54941893614841 -112.71663402687679 6.1605976659905348
-115.63247479449008 -113.30158056208809 6.0560066752723021
-115.65037184863904 -113.89902768959864 6.0036939112257528
-115.67318031130389 -114.49606675476215 5.948701832709367
-115.82864975687694 -115.03387192497439 5.7328434291523234
-115.77647805780376 -115.62229181770351 5.8379155170561834
-115.80980008622483 -116.22081293275535 5.8121838777958263
-115.84312211464592 -116.81933404780716 5.7864522385354693
-115.8823948810697 -117.41339598654606 5.7119669194504521
-116.12154610980174 -117.68711982613161 5.2345970948505949
-116.24025099136357 -118.22900085068291 5.0059617819074287
-116.29906345150592 -118.79862186100301 4.8268724211572387
-116.35787591164826 -119.3682428713231 4.6477830604070451
-116.57085345090249 -119.92172825290076 4.5567089139490573
-116.56794647272629 -120.519192175651 4.5016779182303637
-116.56503949455006 -121.11665609840125 4.4466469225116683
-116.82273556533198 -121.65829790399832 4.4613740924062464
-116.44566049889038 -122.10281881366777 4.6035555086838382
-116.5134502526511 -122.69493927725057 4.5342885909556525
-116.5812400064118 -123.28705974083337 4.4650216732274659
-116.64902976017254 -123.87918020441616 4.3957547554992784
-116.61871135079545 -124.47726299336129 4.4328731016430627
-116.58839294141835 -125.07534578230643 4.4699914477868479
-116.60336128449322 -125.67492345054029 4.453181675009164
-116.58837540150257 -126.27087850405762 4.521100726078453
-116.50396899663517 -126.83953220326325 4.6928811941099697
-116.43270263414281 -127.32259318992863 5.0415546641919002
-116.26700043638714 -127.67599538484669 5.4972405980169894
-116.48629414412183 -127.76390333482573 6.0487679881604484
-116.43306642851867 -128.3441950038326 6.1916959041631401
-116.53316282887431 -128.9335229836727 6.1399924921536497
-117.01408522885488 -128.97792300093369 6.4960013174152591
-116.94683364309819 -129.43181296131647 6.1093992893852249
-116.87958205734148 -129.88570292169925 5.7227972613551907
-116.8123304715848 -130.33959288208203 5.3361952333251548
-116.74507888582809 -130.79348284246481 4.9495932052951188
-116.67782730007141 -131.24737280284756 4.5629911772650775
-116.94504123597524 -131.63461095209743 4.190642780968906
-116.9836248055432 -132.23306538248983 4.1715744065468634
-117.02220837511115 -132.83151981288222 4.1525060321248217
-117.06497132191166 -133.42998695684787 4.1496063813629416
-117.29521987167875 -133.98096361912309 4.2080043518601196
-117.20412477984716 -134.57339098702434 4.1809581320540747
-117.20404293378462 -135.17311916366921 4.1628996869535344
-117.20396108772209 -135.77284734031406 4.1448412418529941
-117.20369587842018 -136.37284724219975 4.1446235237306013
-117.28021785328144 -136.96792975980799 4.1400208505543024
-117.29674798678172 -137.56770016028617 4.1385304154732836
-117.31327812028198 -138.16747056076431 4.1370399803922648
-117.37225467279245 -138.76452686391045 4.1302918601021394
-117.43123122530292 -139.36158316705658 4.1235437398120158
-117.41577771752664 -139.96136877061255 4.1278354602590976
-117.78908328052091 -140.43107075471602 4.1230393402863639
-117.77164986125794 -141.0308165533425 4.1240654604955935
-117.76986023254167 -141.63081260412434 4.1228259947746064
-117.76581587615696 -142.23079685157256 4.1244216123413091
-118.07622395411707 -142.74425027183153 4.1208987780455564
-117.96047210829363 -143.3329582750701 4.1258381212571962
-117.98075391939855 -143.93261223942966 4.1238961721954439
-118.00103573050346 -144.53226620378922 4.1219542231336925
-118.12699358952386 -145.11885080598054 4.1292427225035722
-118.19871014353714 -145.71453339887938 4.1335998313800948
-118.37166140909194 -146.55687254907701 4.1158647306499052
