-154.30027233839502 -62.495305171748363 182.88200609564507
-178.26788434338846 -139.96289678554075 212.75980342165298
-154.30027233839502 -62.495305171748363 182.88200609564507
-154.45442635122888 -63.054893181208982 183.03398569952375
-154.60858036406276 -63.614481190669586 183.18596530340247
-154.76273437689665 -64.174069200130191 183.33794490728116
-154.94411292641564 -64.724133215783624 183.49456993867017
-155.18730922044386 -65.245573066347063 183.66473469652357
-155.43050551447215 -65.767012916910488 183.83489945437702
-155.49574592477941 -66.34372991616263 183.9870217460917
-155.56098633508668 -66.920446915414786 184.1391440378064
-155.57309491408483 -67.520057276329894 184.12123321990492
-155.58520349308299 -68.119667637245001 184.10332240200339
-155.78870249831056 -68.52562686998354 184.49547703505738
-155.96383504294752 -69.031158258243323 184.76707712212129
-156.09733403393167 -69.589943179199068 184.9401014889564
-156.07192169051541 -70.127944968431549 184.67569973483072
-156.25153880276542 -70.472353660531923 185.13299651569918
-156.53791980348467 -70.877704053859162 185.47015668691824
-156.57538565122218 -71.474355429295926 185.52118066601366
-156.87609053915784 -71.966432581062918 185.68682077915199
-156.71527509562458 -72.212991018647315 186.20964706959379
-157.0274491123607 -72.665663817662278 186.44971939266912
-157.12590036962018 -73.229360096643518 186.63014626152943
-157.2243516268797 -73.793056375624772 186.81057313038968
-157.424441942741 -74.294186452600925 187.0729326384095
-157.6245322586023 -74.795316529577079 187.33529214642934
-157.61055956654423 -75.272026723628926 187.69936927392251
-157.9236290013902 -75.674443767174324 188.01567300774403
-158.06660942733771 -76.194898773071117 188.27774777690891
-158.04593269572197 -76.791664265195422 188.21906711417125
-158.14386272676248 -77.357283946869401 188.393664034887
-158.34015574820066 -77.760078269064635 188.7926950909991
-158.53644876963887 -78.162872591259884 189.19172614711118
-158.60740651454657 -78.752053064684659 189.28022116489504
-158.6783642594543 -79.341233538109435 189.36871618267887
-158.81995122736711 -79.871981471784352 189.61008677205766
-158.96153819527993 -80.402729405459255 189.85145736143647
-158.94241874977757 -81.000810534937216 189.80748681031369
-159.27771986737758 -81.120037717865202 190.29055827437179
-159.60619354839307 -81.476572522461652 190.6440946572117
-159.57262624968027 -82.075380027479355 190.6614960477192
-159.53905895096744 -82.674187532497058 190.67889743822667
-159.81661808601231 -82.789973972835597 191.19808375043729
-159.82605845830281 -83.329237257190371 191.4609639313523
-160.05594005037727 -83.774886834936979 191.79043457872405
-160.24734676816576 -84.252746636699271 192.09867714269788
-160.44415484712135 -84.744081563296049 192.38126619054643
-160.64096292607695 -85.235416489892827 192.66385523839497
-160.74823798643564 -85.800036836072223 192.8361802978184
-160.85551304679436 -86.364657182251634 193.0085053572418
-161.07746904299299 -86.794539575435039 193.3633809182239
-161.29942503919165 -87.224421968618458 193.71825647920599
-161.33021926312585 -87.823264272725766 193.73922337176907
-161.36101348706006 -88.422106576833059 193.76019026433215
-161.38160604485114 -89.020563883946068 193.79793676253621
-161.69488796619089 -89.470662812594952 194.04138160678394
-161.88241865634751 -89.878764921418167 194.43923196687356
-162.12275144820052 -90.282442229495004 194.81244072896786
-162.36308424005352 -90.686119537571827 195.18564949106221
-162.40365748908096 -91.278322637775631 195.27310976531493
-162.51439451870937 -91.817617556296341 195.51164341310241
-162.73937570200994 -92.255194607776787 195.85502336472794
-162.86989464127572 -92.826259342488086 195.9848304341119
-163.00242230204162 -93.34504586557965 196.25556455200336
-163.10926904659658 -93.886782853605709 196.49030868714303
-163.34788485107316 -94.322704015230372 196.82651582374456
-163.46227482871626 -94.876513193386728 197.02704095235589
-163.57666480635936 -95.430322371543099 197.22756608096725
-163.7669757564401 -95.945380621189628 197.46942707772035
-163.90852090873395 -96.496476825248422 197.65984226549199
-164.12089406696981 -97.011424040407036 197.88283779742329
-164.3332672252057 -97.526371255565635 198.10583332935457
-164.59505820985117 -97.951441088376754 198.43867130433981
-164.72357640741265 -98.519063826052445 198.58457367090423
-164.85209460497418 -99.086686563728122 198.73047603746869
-165.12191651869949 -99.526783258100707 199.0362717772623
-165.32395998608087 -100.04514858329051 199.26094003699063
-165.43198945740519 -100.62249586917552 199.3834134823027
-165.54001892872947 -101.19984315506051 199.50588692761488
-165.79445687764058 -101.69291067573479 199.73424136748855
-166.02769801200498 -102.15692021979909 200.03473049584039
-166.26636183962529 -102.62881998549628 200.31819158403513
-166.47479422596081 -103.1272352798172 200.57922440709282
-166.59738900849209 -103.69098039144521 200.74403329159736
-166.85657680915068 -104.17980888199801 200.97612894173676
-167.01139931436552 -104.74231014332472 201.11620864363846
-167.16622181958027 -105.30481140465145 201.25628834554016
-167.36524724088946 -105.8420592103234 201.43448395988958
-167.56558689709445 -106.37710252691684 201.61776699653058
-167.87914545117243 -106.77411105295641 201.94035847722469
-167.97894415443389 -107.35554889749137 202.04976712299771
-168.19458750404391 -107.86667715441538 202.27834063577376
-168.41023085365393 -108.37780541133938 202.50691414854984
-168.61077477027106 -108.92747338659922 202.6397571178091
-168.81131868688817 -109.47714136185905 202.77260008706838
-169.09023911635936 -109.93708041056361 203.03841856930831
-169.29062547274981 -110.47348893161634 203.21761457014151
-169.49101182914023 -111.00989745266907 203.39681057097468
-169.69139818553066 -111.54630597372179 203.57600657180785
-169.9261669484527 -112.06414044690382 203.76766012992863
-170.23275475760059 -112.52745590991931 203.99424939934062
-170.38079694940106 -113.08227379259165 204.16820521704702
-170.52883914120153 -113.63709167526399 204.34216103475342
-170.8038772110838 -114.10410676674761 204.59955366176899
-171.07891528096607 -114.57112185823121 204.8569462887846
-171.21255052965608 -115.15241068404953 204.92209934923699
-171.48278111525801 -115.60769797128975 205.20439160326222
-171.75301170085993 -116.06298525852999 205.48668385728752
-171.69838526706721 -116.65631176491135 205.41611750867591
-171.94844609811608 -117.11293130667784 205.71439284264119
-172.19850692916492 -117.56955084844432 206.01266817660652
-172.19143104244108 -118.16916200295259 206.03307394089848
-172.44507986335938 -118.66237842491383 206.2619840471728
-172.70438217509002 -119.08472463590576 206.60019402513308
-172.84873966452452 -119.65312779296184 206.72699610040331
-172.99309715395901 -120.22153095001792 206.85379817567355
-173.21723559547235 -120.68728567664671 207.15848571013944
-173.43101909869682 -121.2294153901943 207.30128622637767
-173.65134127561166 -121.75388367647409 207.49205088517547
-173.8743546826783 -122.2854825324649 207.65838692029041
-174.09736808974498 -122.81708138845575 207.82472295540532
-174.24606864175925 -123.38612985875827 207.94334835014442
-174.39476919377356 -123.9551783290608 208.06197374488343
-174.70624012786988 -124.41356428039019 208.29190455368689
-175.01771106196617 -124.87195023171958 208.52183536249035
-175.0746641001283 -125.46686219410731 208.57509048855428
-175.13161713829044 -126.06177415649503 208.62834561461813
-175.27197620331901 -126.63480783142143 208.73757812014952
-175.41233526834762 -127.20784150634779 208.84681062568092
-175.70671585118893 -127.57961760730271 209.21440089106449
-176.00109643403025 -127.9513937082576 209.58199115644811
-176.0626382016417 -128.53645635147345 209.69995010842945
-176.12417996925313 -129.1215189946893 209.81790906041084
-176.15424870580242 -129.72050785282028 209.83546522506271
-176.25686892402169 -130.29292391803202 209.98314372417525
-176.37309724673821 -130.85401257790835 210.16110577843591
-176.50908140423573 -131.40018353784635 210.36896532579925
-176.64506556173328 -131.94635449778431 210.57682487316265
-176.89147903565976 -132.41191188592964 210.86411691657977
-177.00238331223539 -132.97547437652756 211.03760340201393
-177.11328758881103 -133.5390368671255 211.21108988744805
-177.3223603576582 -134.06670826424133 211.40564444018938
-177.53143312650536 -134.59437966135718 211.60019899293076
-177.50774207283891 -135.19362478896869 211.61874652672972
-177.74079379848368 -135.7222233457133 211.78082816968018
-177.82009478051444 -136.31440933044655 211.8358473820926
-177.82170395025943 -136.91440707746926 211.83550953537392
-177.97037819138143 -137.26471253235923 212.29938673712144
-178.30584386600702 -137.72986827706586 212.47571856724412
-178.64130954063262 -138.1950240217725 212.65205039736679
-178.48962194726749 -138.76719528225289 212.55401508383451
-178.37875314532798 -139.36504603389682 212.65690925274376
-178.26788434338846 -139.96289678554075 212.75980342165298
