-193.14335229568678 -26.849323202859477 226.90073889228665
-181.32937243384907 -12.773718082906999 177.35339845377942
-193.14335229568678 -26.849323202859477 226.90073889228665
-193.31779138209544 -27.065097858922137 226.36874988588337
-193.42229023879315 -26.652922078534516 225.94544017065027
-193.4051850281993 -26.323604823865235 225.44418419058857
-193.38807981760544 -25.994287569195954 224.94292821052687
-193.24789363416363 -25.907993895044843 224.36595227015022
-193.10770745072182 -25.821700220893728 223.78897632977359
-193.21780615527831 -25.242159363609161 223.67938312746227
-192.98615781134555 -25.065066927361404 223.15500033428822
-192.80384619407144 -25.287312717541489 222.62834173238929
-192.72916615084765 -25.480377173875244 222.06518189109676
-192.64399796959327 -25.546237944168105 221.47492030515519
-192.5197985795109 -25.486276442325995 220.89098612239141
-192.37519491920514 -25.397755739654503 220.31543954163126
-192.23059125889935 -25.309235036983019 219.73989296087112
-192.17306906298941 -25.090862690680147 219.18401103514597
-191.99183460347732 -25.022053201799164 218.61619123545128
-191.81060014396519 -24.95324371291818 218.04837143575665
-191.66793624356117 -24.738697009202234 217.5065073167691
-191.52527234315716 -24.524150305486277 216.96464319778156
-191.49207199960694 -24.320383147522993 216.40128125149505
-191.45887165605671 -24.116615989559698 215.83791930520857
-191.26361144867744 -23.970254139939424 215.28978459513274
-191.07710341172088 -23.759819274635582 214.75975448314367
-190.97853411521484 -23.615348131943499 214.18581007580482
-190.87996481870883 -23.47087698925143 213.61186566846595
-190.68727707100234 -23.34544461166249 213.05766520785969
-190.60919527830569 -23.194608613357936 212.48220735947743
-190.53111348560907 -23.043772615053388 211.90674951109517
-190.28807280124008 -22.877622109833641 211.38394435106261
-190.18701343915484 -22.811630387800754 210.79620963373
-190.04245011051665 -22.565016259652559 210.2686843586855
-189.8978867818785 -22.318402131504357 209.74115908364101
-189.8876580554477 -22.121818599606762 209.17436962701512
-189.64412226528805 -22.168043309043064 208.6279690458031
-189.51066196395703 -21.915964170387831 208.10010120644984
-189.41187783928916 -21.868694201703171 207.51017981611534
-189.31309371462129 -21.821424233018501 206.92025842578087
-189.10968040010474 -21.494733378209158 206.45993668084444
-189.04434616019711 -21.356620388937454 205.87971582695332
-188.90523635764012 -21.155472764193039 205.33182158908235
-188.7502591150155 -21.149128543019387 204.75221671925621
-188.6596260315915 -20.898581612255398 204.21461846807435
-188.38550443349627 -20.757184476371215 203.69996887910972
-188.30928754559432 -20.617408775136962 203.12147623495338
-188.23307065769234 -20.477633073902712 202.54298359079701
-188.09617085827369 -20.350876861528818 201.97272811511635
-187.95927105885508 -20.224120649154919 201.40247263943573
-187.84865090450052 -20.071683957099459 200.83280059662007
-187.6636583459202 -19.940496040864495 200.27731208737453
-187.47866578733988 -19.809308124629531 199.72182357812898
-187.37717279554175 -19.623126554971488 199.16054325980707
-187.27567980374366 -19.436944985313445 198.59926294148516
-187.14189195742327 -19.264875579396197 198.04025226920402
-186.92637644721077 -19.121691645529687 197.49891002446378
-186.86692718822775 -18.810765119692647 196.98921356465925
-186.73761934761006 -18.622188893113595 196.43448976931242
-186.56554373702971 -18.378559330133292 195.91387991511695
-186.45317886765557 -18.435139559701405 195.32721747916884
-186.33255203794403 -18.330885199869744 194.74878840278194
-186.20131336580806 -18.054046598169883 194.2329039200294
-186.07007469367215 -17.777207996470025 193.71701943727686
-185.9433764462203 -17.560544084890545 193.17203842521155
-185.81608129125132 -17.511686415888217 192.58773638713444
-185.68878613628232 -17.46282874688589 192.00343434905733
-185.58418192978758 -17.238370053773302 191.45692153578597
-185.41561751761873 -17.040069018054986 190.91630823759289
-185.24705310544988 -16.84176798233668 190.37569493939978
-185.08854480942202 -16.669022819952549 189.82339589996258
-184.93003651339413 -16.496277657568413 189.27109686052543
-184.90324324064227 -16.509557869182661 188.67184252677831
-184.64576371907913 -16.50236615863124 188.129945326864
-184.58165405535559 -16.287028054688371 187.57360060278771
-184.51754439163204 -16.071689950745505 187.01725587871141
-184.29733425512518 -16.099461189459255 186.45981865885616
-184.18004186017683 -15.778296218822362 185.96677144435935
-184.06274946522851 -15.457131248185473 185.47372422986251
-183.86255829022517 -15.390632353521909 184.91202912532685
-183.68733029004858 -15.363786876899891 184.33881496958833
-183.51210228987196 -15.336941400277874 183.76560081384977
-183.35117244840839 -15.008181570545389 183.290186720158
-183.16789558156034 -14.923512345032957 182.72517281561272
-182.9846187147123 -14.838843119520527 182.16015891106747
-182.78161252634632 -14.647295297053066 181.62903000092126
-182.57860633798037 -14.455747474585603 181.09790109077505
-182.42468085307701 -14.173408643947422 180.59135224830166
-182.27075536817364 -13.891069813309235 180.08480340582827
-182.10075486726419 -13.603709587149975 179.58628166095426
-181.93441725635864 -13.333201685983326 179.0772067405303
-181.73351460297769 -13.105364136861454 178.55978218073955
-181.53261194959677 -12.87752658773957 178.04235762094882
-181.32937243384907 -12.773718082906999 177.35339845377942
