25.169238798086671 -152.37312999598188 134.32222333479677
-51.804705843318686 -155.34050977634959 87.504203812758888
25.169238798086671 -152.37312999598188 134.32222333479677
24.729389903455591 -152.45447155650578 133.92232772288867
24.289541008824518 -152.5358131170297 133.52243211098056
23.905787047148337 -152.65724137810398 133.07747360245386
23.607333331142691 -152.7525026877716 132.56576014525069
23.249236969418387 -152.80882580495773 132.08764436200332
22.877286608911781 -153.00096881617191 131.65783743725621
22.482003869009656 -153.12482392972043 131.2237735405966
22.104425605346805 -153.29720236933935 130.79050650011936
21.726847341683957 -153.46958080895826 130.35723945964213
21.291861439319536 -153.57242127848625 129.95697566841005
20.856875536955108 -153.67526174801424 129.55671187717797
20.415248635318189 -153.83387572537001 129.18280375218205
19.973621733681266 -153.99248970272578 128.80889562718613
19.504509741571646 -154.08015470203927 128.44523536436614
19.026917160694321 -154.1787258851821 128.09567986298651
18.535804551478254 -154.29945267064699 127.77282780965513
18.044691942262194 -154.4201794561119 127.44997575632374
17.611092907090867 -154.49096744030743 127.04134274494064
17.156617942537302 -154.56075667478939 126.65587942717295
16.702142977983733 -154.63054590927138 126.2704161094053
16.237238740166838 -154.73434639681312 125.90560176148847
15.772334502349945 -154.8381468843549 125.54078741357164
15.297359961697165 -154.93946688307418 125.1884616501208
14.822385421044373 -155.04078688179342 124.83613588666999
14.343649888242634 -155.03995464157978 124.47445702772291
13.864914355440892 -155.03912240136611 124.11277816877582
13.414506682059994 -155.1885866039909 123.7456359893775
12.964099008679096 -155.33805080661563 123.37849380997918
12.487525277529553 -155.31210694637201 123.01489458707866
12.001246844813094 -155.35934107445092 122.66660990033597
11.555133442956867 -155.45022987134499 122.27581320218792
11.076551362896316 -155.50290142505827 121.91778401332988
10.597969282835766 -155.55557297877152 121.55975482447184
10.126075250853308 -155.60755108682747 121.19285661125426
9.7488896651789645 -155.55586398061274 120.72911155520444
9.2637884846387948 -155.56105498289998 120.37605363058897
8.7786873040986269 -155.56624598518721 120.0229957059735
8.3362935500018747 -155.55375855642845 119.61786383798582
7.893899795905126 -155.54127112766969 119.21273196999816
7.4468816772665889 -155.56197659644141 118.81304948955673
7.0323028514438759 -155.53384219738717 118.38022983569462
6.5649190103276194 -155.59890966368431 118.00966463239961
6.0975351692113779 -155.66397712998145 117.63909942910456
5.7506231825889484 -155.49567668272124 117.17939622812628
5.2880915246172178 -155.53594362516287 116.79933960245016
4.8255598666454951 -155.57621056760453 116.41928297677403
4.3620702659785886 -155.60018314075512 116.03901635214049
3.885474973012363 -155.60825175110193 115.67461022671242
3.4035221729409857 -155.62280934793876 115.31752539802645
2.921569372869615 -155.63736694477558 114.96044056934045
2.4055535390308522 -155.66041784419639 114.65515985382835
1.889537705192091 -155.68346874361723 114.34987913831625
1.3645944314376348 -155.86853615010514 114.12585991057946
0.83965115768317955 -156.05360355659306 113.90184068284267
-0.73517866358018702 -156.60880577605681 113.22978299963229
-1.2741583516341402 -156.8176398193977 113.06888166897538
-1.8131380396880981 -157.02647386273847 112.90798033831837
-2.3880643389837042 -157.15991874532193 112.80003491835741
-2.9855603060620366 -157.17981687166397 112.74901890231142
-3.5830562731403703 -157.19971499800602 112.69800288626546
-4.1749234821895147 -157.17402065425054 112.60296075060262
-4.7534562397322668 -157.16972796955181 112.44395942574003
-5.3288002993936292 -157.14816858712331 112.275097333956
-5.8945745119819506 -157.12084273471089 112.07722657270008
-6.47031633714567 -157.12214233898598 111.90834891939487
-7.0164522046000313 -157.0695000750965 111.66552304282391
-7.5660014095125021 -157.04839532672139 111.4256266881703
-8.1155506144249721 -157.02729057834631 111.18573033351667
-8.665099819337426 -157.00618582997117 110.94583397886302
-9.2123019357545886 -156.92630185888081 110.71304996963684
-9.7595040521717529 -156.84641788779044 110.48026596041066
-10.288412903312658 -156.82264158627817 110.19797158449926
-10.817321754453561 -156.7988652847659 109.91567720858787
-11.366771327392899 -156.76197293498268 109.67746696253566
-11.916220900332235 -156.72508058519946 109.43925671648347
-12.477997599279593 -156.66802960200795 109.23639684899683
-12.990845404899016 -156.61023329266783 108.9303793414944
-13.50369321051844 -156.55243698332771 108.62436183399197
-14.049752037666948 -156.57378737194128 108.37664441797274
-14.582135801436525 -156.48788727544445 108.11360696532317
-15.114519565206095 -156.40198717894762 107.85056951267359
-15.658293410249041 -156.39454292602073 107.59708462447398
-16.197744585847936 -156.35810191656932 107.3369606502326
-16.731942462508346 -156.2988482496325 107.07027425851743
-17.266140339168764 -156.23959458269562 106.8035878668023
-17.805284537803509 -156.2154021582158 106.54140804363453
-18.341881560093388 -156.16690624599235 106.27737815485818
-18.879421729626589 -156.12515835030172 106.01411463793337
-19.427183688257095 -156.07927275157019 105.7735915652224
-19.918620788358716 -156.05175704270613 105.43046992147283
-20.447164734985936 -155.94601937115868 105.16691567411672
-20.975708681613156 -155.84028169961124 104.9033614267606
-21.258398221643638 -155.99283500535844 104.39659312382233
-21.847355515064148 -155.91050510789381 104.31689936929759
-22.436312808484654 -155.82817521042915 104.23720561477285
-22.878610300783585 -155.85871737061859 103.83292835254178
-23.405715193633153 -155.83974344584936 103.54692062167967
-23.932820086482728 -155.82076952108014 103.26091289081755
-24.446938983934157 -155.79583614643116 102.95259473353204
-24.961057881385585 -155.7709027717822 102.64427657624651
-25.484764135508762 -155.68152404218458 102.36545189640668
-26.019417448595835 -155.71797640786966 102.09560553300524
-26.53644402930221 -155.69510789555554 101.79202597837811
-27.053470610008581 -155.67223938324145 101.48844642375096
-27.582854578848433 -155.67754923269564 101.20609129446491
-28.091555747975701 -155.73219387268244 100.892663338071
-28.632960814748991 -155.65784245423453 100.64496913093851
-29.145536435726608 -155.65720182399454 100.33309444076262
-29.658112056704233 -155.65656119375456 100.02121975058675
-30.198011241936577 -155.64805881184441 99.759615891121129
-30.73791042716892 -155.63955642993429 99.49801203165552
-31.266638805558536 -155.62447683744131 99.214782605614133
-31.795367183948152 -155.60939724494833 98.931553179572745
-32.308543025969875 -155.62260884033918 98.620947305654482
-32.870692577977543 -155.63826859810044 98.411799862054437
-33.376275387891091 -155.61371501950154 98.089645948376671
-33.881858197804647 -155.58916144090264 97.767492034698904
-34.387441007718188 -155.56460786230372 97.445338121021123
-34.901644035678011 -155.59386096832657 97.137540294802392
-35.415847063637834 -155.62311407434942 96.829742468583689
-35.919008537081503 -155.56408498789418 96.508270699069996
-36.422170010525171 -155.50505590143894 96.186798929556318
-36.928673901392315 -155.51225926222835 95.865237240094118
-37.43640545001643 -155.51353720148072 95.545538880068563
-37.944136998640538 -155.51481514073311 95.225840520043008
-38.45312440740063 -155.43929164827179 94.917250144609596
-38.962407717067727 -155.45168873826012 94.600269352361309
-39.475489321779101 -155.45498304785846 94.28924457130509
-39.988570926490475 -155.45827735745678 93.978219790248858
-40.453901544777807 -155.48312264739792 93.600264598126742
-41.012163846779387 -155.43783831944259 93.385107604734628
-41.523351349449605 -155.43709935829958 93.070963066265136
-42.03453885211983 -155.43636039715656 92.756818527795645
-42.530386952287621 -155.41516702416206 92.419645719726674
-43.026235052455412 -155.39397365116753 92.082472911657717
-43.52208315262321 -155.37278027817305 91.745300103588775
-44.036089307518132 -155.40139350032359 91.437113542804056
-44.544932171165982 -155.39305206547346 91.1192938445799
-45.064668659059762 -155.37080367188943 90.8203306492953
-45.584405146953543 -155.34855527830541 90.521367454010729
-46.072352031506554 -155.29598874206371 90.176194168366322
-46.560298916059573 -155.24342220582204 89.831020882721901
-47.067350210601589 -155.19505800670635 89.513909090214653
-47.575871973519227 -155.20835459058492 89.19574432551515
-48.081279486987242 -155.18658825096813 88.873115325284601
-48.609013739164524 -155.1327083368829 88.592769977655891
-49.136747991341785 -155.07882842279759 88.312424630027181
-49.700155839066049 -154.97314508360077 88.489632499318944
-50.234597084859686 -155.06881247223896 88.234249834391022
-50.772142351762852 -155.16177016488206 87.984442001430395
-51.288424097540769 -155.25113997061581 87.744322907094642
-51.804705843318686 -155.34050977634959 87.504203812758888
