-9.2941769570968109 -106.40384582348733 47.693177235680977
-43.731762039951121 -98.810371913278644 19.515672426860242
-9.2941769570968109 -106.40384582348733 47.693177235680977
-9.6249212133258943 -106.27115049643407 47.210476306378268
-9.9556654695549796 -106.13845516938083 46.72777537707556
-10.330736223994274 -105.88458371622005 46.334238575195009
-10.725706193063939 -105.75192514441748 45.902497417948666
-11.107542026624296 -105.62243554090296 45.458162140493776
-11.507211859263553 -105.47187856037733 45.036740000006226
-11.906881691902802 -105.32132157985166 44.615317859518676
-12.313811303367299 -105.41339320314941 44.184120564192433
-12.720740914831794 -105.50546482644718 43.752923268866184
-13.125333973321895 -105.36534596468202 43.33260058139944
-13.529927031812012 -105.22522710291692 42.912277893932696
-13.942518964117749 -105.16514644993531 42.480817336600367
-14.339766864588304 -105.12486924983378 42.032964846684642
-14.723925002883632 -104.96360675257502 41.601204575516327
-15.108083141178962 -104.80234425531629 41.169444304348012
-15.522566262602021 -104.90233358083954 40.747299925211202
-15.893703984745247 -104.72610407830749 40.310035756041529
-16.264841706888479 -104.54987457577545 39.872771586871849
-16.664240252899813 -104.53754574927294 39.425190531105294
-17.075732732666257 -104.43225174761287 39.001413334562024
-17.487225212432698 -104.32695774595281 38.577636138018747
-17.854859862138568 -104.06382326834446 38.183168127871639
-18.268417959127795 -104.07749891197902 37.748676842359693
-18.688423806646238 -103.97414601275489 37.332848432709412
-19.104871606693685 -103.87206897097633 36.913144361514739
-19.528927207660978 -103.73903484692494 36.510057808618043
-19.943776960965 -103.5979140111959 36.100198574359837
-20.358626714269011 -103.45679317546683 35.690339340101623
-20.793223204570367 -103.34408585582553 35.29231553338019
-21.227819694871723 -103.23137853618422 34.894291726658764
-21.654767200370092 -103.17733922704913 34.476206112678895
-22.082905803404351 -102.99257237352381 34.098636852237547
-22.511044406438607 -102.80780551999851 33.721067591796192
-22.939183009472863 -102.62303866647316 33.343498331354844
-23.352984635261965 -102.46367685488289 32.939305274139649
-23.772269552498056 -102.2978196474148 32.54346244559629
-24.19155446973415 -102.1319624399467 32.147619617052932
-24.624413787793642 -101.93426327463413 31.782177623292245
-25.057273105853138 -101.73656410932158 31.416735629531559
-25.486502822647893 -101.7297017309166 30.997552187607955
-25.89327585442323 -101.44992286908537 30.656583729986544
-26.30004888619856 -101.17014400725415 30.315615272365129
-26.746538972873235 -101.11501846443321 29.918616812632678
-27.201877106224334 -100.94762646929132 29.565562844691851
-27.657215239575425 -100.78023447414945 29.21250887675102
-28.096823829845469 -100.59438492842816 28.848909875492808
-28.536432420115517 -100.40853538270686 28.485310874234592
-29.022402178271836 -100.30838421518992 28.147963667632133
-29.485360605688591 -100.19783685330849 27.782657254788255
-29.948319033105342 -100.08728949142706 27.417350841944376
-30.423293435121813 -100.03316457599551 27.054763182255545
-30.900668402712967 -99.966078788288485 26.697534071732512
-31.378043370304113 -99.898993000581456 26.340304961209476
-31.855418337895276 -99.831907212874441 25.983075850686465
-32.329394432794388 -99.72944219491491 25.629738078068335
-32.803370527693488 -99.626977176955364 25.276400305450203
-33.285755666943359 -99.499237845504283 24.943252829651094
-33.768140806193223 -99.371498514053201 24.610105353851988
-34.252736098512692 -99.291408884210171 24.265499704081968
-34.729351753391491 -99.118320631982826 23.944753738455994
-35.20596740827029 -98.945232379755495 23.624007772830023
-35.723080777011504 -98.882465371068761 23.326259445396214
-36.245939633569058 -98.846890058449304 23.03410706520507
-36.764662612722667 -98.747267363767179 22.749498931796559
-37.283385591876275 -98.647644669085054 22.464890798388044
-37.826783874538854 -98.63681219058779 22.210723601824501
-38.370182157201427 -98.625979712090526 21.956556405260958
-38.899932259736943 -98.595936975354562 21.676445243696438
-39.431810331258127 -98.610868522422592 21.399167826770611
-39.960910812240861 -98.650397353413737 21.119006886337591
-40.490011293223588 -98.689926184404868 20.83884594590457
-41.031173357391353 -98.662970924898261 20.581130920555612
-41.586743911635807 -98.678598869745585 20.355084185130476
-42.142314465880261 -98.694226814592923 20.129037449705343
-42.70806253756767 -98.724690349268471 19.931550507258379
-43.270657311285625 -98.779436197793046 19.730329204572584
-43.731762039951121 -98.810371913278644 19.515672426860242
