-81.174228432428833 64.520935697329804 306.57767139755157
-75.586322111741595 8.2576122634926428 266.33652163851616
-81.174228432428833 64.520935697329804 306.57767139755157
-81.130335122438595 64.228387807007053 306.05566650369917
-81.050426878263821 63.931352128513694 305.54051169374895
-80.93679980229868 63.587005278604025 305.06248017327681
-80.823172726333539 63.242658428694348 304.58444865280467
-80.914353432087239 62.969182442000978 304.05823865327943
-81.005534137840925 62.695706455307615 303.5320286537542
-80.761492288288451 62.517814522792229 303.01357129194616
-80.860672154342495 62.063192347668789 302.63478107024616
-80.918831214766925 61.901174977985235 302.06000468276022
-80.871476025370242 62.096539510471089 301.49468160213837
-80.877858576867183 61.541919106434975 301.26586842405806
-80.877752051627439 61.022965572700876 300.96472523805301
-80.899138977103192 60.458253108528446 300.76312555495053
-80.92052590257893 59.893540644356015 300.56152587184818
-80.941912828054669 59.328828180183585 300.3599261887457
-80.799642223625071 58.810360707884058 300.09356073437414
-80.657371619195473 58.291893235584539 299.82719528000257
-80.7226169600373 58.064930560228632 299.27562389795514
-80.787862300879112 57.837967884872718 298.72405251590766
-80.742705132787449 57.26159574256625 298.56356580697826
-80.697547964695801 56.685223600259768 298.40307909804886
-80.811571108639555 56.135239365988014 298.19209079340214
-80.925594252583309 55.585255131716259 297.98110248875548
-80.643254083240095 55.443967405397345 297.47088507708975
-80.599535829947826 54.884311003077052 297.25905159137284
-80.652448834074278 54.34650028586428 296.99836049746011
-80.70536183820073 53.808689568651531 296.73766940354739
-80.628977809385589 53.232994490119303 296.88846945890464
-80.529635292212873 52.848117495383313 296.43902450876635
-80.579267786984971 52.336434253645507 296.12964306849011
-80.633850827842181 51.864926072275466 295.76262709260908
-80.688433868699406 51.393417890905411 295.39561111672805
-80.650935596977106 50.818590015460487 295.563440772121
-80.729331257042773 50.469690297747945 295.08164921193855
-80.677364944678601 49.889942460319055 294.93607466960441
-80.625398632314415 49.310194622890165 294.79050012727032
-80.676797273423773 48.795406895480468 294.48660577819408
-80.681733034425491 48.201899793941074 294.39871403406732
-80.619924237250032 47.871490748611407 293.90171349548007
-80.622303837984703 47.29941432594223 293.72081876331134
-80.624683438719373 46.727337903273046 293.53992403114268
-80.663584205818822 46.184649437894407 293.28698933628243
-80.625901359450879 45.638136704952259 293.04223673502617
-80.588218513082936 45.091623972010133 292.79748413376984
-80.558964615580905 44.530202653179501 292.58784083613449
-80.541585285279709 44.072839047860548 292.19987628697061
-80.55732814227153 43.480126929727007 292.1079822856899
-80.573070999263365 42.887414811593459 292.01608828440919
-80.683506107203357 42.332289188486676 291.81699124901041
-80.634995162868918 41.902233620873993 291.4014206809415
-80.612538582219685 41.453142108866466 291.00416444646766
-80.590082001570437 41.004050596858946 290.60690821199381
-80.568874462560586 40.406897161850686 290.6612958516464
-80.547666923550764 39.80974372684242 290.71568349129899
-80.547185309651042 39.493952576654301 290.20551124831536
-80.546703695751319 39.178161426466161 289.69533900533179
-80.521526029495092 38.599747956513077 289.53784632963317
-80.496348363238866 38.021334486559994 289.38035365393449
-80.44266426920781 37.652919401552651 288.90983442671086
-80.388980175176783 37.284504316545238 288.43931519948734
-80.233065732420286 36.867140526721265 288.03744687094712
-80.243226824293757 36.297494376287567 287.84929795251281
-80.253387916167213 35.727848225853883 287.66114903407845
-80.208196292564452 35.129554401231374 287.66263785062785
-80.163004668961676 34.531260576608858 287.66412666717713
-80.07691909162493 34.101655461993694 287.25421360460035
-80.020632580971096 33.61107252735944 286.91339075770765
-79.964346070317276 33.120489592725185 286.57256791081494
-79.908059559663442 32.629906658090974 286.23174506392218
-79.870468389413489 32.048774574599477 286.08727221022269
-79.832877219163521 31.467642491107974 285.94279935652321
-79.706810507454307 31.042182910088012 285.53895368164586
-79.611075891007175 30.610516086604246 285.13336936646937
-79.515341274560072 30.178849263120458 284.72778505129293
-79.441645768210236 29.692231112616774 284.38460616507729
-79.415094858867278 29.212465717045301 284.02527315180794
-79.272558863989261 28.751846205140616 283.66818330958779
-79.169096443792711 28.240877350575396 283.37118775865918
-79.066084378855408 27.707208067524114 283.11705076645842
-78.972421280113295 27.248317217471531 282.74202221864897
-78.878758181371168 26.789426367418962 282.36699367083958
-78.795698349882954 26.257363238304464 282.10239984810357
-78.61590217452553 25.901550771953811 281.65399063308195
-78.571390347214745 25.318058691724858 281.52149274804395
-78.513601297738575 24.748479765619063 281.34193698317739
-78.373088830143672 24.303580857147317 280.96468215194125
-78.242360538786158 23.781814825500437 280.69884324948669
-78.108831592200971 23.633162267222751 280.13309380199132
-77.975302645615812 23.484509708945055 279.5673443544959
-77.946958327092233 22.971988423718454 279.25667003660476
-77.918614008568653 22.459467138491853 278.94599571871368
-77.838528443247711 21.900007638666057 278.74452271734151
-77.717457307015067 21.48537651813081 278.3280820686831
-77.596386170782424 21.070745397595548 277.91164142002475
-77.671542849276832 20.57796474060013 277.57769726635701
-77.616712669629166 20.109156079762158 277.20727576195543
-77.561882489981514 19.640347418924179 276.83685425755391
-77.550281733566734 19.157492685883376 276.48088132427006
-77.538680977151984 18.674637952842577 276.12490839098621
-77.52857266048008 18.274839596675854 275.67762872864904
-77.518464343808205 17.875041240509109 275.23034906631193
-77.404073137099971 17.485798688253368 274.78830281608322
-77.289681930391751 17.096556135997638 274.3462565658545
-77.250026073818759 16.875540819790992 273.78985774931948
-77.15037796808295 16.414724196072079 273.4187535936872
-77.050729862347112 15.953907572353165 273.04764943805492
-77.019906378159163 15.514774295373964 272.63995852833034
-76.958857900114495 15.222094251821719 272.11975522630826
-76.897809422069813 14.929414208269474 271.59955192428617
-76.836760944025187 14.636734164717248 271.07934862226409
-76.783320534529693 14.040298993139128 271.11688805136913
-76.702768254458732 13.65622155566923 270.66302039202128
-76.595171858152867 13.23375642927056 270.25077503731256
-76.31355327190883 12.811397773819106 269.93092485668552
-76.226211055558025 12.324312789892492 269.59163212809244
-76.138868839207205 11.83722780596587 269.25233939949936
-76.055432747919866 11.552753785004359 268.73069493238722
-75.987150099547236 10.978080612276532 268.57230230478683
-75.794438897378157 10.692470125207871 268.08109049483625
-75.601727695209064 10.406859638139188 267.58987868488566
-75.660102122115049 9.8874122042536534 267.29531665455397
-75.718476549021048 9.3679647703681272 267.00075462422228
-75.607349869377657 8.9129645909979267 266.62575369376407
-75.586322111741595 8.2576122634926428 266.33652163851616
