# doc pr/149 Stage 2 manifest (mcp1k); rule 149_pred.txt sec 3
48367
48895
50303
50831
54341
54351
55595
55627
55715
56211
56243
56463
57485
57903
58345
58607
58717
59003
59247
59335
59371
59899
59929
60669
61071
61417
62149
62281
62459
62583
62613
63163
63551
63559
63603
63669
64591
64717
64921
65025
65267
65289
65295
66118
66712
67746
68648
71046
71178
71222
71640
72256
72586
73004
166870
168526
168614
168658
169356
169824
169890
170792
170880
171358
171600
172090
172266
172788
172794
173058
173146
173498
174114
174224
174576
174928
175808
278046
278420
278684
279190
279256
280598
280752
280774
280853
280972
280994
281507
281595
281837
281953
282072
282204
282231
282737
282979
283009
283463
283713
283771
284013
284103
284145
284200
284211
284637
284769
284791
284794
285253
285311
285443
285531
285665
286191
286241
286353
286655
286681
286818
287211
287249
287517
287555
287621
287825
288287
288327
288358
288639
288859
289141
290052
291570
292384
292577
292797
293149
313781
314507
314705
315167
315343
315497
315849
316025
316311
316553
316729
317939
319039
319611
320029
320667
321107
321173
321371
345633
348471
348691
348713
348845
349241
349461
349835
349879
350121
350935
351639
351705
351749
352233
353223
386332
387850
388224
390842
390864
391260
393042
393608
394642
394796
395148
395390
397722
399118
399328
399702
399856
399998
400054
400460
400504
400636
401252
401780
402880
405674
405740
406752
406796
407170
407280
409282
409942
411460
412208
486687
487853
489327
490581
492913
