# doc pr/149 Stage 2 manifest (mcp2k); rule 149_pred.txt sec 3
47278
47784
49742
51219
51546
51868
52044
52352
53658
53793
53881
54453
54508
54629
55278
55443
55542
56521
57709
57742
58072
66652
66872
67928
68346
68748
69152
69314
69666
70010
70178
70472
70692
70766
70912
71022
71642
71872
72055
72174
72196
72275
72649
73054
73336
73412
73538
73688
74146
74326
74380
74414
74784
75040
75206
75729
75795
75954
76038
76059
76170
77328
77702
77846
77878
78582
79491
79616
81420
90003
90179
91235
91782
91917
92159
92225
92904
93105
93696
93776
94224
94392
94546
94678
95405
95690
96306
97062
97084
97231
98294
98452
98470
98660
98704
98778
99232
99284
99716
99838
100135
100222
100421
100728
101454
101554
101675
102841
103061
103193
103952
104216
104260
104304
104920
105316
105426
105492
157281
158227
161725
162143
163771
165104
165767
167351
168209
168448
169152
169221
169240
169966
170076
170098
170428
170585
171473
171528
171616
171729
171866
172177
172344
172617
172762
172850
173108
173340
173438
173620
173643
173671
173912
174164
174352
174771
174795
174993
175057
175893
175952
176502
176707
177366
177536
177939
177961
178350
178570
178841
178966
179048
179054
179604
179752
179765
179897
179912
180117
180403
180544
180698
181050
236192
236610
237292
237380
237446
237710
237798
240372
240636
241626
242022
242550
242770
242814
243628
280159
280351
280819
281567
281985
282491
282837
283035
283299
283568
283833
283849
284047
284866
285350
285680
286296
287770
289464
289862
290542
290588
292436
292524
292568
292722
292788
293536
294174
315955
316021
316197
317341
317407
317539
318021
318857
319275
319475
320485
321015
321235
321937
321983
322135
322663
322707
322885
323125
323171
323369
347824
348594
348638
349056
350354
352510
352796
354248
355238
390216
390391
390634
390743
390810
391063
391415
391899
392174
392327
392417
392693
393089
393119
393485
393505
393538
393727
393791
393835
393935
394407
394836
395079
395209
395443
395485
395573
395597
395695
395717
395870
396037
396091
396355
396420
396551
396805
396816
396882
396927
397190
397542
398181
398191
398225
399073
399303
400029
400185
400239
400779
401197
402209
402297
405201
406125
406147
407534
407886
408326
409052
409140
409906
410126
410680
412396
412638
414240
414306
415186
417100
417782
473952
474678
475140
478088
478220
478594
478638
479650
480728
497311
497355
500149
501711
502525
