# bee_idx	event
0	10550
1	111412
2	116962
3	122660
4	131357
5	137238
6	138009
7	163543
8	168596
9	172230
10	174637
11	196649
12	214469
13	219295
14	234638
15	235435
16	239794
17	246579
18	256587
19	267597
20	268067
21	268784
22	269774
23	271851
24	30504
25	342199
26	350186
27	360535
28	388
29	38856
30	389538
31	400474
32	42280
33	422851
34	423981
35	433451
36	437699
37	444187
38	447477
39	46363
40	469665
41	489330
42	52672
43	54095
44	69314
45	74544
46	81597
47	90055
48	105946
49	114446
50	142421
51	180801
52	18625
53	21073
54	259542
55	285567
56	314838
57	359980
58	37112
59	399860
60	463565
61	506114
62	506746
63	521075
64	56982
65	71372
66	84229
67	48367
68	49951
69	50303
70	50743
71	50831
72	51051
73	51513
74	51865
75	52085
76	52613
77	52657
78	52723
79	53361
80	53427
81	53713
82	54175
83	54341
84	54351
85	55539
86	55595
87	55627
88	55715
89	55957
90	56211
91	56243
92	56463
93	57441
94	57485
95	57575
96	57661
97	57883
98	57903
99	58321
100	58343
101	58345
102	58607
103	58653
104	58717
105	59003
106	59025
107	59047
108	59085
109	59093
110	59179
111	59247
112	59261
113	59335
114	59371
115	59553
116	59685
