# Verdict S: held-out sim (noise windows of run 039253 = file 1; seed 202), real rail 16383; PE_rec/PE_true median [16,84]

== sim arm nominal
     d     n |                    raw                   clip                   tail                twoside                   tmpl                tot_cal               tot_fill | winner (min |bias|+half-band)
  1.11   320 |  0.954 [0.948, 0.971]*  0.997 [0.996, 0.997]*  0.999 [0.998, 1.002]*  0.998 [0.997, 1.001]*  1.021 [1.015, 1.025]*  0.982 [0.953, 1.020]*  0.999 [0.999, 1.000]* | tot_fill
  1.43   320 |  0.925 [0.915, 0.941]*  0.965 [0.958, 0.971]*  1.020 [1.001, 1.125]*  1.012 [0.997, 1.075]*  1.057 [1.042, 1.121]*  1.003 [0.975, 1.041]*  0.996 [0.989, 1.001]* | tot_fill
  2.00   320 |  0.827 [0.808, 0.842]*  0.863 [0.851, 0.876]*  1.158 [1.095, 1.462]*  1.106 [1.058, 1.286]*  1.244 [1.162, 1.428]   1.003 [0.998, 1.008]*  0.994 [0.987, 1.004]* | tot_cal
  2.86   320 |  0.694 [0.676, 0.713]   0.733 [0.715, 0.751]   1.317 [1.191, 2.177]   1.212 [1.122, 1.652]   1.450 [1.307, 2.111]   1.000 [0.991, 1.011]*  0.993 [0.980, 1.004]* | tot_cal
  4.00   320 |  0.569 [0.553, 0.590]   0.611 [0.590, 0.631]   1.546 [1.331, 3.599]   1.348 [1.203, 2.298]   1.638 [1.449, 3.501]   1.002 [0.986, 1.016]*  0.992 [0.976, 1.007]* | tot_cal
  5.60   320 |  0.455 [0.441, 0.475]   0.497 [0.474, 0.514]   1.852 [1.555, 5.890]   1.536 [1.319, 3.178]   1.777 [1.595, 5.707]   1.004 [0.977, 1.018]*  0.993 [0.972, 1.006]* | tot_fill
  6.70   320 |  0.400 [0.383, 0.415]   0.439 [0.419, 0.457]   2.098 [1.717, 8.048]   1.627 [1.386, 3.999]   1.851 [1.652, 7.822]   1.005 [0.987, 1.028]*  0.993 [0.975, 1.015]* | tot_cal
 10.00   320 |  0.294 [0.274, 0.309]   0.332 [0.313, 0.348]   2.738 [2.131,15.383]   1.859 [1.540, 6.534]   1.934 [1.719,14.948]   1.005 [0.982, 1.029]*  0.991 [0.971, 1.010]* | tot_cal
 14.00   320 |  0.219 [0.203, 0.232]   0.257 [0.240, 0.266]   3.406 [2.658,26.499]   2.204 [1.582, 8.905]   1.949 [1.744,25.765]   1.001 [0.978, 1.019]*  0.991 [0.970, 1.009]* | tot_cal
 20.00   320 |  0.155 [0.143, 0.167]   0.186 [0.175, 0.200]   4.391 [3.297,48.206]   2.548 [1.885,12.643]   1.934 [1.742,46.923]   1.001 [0.977, 1.019]*  0.987 [0.964, 1.010]* | tot_cal
  (* = passes |bias| < 20 % and half-band < 30 %)
  deepest passing row per method: raw 2.0, clip 2.0, tail 2.0, twoside 2.0, tmpl 1.43, tot_cal 20.0, tot_fill 20.0

== sim arm ff+0.08
     d     n |                    raw                   clip                   tail                twoside                   tmpl                tot_cal               tot_fill | winner (min |bias|+half-band)
  1.11   128 |  0.957 [0.951, 0.973]*  0.997 [0.997, 0.998]*  0.998 [0.997, 0.999]*  0.998 [0.997, 0.999]*  1.014 [1.011, 1.018]*  1.043 [0.979, 1.096]*  0.999 [0.998, 0.999]* | tot_fill
  1.43   128 |  0.934 [0.925, 0.952]*  0.974 [0.970, 0.977]*  0.994 [0.988, 1.013]*  0.992 [0.986, 1.004]*  1.041 [1.031, 1.055]*  1.023 [0.994, 1.063]*  0.992 [0.990, 0.993]* | tot_fill
  2.00   128 |  0.844 [0.833, 0.866]*  0.882 [0.873, 0.899]*  1.103 [1.064, 1.285]*  1.065 [1.036, 1.170]*  1.166 [1.117, 1.254]*  1.008 [1.001, 1.019]*  0.979 [0.971, 0.986]* | tot_cal
  2.86   128 |  0.719 [0.703, 0.747]   0.759 [0.740, 0.777]   1.226 [1.120, 1.693]   1.138 [1.066, 1.385]*  1.340 [1.221, 1.640]   0.985 [0.975, 0.996]*  0.967 [0.952, 0.978]* | tot_cal
  4.00   128 |  0.599 [0.578, 0.625]   0.637 [0.620, 0.653]   1.400 [1.230, 2.362]   1.237 [1.126, 1.752]   1.519 [1.349, 2.324]   0.966 [0.949, 0.988]*  0.955 [0.933, 0.975]* | tot_cal
  5.60   128 |  0.483 [0.465, 0.505]   0.525 [0.503, 0.536]   1.618 [1.416, 4.037]   1.374 [1.224, 2.362]   1.644 [1.491, 3.993]   0.956 [0.938, 0.979]*  0.949 [0.922, 0.969]* | tot_cal
  6.70   128 |  0.426 [0.409, 0.447]   0.467 [0.447, 0.481]   1.820 [1.524, 5.450]   1.459 [1.258, 3.067]   1.721 [1.545, 5.243]   0.959 [0.925, 0.980]*  0.947 [0.921, 0.969]* | tot_cal
 10.00   128 |  0.319 [0.299, 0.337]   0.357 [0.338, 0.370]   2.322 [1.841, 9.763]   1.621 [1.362, 4.274]   1.807 [1.617, 9.421]   0.948 [0.920, 0.969]*  0.936 [0.904, 0.960]* | tot_cal
 14.00   128 |  0.238 [0.225, 0.258]   0.274 [0.261, 0.288]   2.913 [2.390,18.476]   1.833 [1.363, 6.107]   1.847 [1.678,17.821]   0.952 [0.917, 0.978]*  0.938 [0.898, 0.968]* | tot_cal
 20.00   128 |  0.174 [0.160, 0.191]   0.207 [0.191, 0.219]   3.693 [2.793,30.872]   2.232 [1.542, 9.016]   1.831 [1.666,30.095]   0.933 [0.893, 0.967]*  0.923 [0.893, 0.961]* | tot_cal
  (* = passes |bias| < 20 % and half-band < 30 %)
  deepest passing row per method: raw 2.0, clip 2.0, tail 2.0, twoside 2.86, tmpl 2.0, tot_cal 20.0, tot_fill 20.0

== sim arm ff-0.08
     d     n |                    raw                   clip                   tail                twoside                   tmpl                tot_cal               tot_fill | winner (min |bias|+half-band)
  1.11   128 |  0.950 [0.944, 0.969]*  0.996 [0.994, 0.997]*  1.001 [0.998, 1.004]*  1.000 [0.998, 1.003]*  1.029 [1.016, 1.038]*  0.951 [0.922, 0.978]*  1.000 [0.999, 1.002]* | tot_fill
  1.43   128 |  0.910 [0.893, 0.932]*  0.952 [0.936, 0.962]*  1.091 [1.049, 1.200]*  1.069 [1.028, 1.150]*  1.119 [1.081, 1.200]*  0.996 [0.984, 1.013]*  1.006 [0.999, 1.017]* | tot_fill
  2.00   128 |  0.800 [0.778, 0.829]*  0.841 [0.820, 0.859]*  1.247 [1.147, 1.666]   1.170 [1.094, 1.398]*  1.347 [1.234, 1.629]   1.012 [1.001, 1.024]*  1.015 [0.995, 1.032]* | tot_cal
  2.86   128 |  0.667 [0.637, 0.696]   0.711 [0.680, 0.729]   1.477 [1.272, 2.400]   1.329 [1.174, 1.907]   1.609 [1.399, 2.320]   1.025 [1.002, 1.050]*  1.021 [0.999, 1.051]* | tot_fill
  4.00   128 |  0.545 [0.515, 0.566]   0.586 [0.555, 0.603]   1.775 [1.467, 4.290]   1.517 [1.292, 2.801]   1.798 [1.568, 4.168]   1.032 [1.011, 1.058]*  1.029 [0.996, 1.054]* | tot_cal
  5.60   128 |  0.430 [0.402, 0.449]   0.471 [0.446, 0.487]   2.159 [1.757, 7.331]   1.739 [1.465, 4.008]   1.913 [1.711, 6.984]   1.043 [1.014, 1.077]*  1.036 [0.999, 1.066]* | tot_fill
  6.70   128 |  0.375 [0.349, 0.394]   0.414 [0.393, 0.433]   2.418 [1.948,11.172]   1.887 [1.515, 5.073]   1.970 [1.764,10.638]   1.049 [1.013, 1.083]*  1.039 [0.992, 1.072]* | tot_fill
 10.00   128 |  0.272 [0.249, 0.289]   0.311 [0.286, 0.327]   3.219 [2.417,21.175]   2.176 [1.673, 7.392]   2.032 [1.797,20.177]   1.046 [1.014, 1.081]*  1.038 [0.996, 1.070]* | tot_fill
 14.00   128 |  0.197 [0.183, 0.210]   0.235 [0.217, 0.248]   4.119 [3.111,34.853]   2.636 [2.087, 8.916]   2.052 [1.860,33.208]   1.052 [1.010, 1.091]*  1.041 [0.996, 1.074]* | tot_fill
 20.00   128 |  0.140 [0.128, 0.154]   0.171 [0.156, 0.183]   5.209 [3.819,63.583]   2.959 [2.035,15.550]   2.034 [1.824,60.379]   1.037 [1.012, 1.066]*  1.039 [0.998, 1.071]* | tot_cal
  (* = passes |bias| < 20 % and half-band < 30 %)
  deepest passing row per method: raw 2.0, clip 2.0, tail 1.43, twoside 2.0, tmpl 1.43, tot_cal 20.0, tot_fill 20.0

== sim arm tau_s+20
     d     n |                    raw                   clip                   tail                twoside                   tmpl                tot_cal               tot_fill | winner (min |bias|+half-band)
  1.11   128 |  0.949 [0.942, 0.966]*  0.997 [0.996, 0.997]*  0.998 [0.998, 1.001]*  0.998 [0.997, 1.000]*  1.018 [1.013, 1.023]*  0.977 [0.934, 1.018]*  0.999 [0.999, 1.000]* | tot_fill
  1.43   128 |  0.923 [0.912, 0.938]*  0.969 [0.964, 0.973]*  1.009 [0.996, 1.066]*  1.004 [0.992, 1.052]*  1.051 [1.034, 1.090]*  0.974 [0.941, 1.010]*  0.992 [0.989, 0.998]* | tot_fill
  2.00   128 |  0.831 [0.813, 0.846]*  0.873 [0.863, 0.886]*  1.141 [1.084, 1.367]*  1.094 [1.050, 1.238]*  1.209 [1.150, 1.336]   0.971 [0.960, 0.978]*  0.988 [0.981, 0.998]* | tot_fill
  2.86   128 |  0.704 [0.684, 0.727]   0.749 [0.733, 0.765]   1.330 [1.176, 1.964]   1.220 [1.107, 1.518]   1.448 [1.280, 1.892]   0.978 [0.963, 0.994]*  0.994 [0.978, 1.008]* | tot_fill
  4.00   128 |  0.581 [0.562, 0.605]   0.627 [0.610, 0.646]   1.608 [1.342, 3.158]   1.402 [1.206, 2.144]   1.694 [1.454, 3.106]   1.000 [0.969, 1.024]*  1.003 [0.982, 1.028]* | tot_fill
  5.60   128 |  0.466 [0.444, 0.485]   0.514 [0.493, 0.528]   1.994 [1.646, 6.502]   1.624 [1.406, 3.270]   1.884 [1.661, 6.355]   1.029 [0.997, 1.066]*  1.030 [0.997, 1.063]* | tot_fill
  6.70   128 |  0.406 [0.386, 0.427]   0.454 [0.434, 0.475]   2.291 [1.822, 9.380]   1.775 [1.454, 4.936]   1.980 [1.738, 9.130]   1.054 [1.009, 1.092]*  1.051 [1.009, 1.092]* | tot_fill
 10.00   128 |  0.299 [0.276, 0.316]   0.344 [0.325, 0.361]   3.232 [2.385,21.720]   2.175 [1.681, 9.126]   2.138 [1.852,21.039]   1.100 [1.052, 1.159]*  1.085 [1.041, 1.144]* | tot_fill
 14.00   128 |  0.219 [0.201, 0.234]   0.262 [0.245, 0.273]   4.285 [3.278,43.961]   2.682 [2.001,13.431]   2.224 [1.982,42.742]   1.135 [1.093, 1.229]*  1.128 [1.087, 1.203]* | tot_fill
 20.00   128 |  0.156 [0.142, 0.170]   0.188 [0.175, 0.204]   5.765 [4.034,92.084]   3.286 [2.132,23.888]   2.237 [2.011,89.800]   1.166 [1.104, 1.261]*  1.164 [1.091, 1.270]* | tot_cal
  (* = passes |bias| < 20 % and half-band < 30 %)
  deepest passing row per method: raw 2.0, clip 2.0, tail 2.0, twoside 2.0, tmpl 1.43, tot_cal 20.0, tot_fill 20.0

== sim arm tau_s-20
     d     n |                    raw                   clip                   tail                twoside                   tmpl                tot_cal               tot_fill | winner (min |bias|+half-band)
  1.11   128 |  0.959 [0.954, 0.977]*  0.997 [0.996, 0.997]*  0.999 [0.998, 1.004]*  0.998 [0.998, 1.002]*  1.023 [1.018, 1.028]*  1.011 [0.973, 1.044]*  0.999 [0.999, 1.000]* | tot_fill
  1.43   128 |  0.927 [0.913, 0.940]*  0.959 [0.950, 0.967]*  1.066 [1.007, 1.184]*  1.051 [1.003, 1.142]*  1.094 [1.051, 1.169]*  1.048 [1.012, 1.098]*  1.000 [0.990, 1.006]* | tot_fill
  2.00   128 |  0.816 [0.801, 0.836]*  0.846 [0.832, 0.863]*  1.176 [1.111, 1.550]*  1.117 [1.067, 1.350]*  1.265 [1.187, 1.517]   1.043 [1.034, 1.060]*  0.997 [0.990, 1.006]* | tot_fill
  2.86   128 |  0.684 [0.662, 0.703]   0.716 [0.690, 0.737]   1.326 [1.190, 2.225]   1.208 [1.111, 1.605]   1.461 [1.306, 2.154]   1.018 [1.008, 1.033]*  0.983 [0.972, 0.995]* | tot_fill
  4.00   128 |  0.558 [0.539, 0.577]   0.592 [0.567, 0.612]   1.482 [1.303, 3.336]   1.300 [1.174, 2.209]   1.579 [1.423, 3.244]   0.993 [0.973, 1.007]*  0.960 [0.943, 0.979]* | tot_cal
  5.60   128 |  0.444 [0.425, 0.457]   0.479 [0.458, 0.494]   1.683 [1.471, 5.157]   1.405 [1.264, 2.859]   1.654 [1.513, 5.011]   0.953 [0.932, 0.979]*  0.936 [0.915, 0.955]* | tot_cal
  6.70   128 |  0.389 [0.372, 0.408]   0.425 [0.400, 0.442]   1.852 [1.576, 6.269]   1.454 [1.280, 3.801]   1.686 [1.542, 6.092]   0.945 [0.913, 0.960]*  0.926 [0.889, 0.947]* | tot_cal
 10.00   128 |  0.288 [0.271, 0.302]   0.321 [0.297, 0.338]   2.250 [1.836,10.049]   1.552 [1.329, 4.739]   1.702 [1.552, 9.759]   0.900 [0.867, 0.923]*  0.889 [0.840, 0.910]* | tot_cal
 14.00   128 |  0.214 [0.202, 0.226]   0.247 [0.231, 0.259]   2.714 [2.235,14.741]   1.780 [1.504, 4.889]   1.697 [1.555,14.254]   0.872 [0.816, 0.899]*  0.866 [0.796, 0.890]* | tot_cal
 20.00   128 |  0.156 [0.144, 0.168]   0.185 [0.172, 0.197]   3.291 [2.602,21.811]   1.942 [1.444, 7.202]   1.653 [1.527,21.230]   0.846 [0.757, 0.875]*  0.841 [0.748, 0.867]* | tot_cal
  (* = passes |bias| < 20 % and half-band < 30 %)
  deepest passing row per method: raw 2.0, clip 2.0, tail 2.0, twoside 2.0, tmpl 1.43, tot_cal 20.0, tot_fill 20.0

== sim arm spread5
     d     n |                    raw                   clip                   tail                twoside                   tmpl                tot_cal               tot_fill | winner (min |bias|+half-band)
  1.11   128 |  0.953 [0.947, 0.968]*  0.993 [0.992, 0.993]*  1.008 [1.004, 1.019]*  1.008 [1.004, 1.019]*  1.048 [1.043, 1.053]*  0.978 [0.954, 0.998]*  1.005 [1.003, 1.006]* | tot_fill
  1.43   128 |  0.895 [0.881, 0.913]*  0.934 [0.926, 0.939]*  1.117 [1.075, 1.275]*  1.097 [1.062, 1.214]*  1.152 [1.115, 1.238]*  1.001 [0.993, 1.014]*  1.006 [1.002, 1.012]* | tot_fill
  2.00   128 |  0.780 [0.766, 0.797]   0.818 [0.805, 0.827]*  1.242 [1.159, 1.710]   1.180 [1.117, 1.494]*  1.353 [1.257, 1.668]   1.010 [1.004, 1.019]*  1.009 [1.001, 1.019]* | tot_cal
  2.86   128 |  0.649 [0.624, 0.665]   0.686 [0.668, 0.695]   1.459 [1.290, 2.662]   1.327 [1.201, 1.937]   1.587 [1.415, 2.557]   1.017 [1.003, 1.029]*  1.013 [0.999, 1.027]* | tot_fill
  4.00   128 |  0.528 [0.506, 0.543]   0.564 [0.547, 0.574]   1.735 [1.489, 4.520]   1.509 [1.310, 2.853]   1.758 [1.575, 4.394]   1.019 [1.001, 1.034]*  1.014 [0.996, 1.030]* | tot_fill
  5.60   128 |  0.418 [0.396, 0.429]   0.454 [0.439, 0.465]   2.123 [1.781, 7.847]   1.729 [1.494, 4.337]   1.881 [1.699, 7.625]   1.027 [1.007, 1.047]*  1.019 [1.002, 1.037]* | tot_fill
  6.70   128 |  0.364 [0.346, 0.376]   0.400 [0.385, 0.413]   2.382 [1.958,10.656]   1.899 [1.607, 6.117]   1.937 [1.745,10.351]   1.027 [1.008, 1.050]*  1.019 [1.001, 1.040]* | tot_fill
 10.00   128 |  0.264 [0.248, 0.275]   0.299 [0.282, 0.311]   3.154 [2.440,20.495]   2.343 [1.878,10.308]   1.987 [1.799,19.889]   1.029 [1.011, 1.052]*  1.020 [0.998, 1.042]* | tot_fill
 14.00   128 |  0.195 [0.181, 0.204]   0.228 [0.213, 0.238]   4.061 [3.185,36.015]   2.847 [2.298,15.342]   2.017 [1.850,35.002]   1.037 [1.013, 1.062]*  1.026 [1.008, 1.053]* | tot_fill
 20.00   128 |  0.139 [0.128, 0.147]   0.166 [0.153, 0.176]   5.195 [3.908,64.381]   3.439 [2.702,24.775]   1.998 [1.815,62.413]   1.026 [0.999, 1.046]*  1.031 [1.000, 1.046]* | tot_cal
  (* = passes |bias| < 20 % and half-band < 30 %)
  deepest passing row per method: raw 1.43, clip 2.0, tail 1.43, twoside 2.0, tmpl 1.43, tot_cal 20.0, tot_fill 20.0

== sim arm pileup
     d     n |                    raw                   clip                   tail                twoside                   tmpl                tot_cal               tot_fill | winner (min |bias|+half-band)
  1.11   128 |  0.941 [0.916, 0.962]*  0.997 [0.997, 0.998]*  0.999 [0.998, 1.001]*  0.999 [0.998, 1.001]*  1.017 [1.012, 1.021]*  0.767 [0.740, 0.795]   0.999 [0.999, 1.000]* | tot_fill
  1.43   128 |  0.913 [0.887, 0.938]*  0.973 [0.966, 0.978]*  1.010 [1.000, 1.078]*  1.007 [0.997, 1.058]*  1.043 [1.028, 1.090]*  0.781 [0.749, 0.834]   0.995 [0.988, 0.999]* | tot_fill
  2.00   128 |  0.818 [0.786, 0.847]*  0.880 [0.836, 0.897]*  1.187 [1.081, 1.544]*  1.139 [1.049, 1.427]*  1.240 [1.144, 1.596]   0.784 [0.774, 1.151]   0.994 [0.978, 1.134]* | tot_fill
  2.86   128 |  0.676 [0.632, 0.722]   0.743 [0.687, 0.787]   1.653 [1.200, 2.998]   1.457 [1.129, 2.323]   1.755 [1.292, 2.913]   0.802 [0.775, 1.277]*  0.988 [0.965, 1.265]* | tot_fill
  4.00   128 |  0.544 [0.499, 0.577]   0.606 [0.552, 0.648]   2.494 [1.411, 6.903]   2.001 [1.278, 3.749]   2.335 [1.505, 6.705]   1.193 [0.778, 1.541]   1.172 [0.938, 1.516]* | clip
  5.60   128 |  0.404 [0.383, 0.441]   0.463 [0.435, 0.504]   3.947 [2.173,17.526]   2.936 [1.825, 7.735]   3.005 [2.007,17.122]   1.361 [1.111, 1.694]   1.346 [1.100, 1.677]  | clip
  6.70   128 |  0.355 [0.321, 0.376]   0.411 [0.376, 0.436]   5.614 [2.912,37.339]   3.839 [2.206,14.166]   3.322 [2.225,36.908]   1.483 [1.219, 1.916]   1.465 [1.207, 1.910]  | clip
 10.00   128 |  0.241 [0.219, 0.259]   0.284 [0.270, 0.307]   6.475 [3.640,82.061]   3.993 [2.530,23.851]   3.279 [2.236,78.932]   1.454 [1.198, 1.893]   1.439 [1.190, 1.890]  | clip
 14.00   128 |  0.172 [0.158, 0.183]   0.207 [0.192, 0.222]   9.184 [4.586,103.092]   5.246 [3.030,26.947]   3.357 [2.313,100.112]   1.444 [1.180, 1.841]   1.454 [1.162, 1.934]  | tot_cal
 20.00   128 |  0.120 [0.112, 0.129]   0.145 [0.136, 0.155]  11.404 [5.710,289.546]   5.602 [3.371,53.267]   3.721 [2.168,276.033]   1.383 [1.162, 1.707]   1.469 [1.208, 2.004]  | tot_cal
  (* = passes |bias| < 20 % and half-band < 30 %)
  deepest passing row per method: raw 2.0, clip 2.0, tail 2.0, twoside 2.0, tmpl 1.43, tot_cal 2.86, tot_fill 4.0
