# ToT calibration from the sim TRAINING set (noise windows of run 039252 = file 0; seed 101); d log-uniform in [1.05, 25]
  chan    n                        ToT nodes (ticks)  ->  PE/R nodes
  1010  300 7 12 20 29 48 65 86 104 114 123 133 143 159 169 176 190 209 219 235 244 254 268 275 292  ->  0.104 0.112 0.122 0.138 0.163 0.189 0.225 0.269 0.295 0.326 0.362 0.405 0.481 0.533 0.567 0.667 0.804 0.936 1.073 1.235 1.372 1.614 1.767 2.129
  1011  300 8 16 48 62 75 85 106 112 126 132 143 157 168 180 192 205 217 228 240 252 260 271 286 299  ->  0.152 0.174 0.196 0.223 0.254 0.279 0.348 0.368 0.427 0.458 0.507 0.592 0.660 0.777 0.892 1.031 1.156 1.332 1.584 1.785 1.901 2.247 2.634 3.055
  1020  300 8 12 28 56 65 74 90 108 116 129 138 146 169 177 191 206 226 246 264 278 289 306 319 332  ->  0.193 0.225 0.245 0.308 0.342 0.382 0.452 0.530 0.587 0.663 0.719 0.800 0.949 1.032 1.168 1.373 1.606 1.883 2.250 2.477 2.722 3.233 3.576 3.957
  1021  300 9 15 44 62 78 94 108 126 134 150 166 182 192 206 223 238 257 268 288 306 317 334 342 358  ->  0.127 0.144 0.172 0.207 0.244 0.284 0.324 0.380 0.411 0.472 0.543 0.614 0.684 0.771 0.892 1.009 1.161 1.273 1.534 1.769 1.934 2.197 2.363 2.673
  1030  300 6 12 37 48 60 70 80 93 104 117 136 146 166 176 192 208 224 252 270 288 297 310 325 334  ->  0.122 0.135 0.155 0.176 0.198 0.220 0.243 0.277 0.311 0.350 0.427 0.471 0.560 0.624 0.717 0.816 0.947 1.252 1.430 1.701 1.833 2.087 2.306 2.482
  1031  300 8 14 39 55 72 86 102 118 138 155 167 176 192 210 225 244 254 259 272 289 302 320 337 364  ->  0.129 0.149 0.167 0.193 0.228 0.259 0.302 0.349 0.418 0.484 0.546 0.579 0.678 0.784 0.889 1.027 1.113 1.190 1.321 1.481 1.680 1.957 2.239 2.738
  1040  300 7 11 36 51 72 82 98 118 133 146 157 173 186 198 214 226 238 248 258 271 286 299 318 330  ->  0.121 0.132 0.158 0.182 0.222 0.246 0.288 0.353 0.409 0.463 0.511 0.598 0.676 0.755 0.873 0.955 1.075 1.163 1.282 1.463 1.650 1.870 2.182 2.389
  1041  300 6 13 18 40 50 60 77 86 98 114 126 142 152 167 186 199 223 234 244 260 273 292 306 335  ->  0.144 0.157 0.180 0.201 0.223 0.246 0.295 0.325 0.370 0.431 0.478 0.560 0.615 0.708 0.843 0.952 1.221 1.288 1.453 1.618 1.826 2.155 2.454 3.107
  1050  300 5 16 19 53 59 72 82 100 119 131 152 168 180 198 213 230 244 258 277 292 306 320 328 349  ->  0.086 0.104 0.111 0.133 0.141 0.161 0.180 0.215 0.256 0.291 0.350 0.406 0.454 0.523 0.600 0.688 0.778 0.886 1.032 1.174 1.296 1.461 1.569 1.826
  1051  300 4 5 14 40 53 72 88 137 163 178 201 213 237 260 274 289 304 314 328 350 372 391 406 417  ->  0.016 0.016 0.019 0.023 0.026 0.029 0.033 0.039 0.048 0.053 0.063 0.068 0.081 0.095 0.105 0.117 0.129 0.139 0.155 0.181 0.213 0.244 0.273 0.295
  1060  300 8 10 18 48 70 81 92 112 124 136 152 169 186 202 209 222 237 259 270 282 291 310 332 352  ->  0.189 0.206 0.232 0.281 0.345 0.380 0.423 0.506 0.561 0.636 0.737 0.829 0.986 1.104 1.228 1.318 1.554 1.890 2.041 2.211 2.438 2.861 3.470 3.905
  1061  300 9 12 37 56 66 79 94 101 114 133 148 161 172 184 203 214 235 248 263 282 293 306 322 342  ->  0.125 0.135 0.159 0.193 0.213 0.246 0.280 0.305 0.347 0.417 0.473 0.525 0.586 0.654 0.761 0.852 1.015 1.129 1.286 1.479 1.616 1.814 2.065 2.466
  1070  300 11 17 42 60 76 88 101 115 124 141 157 170 186 197 215 238 264 270 282 294 310 332 338 352  ->  0.102 0.111 0.122 0.143 0.165 0.183 0.207 0.233 0.258 0.299 0.347 0.387 0.450 0.497 0.590 0.724 0.887 0.954 1.046 1.170 1.337 1.593 1.720 1.945
  1071  300 8 29 56 70 84 98 116 134 143 158 174 185 202 215 243 251 266 279 286 306 320 332 352 370  ->  0.116 0.136 0.161 0.184 0.211 0.237 0.284 0.331 0.362 0.402 0.466 0.516 0.601 0.667 0.856 0.925 1.092 1.159 1.226 1.438 1.636 1.787 2.131 2.431
  1080  300 8 13 30 41 60 74 92 112 122 132 152 165 179 197 210 224 238 247 263 280 296 309 322 344  ->  0.165 0.176 0.197 0.215 0.256 0.289 0.338 0.404 0.440 0.485 0.579 0.654 0.733 0.867 0.980 1.094 1.251 1.375 1.579 1.834 2.118 2.383 2.756 3.275
  1081  300 7 14 20 47 63 76 95 108 120 139 147 164 180 192 214 227 242 264 277 294 305 320 335 345  ->  0.184 0.213 0.235 0.270 0.312 0.356 0.423 0.474 0.530 0.629 0.687 0.787 0.905 1.020 1.238 1.402 1.624 1.930 2.171 2.509 2.785 3.198 3.590 3.934
tot_fill self-check: |integer width at the solved level - ToT| max 3 tick(s) (fractional crossings make the continuous width exact)
