   run   event idx clus stm mic reject                  len_cm     KEr     KEq   KEmcs  Michel   Mbest flash      t_us       PE
 39252  298567   0   75   1   1 -                        321.8   740.8   789.6   755.8    34.0    28.3   237    4450.0    17525
 39252  298567   0   76   1   0 -                        359.3   827.8   857.8   794.0     0.8     0.5   156    2778.2    19900
 39252  298567   0   77   1   0 -                        123.1   300.5   352.9   288.0     1.6     0.0   198    3436.4     2489
 39252  298567   0   83   1   1 -                        104.8   261.5   249.5   265.0    21.9    16.8   328    5976.0     1644
 39252  298567   0   98   1   1 -                        389.4   898.6   782.5   787.6    30.3    33.7   167    2924.9    21994
 39252  298581   1   30   1   1 -                        134.3   324.4   400.0   307.4    38.4    26.5    72    1437.1     6936
 39252  298581   1   36   0   0 stop_near_boundary       225.7   523.5   492.3   493.5     6.8     0.0   252    4871.8     5939
 39252  298581   1  114   1   1 -                        527.7  1201.0  1326.1  1155.3     9.9    12.1   250    4838.1    15995
 39252  298595   2   36   1   1 -                         32.3   104.3   115.2    -1.0    34.9    10.7    96    2034.7     1448
 39252  298595   2   51   1   1 -                         31.8   103.1   117.7    -1.0    30.2    35.4   233    4913.9     2582
 39252  298595   2   90   1   1 -                         63.6   173.8   166.7   168.2    41.1    22.8   319    6484.4      826
 39252  298609   3   40   1   1 -                        263.4   607.7   711.0   574.2    33.7    19.5   280    4700.5     6925
 39252  298609   3   77   1   1 -                        217.4   505.1   576.5   480.6    26.2    22.8   155    2602.2     6765
 39252  298609   3   83   1   0 -                         38.4   118.3    92.9    -1.0    16.7     0.0   118    1960.3      750
 39252  298609   3   85   1   0 -                        135.7   327.5   356.9   295.5     8.3     0.0   303    5189.6     2884
 39252  298609   3   89   1   1 -                         89.5   229.2   225.0   210.5    32.6    22.7   320    5525.7      873
 39252  298609   3  103   1   1 -                        221.4   513.8   158.8   204.0    26.2    16.1   320    5525.7      873
 39252  298609   3  112   1   1 -                        521.9  1188.7  1253.3  1136.9    21.1    21.8   304    5193.3    18967
 39252  298623   4  104   0   1 no_bragg+shape_flat      258.4   596.4   620.1  1357.7     1.9     1.6   160    2936.1    19859
 39252  298623   4  107   0   0 shape_flat+profile_spa   300.0   690.8   563.8   360.2     0.0     0.0   261    4846.6     4976
 39252  298623   4  108   0   0 shape_flat               288.1   663.6   493.6   623.2    20.6     0.0   294    5449.3    14876
 39252  298637   5   78   1   1 -                        294.0   677.1   720.2   708.1    32.7    17.7   287    4774.9     9437
 39252  298637   5   79   0   0 plateau_off_mip          257.2   593.8   283.7   388.4     6.9     5.6   359    6017.8     1886
 39252  298637   5   82   0   0 profile_sparse           146.7   351.1   113.7    88.6     0.3     0.0   294    4939.6      641
 39252  298637   5   86   1   0 -                         65.1   177.0   204.2   157.6    33.4     0.0   139    2203.7     2373
 39252  298637   5   87   0   0 shape_flat+plateau_off   510.7  1165.2  1030.0  2418.1     0.0     0.0   227    3727.2    15172
 39252  298637   5  121   0   0 no_bragg+shape_flat+pl   163.6   387.5    89.9    40.2     0.3     0.0   189    3277.3      159
 39252  298637   5  129   1   1 -                        453.3  1044.6   978.9   976.9    35.9    45.8   236    3954.3    12012
 39252  298651   6   30   0   0 no_bragg+shape_flat      245.5   567.6   625.0   909.8     0.8     0.0   273    5053.7      736
 39252  298651   6   40   0   0 continuation             158.5   376.5   400.1  1529.5    35.3     0.0   283    5202.6    20018
 39252  298651   6   90   0   0 stop_near_boundary        70.1   187.7   159.9   245.2     1.8     0.0   104    1983.6     1180
 39252  298651   6   94   1   0 -                        102.7   257.0   284.1   249.9    10.5     5.8   383    6849.1      869
 39252  298651   6   97   1   1 -                        116.1   285.6   271.2   247.8    28.3     9.8   280    5135.5     1450
 39252  298651   6  100   0   0 no_bragg+shape_flat       69.7   186.9   167.1   373.9     2.5     0.0   171    3132.3     1585
 39252  298651   6  110   0   0 not_muon_pid              23.6    83.7   155.2    -1.0     2.5     0.0   267    4968.4     2023
 39252  298665   7   27   0   0 shape_flat               438.0  1012.4  1044.6  1728.4     5.7     0.0   194    3406.3     9931
 39252  298665   7   28   0   0 shape_flat                46.1   135.6    67.1   112.8     1.6     0.0   149    2505.5      933
 39252  298665   7   29   0   0 no_bragg+shape_flat      139.5   335.5   350.5   722.7     2.6     0.0   294    5272.9     1996
 39252  298665   7   33   0   0 no_bragg+shape_flat+pl    92.3   235.1   137.4   120.7     5.9     5.1   285    5034.8      675
 39252  298665   7   71   0   0 no_bragg+shape_flat      265.1   611.5   653.2   904.9     2.7     0.0   300    5347.6     5590
 39252  298665   7   91   0   1 no_bragg+shape_flat      110.7   274.1   247.7   454.3    31.7    11.3   329    5721.3     1214
 39252  298665   7   92   1   1 -                        323.8   745.5   793.8   717.2    31.3    34.8   218    3778.3    19810
 39252  298665   7   96   1   1 -                         84.8   219.2   227.0   240.3    35.0    28.9   340    6060.8      939
 39252  298679   8   38   1   1 -                        174.7   411.5   472.5   365.5    34.4    28.2   305    5063.4     8764
 39252  298679   8   43   1   0 -                        227.3   526.9   541.8   453.5    11.3     0.0   118    2118.8     6556
 39252  298679   8   51   0   0 no_bragg+shape_flat       91.5   233.3   163.1    52.4     9.8     0.0   117    2093.5     4091
 39252  298679   8   82   0   0 stop_unmatched+no_brag    63.5   173.6    23.2    34.5    52.2     0.0   431    7136.0     3253
 39252  298679   8   84   0   0 plateau_off_mip          482.8  1106.6   893.0   919.5     7.1     0.0   279    4591.4    10669
 39252  298679   8   93   1   1 -                        351.4   809.5   890.4  1038.6    20.1     7.5    93    1699.1    34905
 39252  298679   8   96   1   1 -                        163.4   387.0   463.7   415.7    13.0     9.3   281    4637.8     6110
 39252  298679   8  102   1   0 -                         40.4   122.8    78.8   213.1     6.4     0.0   402    6741.1     1539
 39252  298679   8  105   0   0 profile_sparse           132.2   320.0   172.8   186.4     3.9     0.0   398    6626.6     1206
 39252  298679   8  110   1   1 -                        103.8   259.5   215.0   283.9    29.0    25.6   117    2093.5     4091
 39252  298679   8  120   0   0 no_bragg+shape_flat      449.4  1036.5   963.2   953.1     6.3     0.0   224    3687.0    14050
 39252  298693   9   48   1   0 -                        350.1   806.5   653.9   966.6     2.1     2.5   294    5248.2    15810
 39252  298693   9   49   1   1 -                         31.0   101.4   111.9    -1.0    41.4    28.1   352    6307.8      349
 39252  298693   9   51   1   1 -                         21.9    79.7    79.2    -1.0     8.2     0.3   242    4398.3      616
 39252  298693   9   74   1   0 -                        250.1   577.9   624.4   551.4     5.8     5.5   158    3073.2     5019
 39252  298693   9   77   0   0 vertex_hadron+plateau_   265.6   612.8   506.8   478.5     0.0     0.0   172    3414.3     3456
 39252  298693   9   88   1   0 -                         91.4   233.1   221.8   225.4     2.3     0.0   194    3786.0     1831
 39252  298693   9   95   1   1 -                        117.6   288.8   303.9   264.2    23.6    27.5   204    3922.0     1840
 39252  298693   9  103   1   1 -                        106.0   264.2   196.7   261.4    15.7    10.3   128    2562.2     1636
 39252  298707  10   33   0   0 shape_flat                70.6   188.7   154.6   182.9    15.5     0.0   326    6095.9      684
 39252  298707  10   69   0   0 shape_flat               254.3   587.3   607.4   969.5    30.3     0.0   204    3704.3      815
 39252  298707  10   74   1   1 -                        332.8   766.2   759.5   796.2    29.9    20.2   203    3695.9    18421
 39252  298707  10   95   0   0 shape_flat               238.5   551.8   641.1   524.4    13.1     0.0   119    2422.2    21671
 39252  298707  10  101   1   0 -                        139.5   335.5   319.6   505.5     2.4     0.0   277    4983.0     5400
 39252  298721  11   27   0   0 no_bragg+shape_flat      205.8   479.6   450.9   457.7     7.0     0.0   315    5773.2     6350
 39252  298735  12   36   1   0 -                        153.9   366.4   390.9   338.4     0.9     0.0   234    4020.5    24580
 39252  298735  12   40   0   0 no_bragg+shape_flat       86.2   222.0   238.0  1822.2     1.7     0.0   360    6454.0     3710
 39252  298735  12   84   0   1 no_bragg+shape_flat      127.0   308.9   315.8  1393.0     7.2     3.3   250    4314.6    10031
 39252  298735  12   93   1   1 -                        151.7   361.8   411.3   325.0    51.8    30.0   205    3556.6     3710
 39252  298735  12   96   1   0 -                        123.6   301.7   331.3   268.7    19.9     2.5   115    2101.2     2427
 39252  298735  12  110   0   0 no_bragg                  63.7   173.9   113.0   248.5    32.9     0.0   157    2776.1    42704
 39252  298735  12  113   0   0 no_bragg+plateau_off_m   185.7   435.3   209.7    -1.0     0.9     0.0   320    5596.6      775
 39252  298735  12  117   1   1 -                        246.8   570.4   541.9   532.4    35.4    33.6   142    2594.6    11514
 39252  298749  13   66   0   0 no_bragg+shape_flat       64.7   176.2   165.9   394.5     1.8     0.0   243    4102.5      639
 39252  298749  13   69   1   1 -                        533.7  1213.6  1219.7  1151.2    43.9    39.6   264    4556.8    20904
 39252  298763  14   37   1   0 -                        102.4   256.4   267.3   235.0    17.5     0.0   213    4337.7     2461
 39252  298763  14   39   0   0 no_bragg+shape_flat      216.5   503.1   567.2  1251.0     0.0     0.0   121    2566.5    18766
 39252  298763  14   67   0   0 shape_flat+stop_near_b   125.8   306.3    44.8    -1.0     0.0     0.0   187    3824.5      489
 39252  298763  14   80   0   0 no_bragg+shape_flat      313.6   721.9   680.5  1042.0     0.0     0.0   184    3813.4     7657
 39252  298763  14   86   1   1 -                        104.2   260.3   249.8   259.4    31.1    21.9   261    5279.5     2393
 39252  298777  15   31   1   1 -                         94.5   239.7   236.3   220.9    38.9    45.4    61     962.1    22022
 39252  298777  15   33   0   0 shape_flat                31.5   102.5    79.2    -1.0     6.8     0.0   310    6372.5      711
 39252  298777  15   77   0   0 shape_flat+plateau_off    95.1   241.1   105.3   991.6     0.0     0.0   146    2867.7      207
 39252  298777  15   83   1   1 -                        108.7   269.9   303.4   310.6    39.8    55.3   298    6199.7     4442
 39252  298777  15   88   1   1 -                        203.9   475.3   427.2   426.4    57.9    46.0   140    2667.1     3843
 39252  298777  15   89   1   1 -                         31.3   102.1   111.9    -1.0    37.6     7.9   226    4824.5      405
 39252  298777  15   94   1   1 -                        178.4   419.4   457.6   413.8    31.0    52.2   210    4512.8     2594
 39252  298791  16   30   1   1 -                        268.7   619.7   652.3  2824.2    46.2    28.0   287    5343.2     9488
 39252  298791  16   31   0   0 no_bragg+shape_flat      200.9   468.8   523.4  1953.7     5.3     0.0   220    4051.4     9577
 39252  298791  16   40   1   0 -                         72.0   191.7   237.7   174.9     2.3     3.4   257    4750.8     7506
 39252  298791  16   44   1   1 -                        507.3  1158.0  1139.7  1120.6    55.4    24.7   243    4498.3     7125
 39252  298791  16   76   0   0 no_bragg+shape_flat      435.0  1006.2  1002.3   958.6     1.3     0.0   178    3239.3    19595
 39252  298791  16   80   0   0 no_bragg+shape_flat      135.9   327.9   214.6    69.9     1.1     0.0   200    3600.4     1376
 39252  298791  16   99   1   1 -                        293.7   676.4   742.7   638.8    23.3    24.0   217    4013.6     4899
 39252  298791  16  104   1   1 -                         14.0    59.0    62.6    -1.0    41.6    27.7   138    2637.8      230
 39252  298791  16  114   1   0 -                        154.1   367.0   405.6   329.2     1.6     1.0   294    5503.1     4621
 39252  298791  16  117   0   0 shape_flat+profile_spa   183.8   431.2   238.0   327.1     4.9     0.0   157    2883.9     4739
 39252  298791  16  127   1   1 -                        512.1  1168.1  1263.5  1123.5    24.3    12.9   258    4756.7    20648
 39253   49686   0   35   0   0 no_bragg                  42.8   128.1    85.0   204.7     2.8     0.0   136    2492.5      165
 39253   49686   0   39   1   1 -                         80.8   210.7   241.3   197.1    31.8     9.2   242    4644.1     2090
 39253   49686   0   43   0   0 shape_flat+profile_spa   249.4   576.3   445.7   407.9     1.5     0.0   288    5455.6    15353
 39253   49686   0   88   0   0 shape_flat+plateau_off    85.1   219.7    79.5     0.0     2.3     0.0   136    2492.5      165
 39253   49686   0   90   1   0 -                        389.7   899.4   973.1   860.2    11.9     0.0   288    5455.6    15353
 39253   49686   0  104   1   1 -                         90.6   231.4   257.5   207.2    21.2     5.4   284    5388.5     1759
 39253   49686   0  113   1   1 -                         17.4    68.1    63.1    -1.0    36.1    26.2   196    3840.8      261
 39253   49706   1   31   1   0 -                        220.3   511.5   530.2   523.3     8.5     4.5   342    6016.9     5064
 39253   49706   1   75   1   0 -                         63.1   172.6   214.9   230.9     0.0     0.0   226    3892.9     1984
 39253   49706   1   93   0   0 no_bragg+shape_flat      297.3   684.6   538.8  1826.7    15.6     0.0   171    3065.6     9417
 39253   49706   1  101   0   0 not_muon_pid              94.2   239.0   424.9   451.9    30.8     0.0   279    5009.4     3914
 39253   49726   2   13   0   0 shape_flat               244.5   565.2   571.6   898.3    19.6     0.0   337    6142.3     1610
 39253   49726   2   32   1   1 -                         22.8    81.7    81.9    -1.0    42.9    20.1   112    2289.4      694
 39253   49726   2   74   0   0 no_bragg+shape_flat+pl   138.5   333.3   125.5   381.6     0.0     0.0   317    5778.8      858
 39253   49726   2   78   1   1 -                        308.6   710.6   726.9   648.7    42.3    21.6   229    4328.4     6014
 39253   49726   2   86   0   0 stop_unmatched+plateau   295.9   681.4   314.7    43.9     8.4     0.0   126    2569.8     2831
 39253   49726   2   92   1   1 -                        252.4   583.0   581.7   615.0    33.1    20.8   172    3402.0     7974
 39253   49726   2   95   0   0 no_bragg+shape_flat       59.1   164.1   138.5   301.7     3.7     0.0   154    3101.8     1780
 39253   49726   2   98   0   1 no_bragg+shape_flat+ve   208.8   486.1   420.8   308.9     8.9     0.0   348    6246.7     1189
 39253   49726   2  102   1   0 -                        378.0   871.8   941.9   854.4     0.7     0.0   204    4038.4    10147
 39253   49726   2  112   0   0 no_bragg+shape_flat      182.4   428.2   444.1   429.5     0.0     0.0   247    4722.3     4733
 39253   49726   2  117   1   1 -                         77.4   203.3    38.3    40.4    66.8    18.1   348    6246.7     1189
 39253   49726   2  121   1   1 -                         72.1   192.0   214.3   175.0    28.5     8.4   217    4152.0     1750
 39253   49746   3   31   1   1 -                        115.2   283.7   282.4   286.0    30.2    19.2   392    7060.1     1712
 39253   49746   3   32   0   0 no_bragg+shape_flat       49.4   142.8    93.8   141.7    10.5     0.0   154    2731.0     4073
 39253   49746   3   59   1   1 -                        195.9   457.7   469.4   423.2    47.7    20.1   326    5700.2     4534
 39253   49746   3   61   1   1 -                        192.3   449.8   467.7   529.1    41.6    22.2   214    3676.5     5652
 39253   49746   3   67   1   1 -                        159.5   378.5   403.3   473.0    37.7    44.0   174    3087.6     5630
 39253   49746   3   78   1   1 -                         94.3   239.3   233.4   245.1    33.0    18.1   133    2370.8     3705
 39253   49766   4   44   0   0 profile_sparse            13.8    58.5    27.5    -1.0     7.7     0.0   286    5090.8    20253
 39253   49766   4   77   1   1 -                         33.1   106.3   139.7    -1.0    38.2    48.8   265    4707.3     1121
 39253   49766   4   78   1   0 -                        206.1   480.2   503.6   461.0     3.0     0.0   293    5192.3     3150
 39253   49766   4   96   1   0 -                        235.0   544.0   499.3  1731.4     3.8     0.0   286    5090.8    20253
 39253   49786   5   32   1   1 -                        132.8   321.2   364.2   307.8    21.2    20.2   337    5910.9      569
 39253   49786   5   47   0   0 no_bragg+shape_flat      380.1   876.7   809.8   820.0    12.3     0.0   160    2814.4    66763
 39253   49786   5   53   0   0 shape_flat+profile_spa   149.2   356.5   237.9   160.1     1.8     0.0   217    3816.7     6001
 39253   49786   5   82   0   0 no_bragg                  49.1   142.2   107.6   128.3     0.0     0.0   283    4877.4      358
 39253   49786   5  113   1   0 -                         32.4   104.6    99.5    -1.0     4.2     0.0   283    4877.4      358
 39253   49806   6   35   0   0 no_bragg+shape_flat       63.1   172.6   121.6    30.9     3.9     0.0   374    6432.3     3477
 39253   49806   6   38   0   0 no_bragg+shape_flat      252.7   583.6   668.7   594.3     8.6     0.0   207    3551.4    15818
 39253   49806   6   40   1   1 -                        147.5   352.8   306.7   336.3    43.9    39.9   339    5773.7     7098
 39253   49806   6   44   1   0 -                         79.0   206.8   230.9   180.3     2.1     0.0   374    6432.3     3477
 39253   49806   6   80   0   0 plateau_off_mip           75.1   198.4   129.7  4000.0     9.2     0.0   416    7355.8     2060
 39253   49806   6   83   1   1 -                         76.2   200.8   210.4   223.7    19.2     6.5   267    4682.5      897
 39253   49806   6   97   0   1 profile_sparse           159.2   377.9   341.4   135.0    21.1     9.0   252    4394.7     2234
 39253   49806   6   99   1   1 -                        356.6   821.8   805.7   783.8    14.2    14.3   339    5773.7     7098
 39253   49806   6  102   0   0 no_bragg                 195.3   456.5   468.9   420.0    16.4     0.0   168    2989.0     5642
 39253   49806   6  105   0   0 no_bragg+shape_flat+st    77.0   202.6   145.9    65.2     3.3     0.0   154    2614.1      280
 39253   49806   6  119   1   1 -                         11.9    53.3    81.1    -1.0    25.8    21.2   210    3580.2      450
 39253   49806   6  122   1   1 -                         53.8   152.5   125.8   234.3    36.7    27.6   264    4627.3    17639
 39253   49806   6  124   1   1 -                        490.7  1123.2  1157.5  1115.5    42.0    15.8   131    2365.4    28943
 39253   49826   7   89   1   1 -                        142.8   342.6   345.1   322.8    21.0    16.1   269    4435.9     2472
 39253   49846   8   27   0   0 shape_flat+plateau_off    30.1    99.3    56.6    -1.0    10.7     0.1   153    3088.9      108
 39253   49846   8   28   1   1 -                        193.1   451.6   465.8   398.5    18.9    15.5   310    6244.9     1444
 39253   49846   8   42   0   0 shape_flat               235.2   544.5   420.0   780.4     0.0     0.0   299    5979.4    16773
 39253   49846   8   65   1   1 -                        274.2   632.1   657.8   597.1    34.1    72.0   217    4371.9     8876
 39253   49846   8   67   1   1 -                        343.7   791.6   788.3   750.5    42.6    34.1   179    3723.2     6423
 39253   49846   8   68   1   1 -                         22.1    80.1    67.2    -1.0    24.7    11.2   312    6294.9      255
 39253   49846   8   69   1   0 -                         88.3   226.4   238.4   227.5    36.7     6.8   249    5075.4     1273
 39253   49846   8   79   1   1 -                         48.4   140.6   104.3   106.7    39.1    23.4   209    4161.0      831
 39253   49846   8   83   0   0 no_bragg                 313.5   721.7   750.1   997.2     0.7     0.0   247    5033.3     8613
 39253   49846   8   94   1   1 -                        103.1   257.9   275.7   237.1    20.0    14.5   152    3075.2      955
 39253   49866   9   35   1   0 -                        256.3   591.7   691.5   792.8     0.9     0.0   316    5333.0     3378
 39253   49866   9   36   0   1 no_bragg                 163.9   388.2   455.9   343.2    12.1     8.9   171    2840.9    16820
 39253   49866   9   72   1   0 -                        141.3   339.3   245.8   346.2     0.9     0.0   362    6383.2     1459
 39253   49866   9  101   1   0 -                         77.4   203.3   186.1   180.9     4.1     0.0   213    3510.9     3635
 39253   49866   9  102   0   0 no_bragg                 320.7   738.3   879.8  2407.0    14.7     6.8   214    3521.7    20604
 39253   49866   9  106   1   1 -                         75.3   198.7   200.7   157.9    31.7    43.1   206    3432.9     2488
 39253   49866   9  120   1   1 -                        579.9  1310.6  1329.9  1336.4    32.5    33.8   214    3521.7    20604
 39253   49886  10   93   1   1 -                        312.1   718.5   932.8   787.8    28.6    14.0   149    2495.3    20375
 39253   49886  10   97   0   0 no_bragg                 237.1   548.7   612.9   676.5     5.6     0.0   290    4779.1    27186
 39253   49906  11   36   0   0 no_bragg+shape_flat      130.2   315.7   312.8   845.7     6.3     0.0   307    6051.8     1390
 39253   49906  11  113   1   0 -                        298.2   686.7   683.8   637.3    32.4     0.0   117    2654.4     3984
 39253   49906  11  117   1   1 -                        110.1   272.9   251.5   218.7    46.1    19.4   141    3069.3     5862
 39253   49906  11  118   1   1 -                         39.6   121.0   122.2    -1.0    27.9    17.4   243    5030.9      328
 39253   49926  12   35   1   1 -                        203.9   475.2   530.6   431.1    26.5    27.1    90    1622.6    11986
 39253   49926  12   39   0   0 shape_flat+profile_spa   100.7   253.0   188.6   253.7     3.9     0.0   162    2902.4     2142
 39253   49926  12   77   1   1 -                         59.3   164.6    95.6   153.1    68.4    52.6   231    4099.3     1584
 39253   49926  12   92   1   1 -                         99.0   249.4   246.8   223.7    38.6    13.7   107    2010.2     2334
 39253   49926  12   96   1   0 -                         38.5   118.6   126.4    -1.0     3.0     0.0   169    3082.8      424
 39253   49926  12   98   0   1 no_bragg+shape_flat      142.3   341.5   323.7   491.4     1.8     6.6   229    4051.3     1004
 39253   49946  13   32   1   1 -                         66.0   178.9   160.4   232.7     6.3     4.0   193    3406.9      859
 39253   49946  13   39   1   1 -                         53.8   152.6   170.8   137.2    40.0    40.1   277    4638.8     2101
 39253   49946  13   69   0   0 shape_flat+profile_spa    54.1   153.1    14.7  1326.8     5.9     7.0   227    3935.2       42
 39253   49946  13   74   1   0 -                        193.0   451.4   497.5   456.8     8.9     5.2    69    1308.0     7956
 39253   49946  13   75   1   0 -                        129.4   314.0   327.6   303.3    31.9     8.3   347    5516.3     3783
 39253   49946  13   97   0   0 shape_flat+stop_near_b   458.4  1055.3   749.5    44.6     9.1     0.0   220    3767.2    17627
 39253   49946  13  101   0   0 shape_flat               620.1  1395.0  1586.0  1394.0    17.6     0.0   309    5067.1    19771
 39253   49946  13  102   1   0 -                        241.8   559.3   569.1   556.2     5.6     0.0   323    5226.2     9603
 39253   49966  14   43   0   0 no_bragg+shape_flat      301.8   694.9   826.0  2477.2     3.7     0.0   288    5168.4    13600
 39253   49966  14   45   1   1 -                        267.0   615.9   690.6   718.3    39.7    22.7   203    3709.3    18653
 39253   49966  14   83   0   0 shape_flat+stop_near_b   166.5   393.8    89.4   321.9     0.0     0.0   269    4798.5      134
 39253   49966  14  113   0   0 no_bragg+shape_flat      129.0   313.1   324.6   501.8     8.0     0.0   118    2176.0     3686
 39253   49966  14  115   1   0 -                        374.7   864.0   958.4   894.6     2.9     0.0   168    3027.3     8969
 39253   49966  14  121   0   1 plateau_off_mip          143.4   343.8    75.8    39.5    83.9    25.4   367    6462.8     1532
 39253   49966  14  130   0   0 no_bragg+shape_flat       79.4   207.7   194.0   335.5    48.8     0.0   388    6854.9      821
 39253   49986  15   23   0   0 no_bragg+shape_flat+st   306.8   706.3   799.2  1191.1     3.9     0.0   175    3281.7     7816
 39253   49986  15   29   1   1 -                        317.7   731.5   806.4   702.7    34.3    26.3   151    2804.6     9181
 39253   49986  15   41   1   1 -                        106.6   265.5   287.4   225.4    33.0    28.3   250    4554.9     1682
 39253   49986  15   77   1   0 -                        178.0   418.7   441.2   424.7     7.3     0.0    89    1694.1     8225
 39253   49986  15   80   0   0 no_bragg+shape_flat       85.2   219.9   222.8  4000.0     1.0     0.0   220    4063.3     1541
 39253   49986  15   88   1   0 -                        279.1   643.2   669.6   615.0     4.6     0.3   174    3260.8     6930
 39253   49986  15   97   1   0 -                        105.6   263.2   293.1   257.4     3.4     0.0   279    5076.4     4303
 39253   50006  16  104   1   1 -                        388.2   895.8  1024.4  1656.0    17.1    12.6   286    5414.5    26500
 39253   50006  16  107   1   1 -                        262.9   606.5   644.0   607.1     5.0     6.3   291    5503.1     7511
 39253   50006  16  111   0   0 shape_flat               109.1   270.6   322.0   606.8     0.8     0.0   149    2980.1     2707
 39253   50006  16  116   0   1 stop_near_boundary       122.9   300.1   312.5   281.9    21.6    12.2   126    2508.2      800
 39253   50006  16  119   1   0 -                        200.6   468.0   513.1   601.3     4.0     0.0   189    3667.0     8753
 39253   50026  17   21   0   0 no_bragg+shape_flat      146.8   351.2   358.7   366.3     5.7     0.0   116    2342.5     1063
 39253   50026  17   48   1   0 -                        262.3   605.3   664.0   572.0     6.4     0.0   187    3562.4     8048
 39253   50026  17   76   1   1 -                         74.3   196.8   198.8   217.1    39.6    23.1   334    5959.0     1673
 39253   50026  17   88   0   1 continuation             141.9   340.8   343.3   361.9    32.6    37.3   303    5377.4     2621
 39253   50026  17   98   0   0 plateau_off_mip           89.3   228.6    35.7    61.3     4.9     0.0   320    5668.9      518
 39253   50026  17  107   1   1 -                        247.5   572.0   766.4   763.8    10.8     9.6   187    3562.4     8048
 39253   50026  17  110   1   1 -                         85.2   219.9   239.6   215.6    27.7    21.2   410    7420.3      636
 39349   19409   0   28   1   0 -                         35.1   110.7   200.9    -1.0    21.5     0.0     2     407.7     3344
 39349   19409   0   65   0   0 no_bragg+shape_flat      273.5   630.6   700.6  3171.5     7.4     4.8   267    4026.2    12159
 39349   19429   1   61   0   0 no_bragg                  82.9   215.0   194.4   175.1     4.4     0.4   264    3775.2     1505
 39349   19429   1   62   1   1 -                        182.9   429.4   525.3   511.1    24.9    37.6   213    3166.8     5322
 39349   19429   1   72   0   0 shape_flat               173.3   408.4   388.5  4000.0    13.0     0.0   301    4378.8    13259
 39349   19449   2   13   0   0 no_bragg+shape_flat       43.5   129.8    69.7   218.9     4.8     0.0   397    5406.9      327
 39349   19449   2   59   1   1 -                        124.8   304.1   345.0  1000.0   141.3    87.8   328    4628.3     2515
 39349   19469   3   47   1   1 -                         16.9    66.9    60.6    -1.0    21.6    13.8   257    3893.6      363
 39349   19469   3   50   1   0 -                         70.2   188.0   196.3   735.2     2.3     0.0   203    3067.8     6223
 39349   19469   3   60   0   0 no_bragg+shape_flat       72.6   193.2   157.3   198.9     3.3     0.0   124    2083.6      370
 39349   19469   3   74   1   1 -                        390.7   901.8   817.4   866.5    16.8    17.7   158    2501.6     8393
 39349   19489   4   39   1   1 -                         89.0   228.1   205.5   216.9    43.1    33.6   315    4787.2     1533
 39349   19509   5   25   0   0 no_bragg+shape_flat      276.0   636.1   543.2   948.5     2.9     0.0   275    3807.3    10120
 39349   19509   5   51   0   0 shape_flat+plateau_off    30.2    99.6    21.9    -1.0     0.0     0.0   199    2759.3       46
 39349   19509   5   53   1   1 -                        310.1   714.0   804.9   660.3    36.1    30.6   268    3722.7     7028
 39349   19509   5   54   1   1 -                        136.4   328.8   363.5   316.5    46.3    36.7   230    3110.2     5808
 39349   19509   5   65   1   1 -                         38.3   118.1   128.8    -1.0    46.5    25.1   262    3629.0      962
 39349   19509   5   66   0   0 no_bragg+shape_flat      434.8  1005.7  1060.8   888.7    24.1     0.0   249    3402.7    17270
 39349   19529   6   59   0   0 no_bragg+shape_flat       54.8   154.8   136.3   162.1     6.1     0.0   167    2528.0     1007
 39349   19529   6   61   0   0 no_bragg+shape_flat      296.7   683.3   738.9  1442.5     1.9     0.0   235    3685.1    16601
 39349   19549   7    4   0   0 no_bragg                 208.1   484.5   493.7  1209.8    26.4     0.0   157    2500.2     1688
 39349   19549   7   26   0   0 no_bragg+shape_flat      373.3   860.9  1050.0  1667.9    10.9     3.2   208    3300.6    20900
 39349   19549   7   48   0   0 no_bragg+shape_flat       20.2    75.4    29.3    -1.0     0.5     0.0   243    3713.6       77
 39349   19549   7   57   1   0 -                         79.6   208.0   252.9   767.6    23.3     3.7   247    3747.7     4741
 39349   19549   7   66   1   1 -                         50.8   146.0   142.1   125.7    14.1     7.5   320    4649.6     3412
 39349   19549   7   67   1   0 -                        147.4   352.4   334.3   854.6     1.0     0.0   286    4211.8     3229
 39349   19569   8   52   1   0 -                        201.4   469.7   519.3   452.0     2.8     0.0   279    3918.0     4317
 39349   19569   8   53   1   1 -                        104.9   261.8   314.0   288.4    18.8    13.4   131    1944.5     4985
 39349   19589   9   20   1   1 -                         32.4   104.6   107.6    -1.0    42.3    31.7   158    2304.5     1463
 39349   19589   9   40   1   0 -                         31.7   102.9    57.0    -1.0     1.2     0.0   132    1885.4     1523
 39349   19589   9   50   1   1 -                        223.8   519.3   602.2   558.9    24.7    28.0   167    2426.8     5772
 39349   19589   9   59   1   1 -                        131.8   319.1   334.8   324.5    37.1    25.8   145    2129.7     4134
 39349   19609  10   66   1   1 -                        159.8   379.3   392.9   892.1    18.5    10.2   196    3224.0     1378
 39349   19629  11   19   1   0 -                         47.9   139.5   128.8   121.7    23.2     0.0   181    2372.7     1700
 39349   19629  11   52   1   1 -                         88.8   227.6   228.4   232.7    39.7    22.2   242    3117.4     1687
 39349   19649  12   23   0   0 no_bragg+shape_flat      223.9   519.5   634.3  1110.5    10.7     0.0    62    1451.4     5381
 39349   19649  12   28   0   0 no_bragg+shape_flat      291.7   671.8   470.2   633.2     0.0     0.0   210    3306.6    56686
 39349   19649  12   31   0   0 no_bragg+shape_flat       26.7    91.2    58.7    -1.0    18.3     0.0   214    3343.7     1910
 39349   19649  12   52   1   1 -                         69.2   185.8   225.0   217.4    11.4    22.3   263    3993.0      723
 39349   19649  12   59   1   0 -                         44.4   131.8   116.1   130.0     0.6     0.0   206    3209.4      788
 39349   19669  13   26   1   0 -                        342.1   787.9   732.5   682.9     9.7     0.0   153    2387.4    15377
 39349   19669  13   57   1   0 -                         28.2    94.7    62.9    -1.0    15.8     0.0   230    3367.4      294
 39349   19669  13   61   1   0 -                         90.0   230.1   226.2   244.9     3.7     1.1   281    3910.4     1693
 39349   19689  14   23   0   0 no_bragg+shape_flat       55.2   155.6   145.1   343.2     4.2     0.0   148    2427.0      260
 39349   19689  14   24   1   0 -                         82.7   214.5   187.4   373.9     5.6     0.0   316    4583.2      843
 39349   19709  15   22   0   0 shape_flat                98.3   247.8   259.1   247.3    10.4     0.0   106    1770.5     3679
 39349   19709  15   41   0   0 profile_sparse             6.1    35.2    10.7    -1.0     0.0     0.0   417    5475.2       35
 39349   19709  15   46   0   0 shape_flat                72.3   192.4   179.0   231.2     3.8     0.0   133    2013.3     2329
 39349   19709  15   53   0   0 no_bragg+shape_flat      242.3   560.4   575.1  3848.4     0.8     0.0   309    4092.9    21850
 39349   19729  16   41   0   0 stop_unmatched+shape_f     1.8    17.2    11.3    -1.0    17.0     0.0    74    1243.8      253
 39349   19729  16   54   0   0 shape_flat+profile_spa   179.8   422.6   105.0   327.1     3.0     0.0   222    3324.1     1023
 39349   19749  17   24   1   1 -                         70.5   188.7   215.8   228.5    34.1    23.5    92    1520.9    22388
 39349   19749  17   53   0   0 no_bragg+shape_flat      124.0   302.3   294.1   367.7    15.6     0.0   281    4198.9     1481
 39349   19749  17   54   1   0 -                         80.3   209.6   254.3   209.3    11.9     0.0   238    3551.4     1208
 39349   19769  18   16   0   0 no_bragg+shape_flat       98.0   247.1   236.3   707.7     0.0     0.0   357    4926.5      997
 39349   19769  18   21   0   0 no_bragg+shape_flat      121.9   298.0   289.1   409.0     0.0     0.0   195    2846.5     1581
 39349   19769  18   34   1   1 -                         87.6   225.0   220.7   231.3    26.7    19.5   305    4304.6     1840
 39349   19769  18   38   0   0 no_bragg+shape_flat      285.8   658.5   737.0  1359.1     1.4     0.0   304    4299.6    10348
 39349   19769  18   40   1   1 -                        130.6   316.5   344.1   303.8    27.4    10.6   206    3003.4     2662
 39349   19769  18   41   1   0 -                        256.0   591.1   622.2   584.0     7.0     0.0   245    3606.6     9154
 39349   19769  18   47   1   0 -                         56.1   157.6   185.6   157.2    15.2     0.0   257    3826.4      748
 39349   19769  18   48   1   0 -                        109.4   271.4   342.6   269.6     4.2     0.0    56     958.9    10774
 39349   19769  18   53   0   0 no_bragg+shape_flat      149.0   356.0   136.2   201.0     9.9     0.0   305    4304.6     1840
 39349   19789  19   23   0   0 no_bragg+shape_flat+st    86.2   222.2   201.0   526.6    16.4     3.1   333    4479.3      885
 39349   19789  19   60   0   0 shape_flat                20.1    75.1    57.3    -1.0     0.7     0.0   305    4115.3     1384
 39349   19809  20   28   1   1 -                        334.8   770.9   873.7   554.9    11.7     4.4   153    2399.9     7030
 39349   19809  20   37   0   0 shape_flat                36.6   114.2    96.6    -1.0     1.6     0.0   308    4604.7      627
 39349   19809  20   76   0   0 no_bragg+shape_flat      206.8   481.6   566.3   513.8    44.5     0.0   142    2204.4    22410
 39349   19809  20   78   0   0 shape_flat+profile_spa   184.8   433.5   470.2   432.4    50.8     0.0   237    3632.8     6336
 39349   19809  20   81   0   0 no_bragg                 109.8   272.1   321.4   907.4     3.1     0.0   202    3097.2     3387
 39349   19809  20   85   1   0 -                         37.6   116.5   160.8    -1.0    22.5     0.0   230    3509.8      302
 39349   19829  21   11   0   0 no_bragg+shape_flat      181.2   425.7   501.7   642.2    22.0     0.0   319    4278.2     1766
 39349   19829  21   27   1   1 -                        386.7   892.3   772.3   838.1     9.3     7.5   200    2650.2    15048
 39349   19829  21   53   1   1 -                        182.4   428.2   433.4   414.9    43.7    25.8   119    1628.1     6247
 39349   19829  21   54   0   0 no_bragg+shape_flat      584.6  1320.4  1076.3  1212.6    18.4     0.0   173    2312.8    24607
 39349   19829  21   68   1   1 -                         90.5   231.3   250.8   129.2    40.9    43.7    30     650.2     4367
 39349   19849  22   20   1   1 -                         66.0   178.9   183.4   190.4    49.3    10.1    58    1001.6     2151
 39349   19849  22   40   1   1 -                        209.2   486.9   406.4   515.0    23.3    19.1   286    3869.7     7340
 39349   19849  22   41   1   1 -                        168.2   397.3   449.5   403.2    32.6    21.3   260    3492.7     2789
 39349   19849  22   59   1   1 -                         52.6   150.0   167.3   117.6     6.0    22.0   213    2938.1     2818
 39349   19849  22   65   1   1 -                        428.1   990.7   986.6   957.9    42.4    38.7   229    3158.9    25378
 39349   19849  22   66   1   0 -                        473.4  1086.9  1171.5  1151.3     0.0     0.0   173    2466.3    13547
 39349   19869  23   35   1   1 -                        154.8   368.4   436.6   363.3    33.2    33.7   143    2128.7     7428
 39349   19869  23   44   0   0 no_bragg+shape_flat+st    81.5   212.0   207.2   212.2     0.3     0.0   129    1914.4      832
 39349   19869  23   54   0   0 no_bragg+shape_flat      130.3   315.9   326.3   514.8     5.4     0.0   282    3874.9     1634
 39349   19869  23   55   0   1 continuation             122.8   299.9   351.1  4000.0    31.5    11.5   330    4511.5      849
 39349   19869  23   56   1   1 -                        156.0   371.0   387.1   360.9    33.0    37.0   165    2384.4     2635
 39349   19869  23   58   1   1 -                         85.1   219.7   120.1   138.1    38.3    54.1   301    4088.9      569
 39349   19889  24   20   1   0 -                        292.2   673.0   738.9   657.6     5.5     0.0   163    2255.4    12643
 39349   19889  24   22   0   0 profile_sparse            55.2   155.6    40.5    -1.0     3.7     0.0   185    2591.6     4539
 39349   19889  24   24   1   0 -                         87.1   224.0   213.2  2521.7     0.7     0.0   366    4994.0     2757
 39349   19889  24   88   0   0 shape_flat               455.6  1049.5  1130.2  1260.8    32.4     0.0   209    2888.4    20983
 39349   19909  25   45   1   0 -                        234.6   543.1   398.4   825.9     2.6     0.0   170    2537.1     6337
 39349   19909  25   49   0   0 shape_flat+plateau_off    25.8    89.0    21.7    -1.0     5.0     4.7   369    5361.5      594
 39349   19909  25   59   0   0 stop_near_boundary       114.1   281.3   279.9   267.4     3.3     0.0   261    3803.7     4643
 39349   19909  25   72   1   0 -                        510.0  1163.8  1385.7  1110.1     1.7     0.0   212    3205.7    26430
 39349   19909  25   73   0   0 no_bragg+shape_flat      235.8   545.8   652.0   862.1     6.1     0.0   180    2750.8    26228
 39349   19909  25   75   0   0 no_bragg+shape_flat      175.1   412.4   412.0  1565.3     0.0     0.0    55    1095.2    13068
 39349   19929  26   18   1   0 -                        138.2   332.8   381.0   848.2    11.5     0.0    68    1084.3    21231
 39349   19929  26   41   0   1 continuation              21.2    77.7    72.3    -1.0    43.4    14.1   218    3106.5      737
 39349   19929  26   42   0   0 shape_flat+plateau_off   116.2   285.7    36.2   168.4     0.0     0.0   315    4546.9      149
 39349   19929  26   47   1   0 -                        175.1   412.4   226.8    85.2     4.4     0.0   233    3273.2     5261
 39349   19949  27   11   0   0 no_bragg+shape_flat       29.1    97.0    66.4    -1.0     1.4     0.0   167    2205.4      216
 39349   19949  27   22   0   0 no_bragg+shape_flat      206.7   481.5   537.1  1620.5     2.7     0.0   311    4052.7     7275
 39349   19949  27   45   0   1 stop_near_boundary        70.8   189.1   201.8   264.1    11.6    10.9   205    2675.4     1546
 39349   19949  27   65   1   1 -                        303.4   698.6   726.6   669.4    27.9    44.6   237    3054.7     8841
 39349   19949  27   68   0   0 shape_flat                79.8   208.5   222.2   463.4     2.3     0.0   160    2140.5     3546
 39349   22777  28   13   0   0 no_bragg+shape_flat      173.3   408.5   459.5  4000.0     2.4     0.0   208    3304.0    13863
 39349   22777  28   38   1   0 -                         25.2    87.6   103.8    -1.0     3.8     0.0   335    5215.6      368
 39349   22777  28   52   0   0 plateau_off_mip          154.7   368.2   162.9    58.6     0.0     0.0   204    3253.2     7515
 39349   22797  29   40   0   0 no_bragg+shape_flat      187.1   438.5   466.5  1378.4     7.5     0.0   124    1558.6     1128
 39349   22797  29   42   0   0 no_bragg+shape_flat      295.0   679.3   743.6   691.2     0.2     0.0   205    2552.3    11816
 39349   22797  29   48   1   0 -                        230.5   534.0   468.3   137.3    31.6     0.0   193    2444.7     9122
 39349   22797  29   54   1   0 -                        211.5   491.9   496.2   452.6    16.2     0.0   241    3064.1     3625
 39349   22817  30   54   0   1 plateau_off_mip           22.5    80.9    39.4    -1.0    27.1     6.5   302    4391.2      630
 39349   22817  30   55   1   0 -                        215.4   500.6   540.0   477.2    27.1     0.0   242    3506.5     6282
 39349   22817  30   75   0   0 shape_flat+profile_spa   441.4  1019.7   882.6   981.7     0.0     0.0   104    1634.4    24904
 39349   22837  31   19   0   0 no_bragg+shape_flat      368.7   849.9   859.4   746.7    11.8     0.0   283    3919.9    14776
 39349   22837  31   30   1   0 -                        136.6   329.4   359.8   386.4    10.1     0.0   189    2685.8     6761
 39349   22837  31   48   1   1 -                         47.7   139.1   153.4   128.9    23.2     8.0   328    4476.3      574
 39349   22837  31   54   1   1 -                         59.9   165.8   169.2   175.9    69.3    34.4   284    3931.3     1668
 39349   22857  32   53   0   0 no_bragg+shape_flat      130.5   316.2   257.7   422.1     3.4     0.0   230    3583.9     2485
 39349   22857  32   56   0   0 no_bragg+shape_flat      201.7   470.4   499.8   415.9     4.3     0.8   263    4080.4     4534
 39349   22857  32   63   1   1 -                        187.1   438.5   464.1   393.1    38.6    19.2   230    3583.9     2485
 39349   22857  32   68   1   0 -                        180.2   423.3   456.9   357.8     3.9     0.0    58    1235.0     7638
 39349   22877  33   15   0   0 stop_near_boundary       454.7  1047.6  1033.4  1008.5    12.4     0.0   133    1910.4    12084
 39349   22877  33   18   0   0 no_bragg+shape_flat      125.8   306.2   333.9  4000.0     9.6     0.0   349    4600.8     7865
 39349   22877  33   23   1   0 -                        186.9   438.1   478.0   389.7     1.5     0.0   227    3058.4     5641
 39349   22877  33   54   0   0 shape_flat                49.2   142.5    94.9   707.9     6.5     0.0   211    2867.6     1885
 39349   22877  33   67   1   1 -                        324.1   746.1   650.3   700.9    12.4    11.4   230    3089.9     7591
 39349   22897  34   41   1   0 -                         74.7   197.6   260.9   157.8     4.1     0.0   152    2298.3      817
 39349   22897  34   46   1   1 -                         25.4    88.1    89.8    -1.0    41.3    19.0   192    2894.8     1315
 39349   22897  34   47   0   1 no_bragg+shape_flat       65.8   178.5   141.7    48.2    51.1     7.0   260    3909.5      806
 39349   22897  34   54   0   1 shape_flat                24.0    84.7    49.0    -1.0    14.0     6.8   319    4713.4      672
 39349   22897  34   64   1   1 -                        333.2   767.1   843.0   742.3    35.4    27.7   160    2440.8    12292
 39349   22917  35   27   0   0 no_bragg+shape_flat      102.3   256.2   261.2   496.0     1.1     0.0   108    1734.2     6468
 39349   22917  35   32   0   0 shape_flat+stop_near_b    81.8   212.6   260.6    41.0     5.8     0.0   274    4048.2     1297
 39349   22917  35   67   1   1 -                        215.8   501.4   536.2   524.6    26.8    22.9   273    4039.0     4899
 39349   22937  36   49   1   1 -                         53.4   151.6   151.0   126.4    38.8    11.0   258    3940.9     1479
 39349   22937  36   50   0   0 no_bragg+shape_flat      264.6   610.4   630.5   772.9     3.3     0.0   265    4092.3    27410
 39349   22937  36   53   1   1 -                        138.1   332.7   349.7   309.5    29.7    14.9   179    2880.0     2719
 39349   22937  36   59   0   0 no_bragg+shape_flat      178.9   420.7   397.0  1056.1     1.7     0.0   293    4540.8     6346
 39349   22937  36   63   1   0 -                        237.4   549.4   581.4   521.1    13.1     0.8   168    2720.9     6220
 39349   22937  36   68   1   1 -                        329.4   758.4   786.0   733.4    45.4    32.5   209    3324.2     9538
 39349   22937  36   70   1   0 -                         93.7   238.0   242.8   214.8     2.8     0.0   162    2641.0      588
 39349   22957  37   38   0   1 no_bragg+shape_flat      260.8   601.9   572.8   489.2    30.0    13.7   224    3274.5     5024
 39349   22957  37   51   0   0 plateau_off_mip           28.5    95.4    15.4    -1.0     0.0     0.0   332    4908.9       58
 39349   22957  37   55   1   1 -                         18.5    71.0     6.7    -1.0     2.7    10.0   242    3575.1       89
 39349   22957  37   69   1   0 -                        623.4  1401.9  1540.7  1368.6    10.1     0.0   205    3048.6    27126
 39349   22977  38   23   0   0 no_bragg+shape_flat      375.6   866.1   850.7  1032.6     9.2     0.0   292    4276.4     1815
 39349   22977  38   31   0   0 no_bragg+shape_flat       23.4    83.3    68.6    -1.0     0.4     0.0   324    4574.5      380
 39349   22977  38   35   0   1 no_bragg                 240.8   557.0   542.2   582.6    27.9    22.3   234    3411.4     7859
 39349   22977  38   63   0   0 no_bragg+shape_flat      151.0   360.2   214.9   376.0     0.2     0.0   294    4304.6     4351
 39349   22977  38   72   1   1 -                        207.2   482.4   396.3   460.3    26.2    19.0   168    2507.8     3629
 39349   22997  39   46   1   0 -                        242.1   559.9   594.1   545.6     0.8     0.0   194    2979.0     7606
 39349   22997  39   56   0   1 no_bragg+shape_flat      139.2   334.9   374.2   421.3    15.3    12.4   182    2784.8     1880
 39349   23017  40   48   0   1 short+profile_sparse       3.3    24.4    18.9    -1.0    36.9    40.1   247    3466.3     9662
 39349   23017  40   50   0   0 shape_flat                50.1   144.4    75.2    34.5    65.0     5.3   189    2773.3     3293
 39349   23017  40   62   0   0 no_bragg+shape_flat      478.8  1098.1  1134.6   521.3     6.6     0.0   232    3271.9    19640
 39349   23037  41   58   0   0 shape_flat+profile_spa   267.5   617.0   431.0   296.1    27.9     0.0   213    3077.2     5135
 39349   23057  42   49   0   0 shape_flat+profile_spa   150.3   358.7   295.9   267.6     0.1     0.0   259    3676.9       73
 39349   23057  42   56   1   1 -                        182.4   428.2   467.5   507.9    38.9    47.0   278    3850.0     2726
 39349   23077  43   43   1   0 -                         25.6    88.6    82.6    -1.0     3.8     0.0   150    2217.8      148
 39349   23077  43   48   1   1 -                         19.1    72.5    90.0    -1.0    14.9    12.7   146    2161.0      700
 39349   23077  43   52   1   1 -                         83.6   216.4   228.8   214.1    32.5    44.4   147    2177.0     1429
 39349   23077  43   61   0   0 stop_unmatched+stop_ne    22.4    80.8    36.0    -1.0     1.5     0.0   179    2590.5     1817
 39349   23097  44   20   0   0 no_bragg+shape_flat       58.4   162.5   131.7   253.4     5.3     0.0   212    3047.0      250
 39349   23097  44   29   1   0 -                         24.1    84.9   109.4    -1.0     5.3     3.1    65     888.5    18954
 39349   23097  44   38   0   0 shape_flat+profile_spa    53.1   151.0   120.4   112.2     0.4     0.0   160    2345.4      863
 39349   23097  44   59   0   0 no_bragg+shape_flat      299.9   690.7   507.2   676.8     3.4     0.0   240    3504.6    24555
 39349   23097  44   60   0   1 profile_sparse           165.2   390.9   208.7   105.2     1.9     2.0   182    2648.5     6524
 39349   23097  44   78   1   0 -                        740.5  1647.7  1850.6  1639.0     0.0     0.0   181    2635.5    29354
 39349   23117  45   17   0   0 no_bragg+plateau_off_m    88.3   226.5    53.1   220.9     2.8     4.1   288    4338.6      384
 39349   23117  45   21   1   1 -                         42.6   127.7   161.3   182.0    20.7    22.7   174    2760.6    16797
 39349   23117  45   24   0   0 no_bragg+shape_flat       48.3   140.5   104.4   152.0    10.9     0.0   237    3579.3     2747
 39349   23117  45   53   0   0 no_bragg+shape_flat      391.4   903.3   894.5   803.7     2.3     0.0   326    4812.0     9689
 39349   23137  46   24   1   0 -                        209.2   486.9   699.5   855.5     8.7     0.0   240    3623.8    12100
 39349   23137  46   65   1   0 -                         80.7   210.4   232.3   258.1     2.3     0.0   256    3904.9     2230
 39349   23157  47   32   1   1 -                         96.4   243.8   245.5   258.3    19.0    12.3   188    2901.9     1972
 39349   23157  47   71   1   1 -                        115.3   283.9   332.3   274.0     9.9     4.6   302    4327.2     1821
 39349   23157  47   72   1   0 -                        103.7   259.3   287.4   186.3     0.0     0.0   188    2901.9     1972
 39349   23157  47   76   1   0 -                        240.6   556.6   408.5   729.2     0.0     0.0   247    3669.9     1486
 39349   23177  48   16   0   0 stop_near_boundary+pla   188.9   442.3   492.6   338.7    27.3     0.0   249    3944.2     2859
 39349   23177  48   22   0   0 no_bragg+shape_flat      397.7   918.4   968.5  1711.0     0.0     0.0   222    3559.3    18675
 39349   23177  48   54   0   0 no_bragg+shape_flat       82.5   214.1   154.9   791.6     0.9     0.0   132    2357.9      650
 39349   23177  48   55   1   1 -                         23.3    83.0    74.3    -1.0    43.8    20.9   209    3323.1      297
 39349   23177  48   59   1   1 -                        260.6   601.4   684.3   554.6     4.0     4.1   143    2502.4     9948
 39349   23177  48   60   1   0 -                        183.6   430.7   387.7   401.8     0.0     0.0   285    4401.3     4183
 39349   23177  48   64   1   1 -                        123.6   301.7   304.3   278.1    45.3    40.5   183    2999.9     1421
 39349   23197  49   43   0   0 no_bragg+shape_flat      291.8   672.1   770.9  2206.7     1.0     0.0   257    3851.9     8619
 39349   23197  49   67   1   0 -                        142.2   341.4   363.8   370.6     1.1     0.0    80    1235.9     8499
 39349   23197  49   70   0   0 stop_near_boundary+pro    71.2   190.1    78.2    69.3     8.5     0.9   234    3333.1      272
 39349   23217  50   16   0   0 no_bragg+shape_flat      131.9   319.2   441.2   368.3     2.7     0.0   320    4671.3      610
 39349   23217  50   44   0   0 profile_sparse            67.8   182.7    18.8   252.7     4.2     0.0   217    3312.6       35
 39349   23217  50   49   1   1 -                        256.2   591.5   634.3   575.7     5.7    47.7   256    3887.7     8553
 39349   23217  50   52   1   0 -                        204.7   477.0   432.8   707.0     4.9     0.0   267    4035.2     8077
 39349   23217  50   55   0   0 shape_flat               264.5   610.1   631.3   581.0    25.4     6.2   174    2681.3     8572
 39349   23217  50   70   1   0 -                        414.2   957.5  1005.0   883.6     1.0     0.0   128    2021.8    19747
 39349   23237  51   15   0   0 no_bragg+shape_flat       62.4   171.2   143.6   336.9     8.7     0.0   114    1882.5      838
 39349   23237  51   19   0   0 no_bragg+shape_flat       91.1   232.5   247.3   213.1     6.9     0.0   265    3878.9     4593
 39349   23237  51   22   0   0 no_bragg+shape_flat       72.2   192.3   160.8   366.8     5.1     0.0   172    2659.4      815
 39349   23237  51   23   1   1 -                         51.7   148.0   172.3   217.6    15.5     6.5   152    2302.9     3220
 39349   23237  51   27   1   1 -                         70.9   189.5   224.0   173.6    30.5    14.1   142    2158.9     2372
 39349   23237  51   56   1   1 -                        157.5   374.2   437.3   331.7    41.2    24.9   152    2302.9     3220
 39349   23237  51   57   0   0 profile_sparse           143.5   344.2    87.2    30.9    10.7     2.0   188    2862.0     2839
 39349   23257  52   33   1   0 -                        196.4   458.7   491.7   460.5    21.0     4.1   165    2717.8     4027
 39349   23257  52   48   1   0 -                         38.9   119.5   129.7    -1.0     6.9     0.0   355    5179.5      872
 39349   23257  52   51   1   0 -                        119.2   292.1   313.5   283.6     1.8     0.0   154    2585.8     1797
 39349   23257  52   54   1   0 -                         30.0    99.0    82.3    -1.0     1.3     0.0   139    2353.5      335
 39349   23257  52   59   0   0 no_bragg                 683.2  1527.3  1312.6  1506.0     2.4     0.0   132    2270.4    14486
 39349   23277  53   44   0   0 no_bragg+shape_flat      368.9   850.5   956.6   922.2     1.7     0.0   166    2532.7    11805
 39349   23277  53   48   1   1 -                        268.4   619.0   685.2   580.5    42.1    49.7   186    2812.2     8143
 39349   23297  54   22   0   0 no_bragg+shape_flat      301.2   693.5   721.0  1594.8    16.4     0.0   154    2484.5    22744
 39349   23297  54   24   0   0 no_bragg+shape_flat      117.5   288.6   341.9   873.5     0.6     0.0    30     845.4    11320
 39349   23297  54   33   1   1 -                        133.4   322.5   330.7   302.4    31.1    24.4   169    2645.8     2556
 39349   23297  54   58   1   1 -                        178.2   419.1   441.2   493.1    33.6    31.0   172    2668.7     2366
 39349   23297  54   67   0   0 no_bragg+shape_flat+st    77.1   202.7   188.1   232.1     1.4     0.0   137    2235.2    17299
 39349   23297  54   72   0   0 no_bragg+shape_flat+st   137.9   332.1   233.2   443.4     1.2     0.0    63    1330.9     9352
 39349   23297  54   73   0   0 no_bragg+shape_flat      288.4   664.3   555.4   719.5     0.0     0.0   238    3556.8     5078
 39349   23317  55   74   0   0 no_bragg+shape_flat       79.1   206.9   227.2   248.7     0.6     0.0   198    2857.9      913
 39349   55766  56   20   0   0 no_bragg+shape_flat      102.1   255.9   240.6   392.8     0.0     0.0   313    4630.2     2230
 39349   55766  56   23   0   0 no_bragg+shape_flat      225.4   522.7   511.7  3535.3     2.6     0.0   265    3875.7    23618
 39349   55766  56   38   1   1 -                        208.0   484.3   557.9   447.4    38.4    37.7   232    3416.1     5062
 39349   55766  56   46   0   0 no_bragg+shape_flat      150.4   359.0   297.9   939.3     5.0     0.0   149    2371.4     2828
 39349   55766  56   49   1   0 -                        255.0   588.8   671.4   578.9    11.7     0.0   218    3311.4     8471
 39349   55786  57   21   0   1 shape_flat               288.0   663.5   718.6  3452.8     3.5     2.3   298    3973.8    10442
 39349   55786  57   25   1   1 -                        168.2   397.4   452.3   365.5     8.4     9.9   164    2472.4    32568
 39349   55786  57   64   0   0 shape_flat+plateau_off    95.9   242.6    30.9   200.1     0.0     0.0   243    3295.5       56
 39349   55786  57   73   0   0 shape_flat                86.2   222.1   123.5    40.4     0.0     0.0   224    3142.5      374
 39349   55806  58   22   1   0 -                         26.4    90.5    72.1    -1.0     2.0     0.0   109    1362.2     1351
 39349   55806  58   55   1   1 -                        122.9   300.1   283.1   261.6    45.2    31.3   191    2343.2     1773
 39349   55806  58   63   0   0 shape_flat                38.9   119.3    99.0    -1.0    24.5     0.0   192    2353.0     1673
 39349   55826  59   24   0   0 no_bragg+shape_flat       86.4   222.6   217.6  1294.5     4.1     0.0   211    3341.8     3971
 39349   55826  59   28   0   0 no_bragg+shape_flat      152.4   363.2   453.6  1005.6     7.6     0.0   277    4255.3     7066
 39349   55826  59   60   1   1 -                        266.6   614.9   696.6   638.3    41.3    40.7   104    1700.0     7951
 39349   55846  60   17   0   0 no_bragg+shape_flat      152.8   364.1   310.2   341.2     4.4     0.0   233    3333.2     4380
 39349   55846  60   59   1   1 -                        128.7   312.4   311.6   320.0    29.8    42.4    81    1245.3     6541
 39349   55846  60   61   0   0 no_bragg+shape_flat      224.4   520.5   601.5   573.6     3.3     0.0   288    4072.7    22923
 39349   55866  61   16   1   1 -                         96.8   244.5   266.6   229.9    43.2    29.5   324    4042.9     2755
 39349   55866  61   17   1   0 -                        176.0   414.2   458.8   468.7    24.6     0.0   299    3594.9     6465
 39349   55866  61   20   1   1 -                        110.5   273.8   250.3   224.0    33.9     6.5   219    2697.5     1244
 39349   55866  61   44   1   1 -                        222.5   516.4   507.7   636.0    20.0    19.8   311    3823.8     7430
 39349   55866  61   45   1   1 -                         90.1   230.4   251.8   312.5    48.2    41.2   167    2164.1     6241
 39349   55866  61   55   0   0 no_bragg+shape_flat       55.9   157.1    95.6    62.3    47.0     0.2   228    2723.4     3899
 39349   55866  61   61   0   0 no_bragg+shape_flat       78.6   206.0   220.2   417.0     2.4     0.0   256    3039.5      510
 39349   55886  62   37   0   0 no_bragg+shape_flat      130.7   316.7   312.2   967.5     6.3     0.0   279    3954.8     2340
 39349   55886  62   57   0   1 shape_flat+profile_spa     5.4    32.5     6.6    -1.0     4.5     2.4   379    5144.4       33
 39349   55886  62   68   1   1 -                        200.5   467.8   482.2   449.6    20.3    22.0   159    2297.3     4492
 39349   55886  62   69   0   1 no_bragg                 247.8   572.6   629.1   971.5    14.7     0.8   244    3489.8    35157
 39349   55906  63   41   0   0 no_bragg+shape_flat      148.0   353.9   238.2   700.4     1.6     0.0   235    2953.3     8387
 39349   55906  63   53   0   0 no_bragg+shape_flat       81.2   211.3   209.7   174.8    23.2     0.0   319    4083.2     1465
 39349   55906  63   54   1   0 -                        111.6   276.1   308.9   253.4     2.9     0.0   260    3278.8     1891
 39349   55906  63   61   1   1 -                         79.5   207.7   223.6   221.5    28.0    34.0   180    2240.0     2555
 39349   55926  64   19   0   0 no_bragg+shape_flat       27.6    93.3    61.9    -1.0     5.2     0.0   159    2402.4      439
 39349   55926  64   22   1   1 -                        185.9   435.8   457.5   514.3    26.6    38.4   145    2186.0    18196
 39349   55926  64   45   0   0 profile_sparse            39.8   121.5   130.9    -1.0    59.8     9.2   346    4769.5      894
 39349   55926  64   55   1   0 -                        294.9   679.2   652.4   609.6    12.3     3.6   254    3620.7     2726
 39349   55926  64   56   0   0 no_bragg+shape_flat      181.9   427.2   472.3   769.0     1.2     0.0   123    1814.5     3532
 39349   55926  64   66   1   1 -                        262.0   604.6   575.4   567.3    30.4    46.1   168    2505.6     3016
 39349   55926  64   70   0   0 profile_sparse             8.1    41.6    47.4    -1.0     3.8     0.0   162    2431.1      486
 39349   55926  64   75   1   1 -                        180.5   424.1   490.0   423.6    28.8    22.5   226    3237.8     8846
 39349   55946  65   40   0   0 stop_near_boundary       285.2   657.0   532.2   635.0     0.3     0.0   154    2486.2    16331
 39349   55946  65   43   1   1 -                         61.4   169.0   157.4   341.6    17.3     4.1   241    3638.4      438
 39349   55946  65   45   0   0 no_bragg+shape_flat      194.3   454.3   593.2   574.5     1.6     0.0   308    4537.5     1408
 39349   55966  66   34   0   0 no_bragg+shape_flat      137.9   332.1   350.1   745.8     3.0     0.0   344    4608.3     2445
 39349   55966  66   79   0   0 plateau_off_mip          125.2   304.9   204.4    60.2    12.3     0.0   203    2738.0     6253
 39349   55966  66   80   0   0 shape_flat               203.0   473.3   447.1   468.3    14.9     0.0   351    4720.2     2971
 39349   55966  66   85   0   0 shape_flat+profile_spa   103.0   257.8   169.2   963.3     3.9     8.4   365    4885.4     1104
 39349   55986  67   39   0   0 shape_flat               226.3   524.9   614.2  1351.3     3.1     0.0   284    3907.0    23895
 39349   55986  67   77   0   0 no_bragg+shape_flat       79.3   207.4   225.9  1331.8     2.7     0.0   340    4625.1     3634
 39349   55986  67   78   0   0 continuation             147.4   352.5   397.2   385.4    19.9     0.0   213    3118.8     2557
 39349   55986  67   79   1   1 -                         73.0   193.9   193.0   176.8    35.1     6.8   101    1661.8     1548
 39349   56006  68   22   0   0 no_bragg+shape_flat       67.9   183.0   165.0   534.7    12.7     0.0   256    3659.4     1359
 39349   56006  68   23   1   0 -                         43.9   130.8   107.2   178.6     0.2     0.0   324    4551.1     3185
 39349   56006  68   24   0   0 no_bragg+shape_flat       76.1   200.5   166.7   764.3     1.4     0.0   381    5297.0     2241
 39349   56006  68   58   0   0 no_bragg+shape_flat+st   248.0   573.1   536.6  1487.5     0.0     0.0   163    2498.8     3096
 39349   56006  68   63   0   1 no_bragg                 100.1   251.6   260.9   408.5    11.6     7.3   256    3659.4     1359
 39349   56006  68   65   1   1 -                         35.7   112.0   120.0    -1.0    14.6     5.0   359    5037.9      486
 39349   56026  69   20   0   0 no_bragg+shape_flat      321.3   739.6   859.1  1133.0     2.7     0.0   284    3812.3    12026
 39349   56026  69   23   0   0 shape_flat               183.1   429.7   550.5   768.5    30.6     0.0   318    4205.0     3580
 39349   56026  69   56   1   0 -                        109.8   272.1   197.9   244.9     4.5     0.3   173    2494.8     2498
 39349   56026  69   64   1   0 -                        691.7  1545.4  1692.4  1589.2    31.6     0.0   198    2833.4    25762
 39349   56046  70   14   0   0 shape_flat               127.0   308.9   336.0   654.3     5.9     0.0   354    4802.9      493
 39349   56046  70   52   1   0 -                        374.4   863.3   965.9   827.5     5.8     0.0   191    2715.2    11912
 39349   56046  70   54   1   1 -                         80.8   210.6   219.8   219.4    42.6    15.7   167    2368.3     6452
 39349   56046  70   58   1   1 -                        277.2   638.9   643.1  2929.6     7.4     9.2   263    3732.7     9561
 39349   56066  71   18   1   1 -                        394.0   909.5   914.6   914.4    34.9    20.4   215    3080.2    12388
 39349   56066  71   44   1   0 -                         98.6   248.5   287.4   244.2     1.7     0.0   218    3144.0     1562
 39349   56066  71   45   0   0 stop_unmatched+no_brag   159.4   378.3   239.1   102.0     0.0     0.0   288    4045.3     1892
 39349   56066  71   64   0   0 no_bragg+shape_flat      275.2   634.3   650.0  1806.3     1.0     0.0   117    1619.9    14929
 39349   56086  72   18   0   0 shape_flat+plateau_off    55.2   155.5    51.5    39.9     4.7     0.0   230    3527.9      181
 39349   56086  72   39   1   1 -                        364.9   841.2   745.6   736.4    30.0    31.4   309    4453.2     4351
 39349   56086  72   40   1   1 -                         30.8   100.9   120.7    -1.0    26.3    50.0   304    4415.8     1068
 39349   56086  72   43   0   0 no_bragg+shape_flat      186.0   436.1   400.2  1562.8     5.3     0.0   107    1859.4    27405
 39349   56086  72   45   1   0 -                        118.4   290.5   330.1   383.0     4.0     0.0   310    4454.5     3668
 39349   56086  72   47   0   0 no_bragg+shape_flat      143.4   343.9   308.3   646.3     0.0     0.0   301    4369.5      816
 39349   56086  72   60   1   1 -                        263.2   607.3   586.4   557.6    15.7     4.8   151    2457.6    11397
 39349   56106  73   55   1   0 -                         24.0    84.7    97.1    -1.0     6.7     0.0   311    4031.4      322
 39349   56106  73   68   0   0 no_bragg+shape_flat      112.1   277.0   290.1   791.7     3.7     0.0   325    4176.5     7958
 39349   56126  74   22   0   0 stop_near_boundary        49.8   143.8   176.7   155.3     1.3     0.0    53     947.0    15841
 39349   56126  74   25   0   0 plateau_off_mip          216.1   502.1   330.0   636.3     1.1     0.0   292    4084.0    15784
 39349   56146  75   64   1   0 -                        122.5   299.2   326.4   272.6     4.0     0.0   186    2708.0     2717
 39349   56166  76   72   0   0 no_bragg+shape_flat      139.3   335.2   352.4  1677.3     6.0     0.0   344    4833.3     5465
 39349   56166  76   77   0   0 shape_flat                25.6    88.5    67.1    -1.0    18.6     0.0   322    4470.3      975
 39349   56186  77   19   0   0 no_bragg+shape_flat      162.4   384.8   383.9   592.0     0.0     0.0   309    4389.4     1962
 39349   56186  77   40   1   1 -                          9.5    46.2    52.8    -1.0    25.7    21.0   313    4419.1      385
 39349   56186  77   45   0   0 no_bragg+shape_flat       58.5   162.8   182.4   707.0     1.3     0.0   152    2302.1     1257
 39349   56186  77   54   0   0 no_bragg+shape_flat      150.3   358.7   391.4   770.7     5.8     0.0   133    1986.9    18435
 39349   56186  77   59   1   1 -                        152.9   364.4   419.0   369.5    32.7    33.9   334    4726.0     1878
 39349   56186  77   62   0   0 shape_flat+plateau_off   116.6   286.6    51.9   197.6     0.0     0.0   297    4168.9      754
 39349   56186  77   66   1   1 -                        637.1  1430.5  1510.1  1399.1    23.8    10.1   169    2587.9    31000
 39349   56206  78   22   1   1 -                        168.4   397.9   386.5   385.1    21.3    22.8   165    2254.7    17448
 39349   56226  79   30   0   0 no_bragg+shape_flat      142.3   341.5   330.5   189.0     2.6     0.0   179    2180.5     3213
 39349   56226  79   36   0   0 no_bragg+shape_flat      287.0   661.1   731.6  1355.9     1.4     0.0   285    3535.3    26899
 39349   56226  79   58   0   0 no_bragg+shape_flat       89.1   228.2   204.0   356.7     4.0     0.0   242    3035.5     3949
 39349   56226  79   71   0   0 no_bragg+shape_flat      290.3   668.6   548.8  1760.6     6.8     0.0   285    3535.3    26899
 39349   56246  80   24   0   0 no_bragg+shape_flat       34.9   110.3    49.4    -1.0     1.1     0.0   225    3114.9      572
 39349   56246  80   71   0   0 profile_sparse           431.2   998.1   760.6   655.8    15.9     0.0   127    2002.7    20310
 39349   56266  81   12   0   0 no_bragg+shape_flat      185.3   434.5   432.3   637.5     1.3     0.0   306    4419.0    24672
 39349   56266  81   22   1   0 -                         82.5   214.3   166.7   474.5     1.1     0.0   195    2922.5      870
 39349   56266  81   52   0   0 no_bragg+shape_flat       56.2   157.8   231.4   309.4     5.2     0.0   181    2777.1      432
 39349   56266  81   59   1   0 -                         79.5   207.8   210.3   246.2     1.2     0.0   254    3650.8     1074
 39349   56266  81   64   1   1 -                         46.2   135.8   126.4   153.3    35.8    39.6   317    4542.1      840
 39349   56266  81   67   1   0 -                        206.2   480.4   505.2   536.8     2.2     0.0   231    3281.2     4322
 39349   56286  82   19   0   0 shape_flat+profile_spa    56.4   158.2    32.8    -1.0     0.9     0.0   272    4067.8      839
 39349   56286  82   25   0   1 shape_flat                95.6   241.9   226.7  1390.0     3.6     3.6   314    4594.2     1616
 39349   56286  82   42   0   0 no_bragg                 202.8   472.9   543.5   457.8    13.4     0.0   302    4441.3     4111
 39349   56286  82   48   1   1 -                        246.0   568.6   651.1   573.7    23.6    25.2   219    3175.6     7856
 39349   56306  83   24   1   1 -                        263.2   607.4   627.4   588.6    40.2    36.3   191    2660.7     7172
 39349   56306  83   67   1   1 -                        182.9   429.3   322.8   389.7    26.1    10.1   252    3542.3     5770
# 546 candidates, 285 stopping muons (is_stm), 178 with a Michel
