71.453269352409535 196.72031891442182 249.80222790153522
181.36312565521712 142.59753407018422 183.56275811751198
68.33402628163239 196.730254953535 249.88582553793481
70.094990361492549 199.90453300620615 250.2255889373036
71.026438846374475 196.45179282679464 250.70913802579008
71.453269352409535 196.72031891442182 249.80222790153522
140.71128121818035 152.30481334989366 178.0431065073879
173.42084380400578 131.98558482362785 224.7204869226708
71.453269352409535 196.72031891442182 249.80222790153522
71.785519252950238 196.39672304773177 249.42157619898839
72.175454892759376 196.17591251904622 249.02258634043523
72.565390532568529 195.95510199036067 248.62359648188212
72.911330723153839 195.48165434616803 248.49642450090261
73.186767279644101 194.97009217111628 248.34662849159295
73.462203836134364 194.45852999606456 248.1968324822833
73.773873820315217 194.19169142774697 247.7590437210994
74.085543804496055 193.92485285942939 247.32125495991551
74.409902662946635 193.55326883060863 246.97961678805822
74.772407068192592 193.36133357337673 246.54172249349776
75.054217238077968 192.9605014374776 246.19543269148258
75.392551713102122 192.67514586380415 245.79033766610752
75.730886188126277 192.38979029013069 245.38524264073243
76.110965873914296 192.2173236733334 244.95420354906932
76.36660836397769 191.83463626987705 244.56923956567601
76.686422990195382 191.4739036944913 244.21204128192761
77.047503684684983 191.25575433303817 243.78538968148004
77.314529295845063 190.91014952750214 243.37398399195325
77.583599452405025 190.63867843873297 242.91148566891707
78.11688524204159 190.64441999345769 242.63657968294905
78.399087931153943 190.27227786557586 242.25992084671483
78.893336522929388 190.10758629684128 241.96227169634525
79.165529955045685 189.82985787603602 241.50534975575829
79.51143574933397 189.77618213621344 241.01804277198698
79.789375271821768 189.39881550793493 240.64341755967342
80.067314794309567 189.02144887965645 240.26879234735989
80.456304875011497 188.77183556169587 239.88619607370811
80.845294955713427 188.52222224373529 239.50359980005632
81.171437995378099 188.46834652570803 239.00287220476588
81.529715260561588 188.29143264675994 238.55527988949652
81.876413082466499 187.99774445364542 238.1634280482204
82.223110904371396 187.70405626053088 237.77157620694419
82.637205549222315 187.50614716082262 237.38510807972222
83.051300194073264 187.30823806111437 236.99863995250024
83.338445500844301 187.07462335928182 236.52644111314649
83.722409800558083 186.86355808690331 236.11653518815746
84.04914947753052 186.54372773078697 235.72801269614646
84.375889154502943 186.22389737467063 235.33949020413547
84.930809776155883 186.13261996682667 235.13036933362847
85.160336493293585 185.91821332777869 234.61914797330388
85.462993506613657 185.71544128609327 234.14240671077363
85.765650519933743 185.51266924440785 233.6656654482434
86.138184661469239 185.21876178261365 233.29846425367549
86.514422848271721 185.06165459553898 232.8582800211534
86.890661035074203 184.90454740846431 232.41809578863132
87.234032274847635 184.60043345977894 232.03130010883197
87.611638633297304 184.35076846219144 231.63749707806909
87.944346090603077 184.09716555846575 231.20739091085565
88.277053547908864 183.84356265474008 230.77728474364221
88.797570709122098 183.73008657163183 230.50126832484631
89.140363785155301 183.55243939211113 230.04199238749271
89.483156861188519 183.37479221259039 229.58271645013912
89.800181324351158 183.08230359171645 229.16564823459672
90.117205787513839 182.78981497084254 228.74858001905437
90.621433198941048 182.7668606357405 228.42419164678208
90.911819987289363 182.59090666614273 227.92950415579858
91.202206775637677 182.41495269654496 227.43481666481512
91.604955301384521 181.9736857411406 227.37934505877266
91.947360532422906 181.79208971603444 226.92132590914767
92.246115663084282 181.49325971644825 226.49536111805475
92.587711177864506 181.19908518554482 226.09941434177063
92.962439390155723 181.0019973035856 225.67428479245905
93.424650963139072 180.95733638702711 225.29432971046589
93.738561347629243 180.681293571281 224.86391057243389
94.051148405063628 180.30839274034594 224.51286313715991
94.363735462497999 179.93549190941081 224.16181570188593
94.765999487994307 179.8894918774194 223.71902043220894
95.120709342332631 179.63736494922338 223.30596725002323
95.522602366788718 179.40299463385907 222.92708395378341
95.831168732289825 179.13652225061387 222.48688028836355
96.231835723856221 178.97856844708983 222.06912849863497
96.610427343660447 178.73087223685249 221.67502829202743
97.085884346362391 178.36731067540049 221.63303270158895
97.607993762015994 178.0716847377123 221.63037506131553
97.825259329803572 177.78139407194976 221.15233008181562
98.04252489759115 177.49110340618722 220.67428510231571
98.408754462308352 177.08565672108801 220.42631556493433
98.785655713262514 177.12192603394129 219.96088030200903
99.001438882951931 177.25799769925459 219.41781297139741
99.323390506664978 177.16191507443892 218.92070606016296
99.645342130377998 177.06583244962331 218.42359914892845
99.94028915783575 176.71610489770316 218.0354021751873
100.32186024267845 176.41802500634515 217.68106916010129
100.76860226616797 176.18663097067281 217.35414659326972
101.10895978144036 175.93374624258485 216.92963973101951
101.44931729671275 175.68086151449691 216.50513286876935
101.83971597508513 175.41443545602874 216.13553034267647
102.27205967788777 175.34024510962701 215.72617143517877
102.63726244928291 175.04286148215053 215.35443239515979
103.00246522067805 174.74547785467408 214.98269335514084
103.31534825769759 174.63503645641413 214.48278646111376
103.80513389886201 174.43580917629455 214.19920487397295
104.26945360928205 174.18857941969972 213.91061406682633
104.63398511642481 173.9804224354194 213.48190968126966
104.99851662356757 173.77226545113905 213.05320529571296
105.42514274716768 173.62259162365024 212.65875897994005
105.8517688707678 173.47291779616143 212.26431266416722
106.28764958435491 173.32778261442127 211.87838030928614
106.72353029794199 173.18264743268111 211.49244795440504
106.9553048849061 172.80966384649901 211.08359127379882
107.37160764782622 172.52515910389221 210.75840046670345
107.72819485399911 172.25200737791823 210.36061447022888
108.084782060172 171.97885565194417 209.96282847375443
108.42797685482087 171.75193705086244 209.5261074170042
108.78669005935103 171.40973201442199 209.18814210823638
109.14540326388121 171.06752697798154 208.85017679946864
109.12608759749301 171.65619141565509 208.96463676998437
109.48176428465774 171.31586978750408 208.62159845780897
109.87202716756005 171.02869941499927 208.26772268951703
110.26299286488037 170.81006720096741 207.86854130404626
110.65395856220066 170.59143498693552 207.46935991857549
111.05587467376799 170.34993376840293 207.0950063414457
111.45779078533533 170.10843254987034 206.7206527643159
111.84206283836799 169.82928006850815 206.35403459590717
112.2467043031573 169.65567598973533 205.94644790720571
112.66501549005136 169.48725552625714 205.55065718169402
113.01908987712734 169.15870627396419 205.19472640579161
113.37316426420334 168.8301570216712 204.83879562988923
113.76962189610711 168.64333445466883 204.42901681813356
114.17146221525634 168.48164693618713 204.01382830158565
114.57330253440557 168.31995941770535 203.59863978503773
114.94881362164661 168.07093696964415 203.20243372284196
115.34408646703511 167.92300902065372 202.77596367746253
115.73935931242363 167.77508107166324 202.3494936320831
115.89135584584294 167.61606855135653 202.90771587475552
116.29740800539635 167.17544443018471 202.93889323133976
116.70346016494973 166.73482030901289 202.97007058792403
117.2555357902872 166.95680613109386 203.04710823263935
117.46506721397427 166.64269137045591 202.5808159427213
117.80828125161005 166.39862985401226 202.15345415154084
118.15149528924584 166.15456833756861 201.72609236036038
118.10530056402813 166.02008397597965 201.14318584654356
118.05910583881041 165.88559961439071 200.56027933272676
118.49592922682602 165.66879568451006 200.21073479526285
119.06043794301294 165.46608588595217 200.19528659415056
119.62494665919988 165.26337608739425 200.17983839303827
119.93827055777331 165.00592069752264 199.73763385121535
120.32069839937553 165.05226245636698 199.27763234322362
120.59797443282503 165.17614020281263 198.76016514116142
120.87525046627449 165.30001794925826 198.24269793909923
120.86558675859642 165.06725194095554 197.68977244851959
120.87179618849737 164.46736879758424 197.69985497197609
121.20596908906468 164.34735232260613 197.21619753301721
121.540141989632 164.22733584762804 196.73254009405832
121.90747155855725 163.98096785357063 196.32711217284751
122.13833142606852 163.44385590365786 196.19215116057515
122.39628602309753 162.93243060240374 196.01353540788597
122.78113529916546 162.7838141568545 195.57787018455238
123.163068443409 162.73858231047629 195.11734748869316
123.58036387003912 162.70122310726686 194.68784915709088
123.99765929666928 162.66386390405739 194.25835082548863
124.36393230549167 162.33129308692082 193.9188795680937
124.79959250726021 162.17135638191331 193.5385896274085
125.20292137684018 162.01597016686017 193.12243947766106
125.57453187114913 161.75797968199316 192.72829921044956
125.8740274640074 161.28480488500088 192.5128740462979
126.25631165516987 160.96742181639118 192.17653079165001
126.61991737199892 160.9428473092201 191.69988944190521
127.03209864834942 160.77060609899442 191.29934036760085
127.39693250521657 160.46003727568299 190.93817106814367
127.76176636208372 160.14946845237156 190.5770017686865
128.05039316706944 159.82861015922646 190.16017503830119
128.44638739640749 159.59967950029881 189.7718719044818
128.84735203120115 159.37590347431882 189.3856703355552
129.30793033490625 159.18345815609104 189.05275529286661
129.76850863861134 158.99101283786328 188.71984025017801
130.14950318420043 158.81070117945447 188.29283806976997
130.53049772978949 158.63038952104563 187.8658358893619
130.94519521959631 158.45553162519226 187.46903529938544
131.33493057920901 158.20772143137444 187.08602556412075
131.70295301061722 157.92300557063894 186.70721641873746
132.1224114331304 157.68813143297447 186.34820559544778
132.53183262820318 157.47200783408124 185.96654491496494
132.91534110475979 157.28186961612784 185.5461062077998
133.27930806178344 157.0126415844183 185.15234953022241
133.70820479444578 156.78656038275358 184.79888824101891
134.08890654944025 156.46148794508073 184.46814047608382
134.47453870843032 156.24047275769209 184.06510186143728
134.87087342277255 156.02370984455735 183.67021879811776
135.25520270663529 155.77631627320721 183.28151914231631
135.62592824751954 155.47469162789528 182.91877247220546
135.99699961139305 155.14963678007186 182.57723859567261
136.44399098846978 155.03456850794677 182.19388757954093
136.83888392647629 154.77855541791084 181.82170904006983
137.19925826782048 154.44097028151131 181.48087680893133
137.55963260916468 154.10338514511179 181.14004457779285
137.97132821157243 153.96658872387076 180.72556481942848
138.37241795420715 153.74371423110404 180.3389720377742
138.77350769684185 153.52083973833732 179.95237925611991
139.11434394653259 153.21701511080136 179.5631219548404
139.53542730031739 153.03275338953927 179.17745833555173
139.96535486452257 152.88686096571968 178.78518586620339
140.33831804135147 152.59583715780667 178.41414618679565
140.71128121818035 152.30481334989366 178.0431065073879
140.71128121818035 152.30481334989366 178.0431065073879
140.9305640236158 152.17252047858531 178.58570548217625
141.1450690691662 151.9375335379884 179.09439863446192
141.38767197501258 151.80445109825177 179.62678279492187
141.60192595161055 151.75859204235221 180.18534539705701
141.8161799282085 151.71273298645266 180.74390799919212
142.05229546455649 151.43237241773548 181.21893158282106
142.28841100090446 151.15201184901827 181.69395516644997
142.54680036606311 150.94414225876636 182.19398033523788
142.81096078430573 150.77758501208774 182.70630636133137
143.07512120254836 150.61102776540912 183.21863238742486
143.31687345826793 150.41796767008631 183.732717639546
143.62925257115228 150.4470296114321 184.24416137388909
143.82789774358272 150.22130657629629 184.76338117982792
144.02654291601317 149.99558354116053 185.28260098576675
144.36183440050488 149.76309703703541 185.72252103057832
144.60859299668604 149.68533068356822 186.26387358620093
144.82987087903911 149.47815777426393 186.78167227723031
145.10591108552745 149.37562141443505 187.30444191991717
145.37312840163173 149.18230220168246 187.80566301679431
145.63515364805136 149.08240862708266 188.33610061349387
145.87809141277938 148.81832970207554 188.81697852298447
146.14080221840487 148.66360730959354 189.33374153817834
146.40351302403039 148.50888491711157 189.85050455337222
146.6397808612235 148.30653372456712 190.36356546981773
146.87604869841661 148.10418253202263 190.87662638626324
147.1328042579004 147.92930333722978 191.38994290645599
147.38955981738417 147.7544241424369 191.90325942664873
147.6491307409058 147.62989253968362 192.42967638646081
147.90740851878977 147.44963895338532 192.94036340810709
148.16568629667375 147.26938536708698 193.45105042975334
148.47864304381497 147.20029321116814 193.95828247567439
148.69841715887515 146.96929293825733 194.4665522979781
148.91819127393535 146.73829266534648 194.97482212028177
149.20563964631864 146.55837364544098 195.46979947278433
149.46939827635023 146.37793772092462 195.97761268866964
149.77257124825707 146.21849649163335 196.47022272054807
150.05465883678255 146.03371552110684 196.96649138299932
150.38246320184709 145.83963716219895 197.43004061323089
150.68522255344573 145.54753727732586 197.8578424742328
151.0406060440784 145.3734348633206 198.30883130338856
151.41854185777976 145.09817214173134 198.68485650842825
151.70942353527514 144.94691615189177 199.18735971760719
152.00030521277048 144.79566016205214 199.68986292678613
152.40528648508285 144.62264282251365 200.09736160076594
152.72015457723006 144.34973612729135 200.52907912444363
153.0350226693773 144.07682943206905 200.96079664812135
153.39258266309085 143.95914170213555 201.42802298419272
153.72649826992514 143.74811826780444 201.87965278577315
154.06041387675947 143.5370948334733 202.33128258735357
154.43318276102937 143.29874940908974 202.73654153863728
154.79416211700948 143.12389827861415 203.1827712852114
155.15514147298961 142.94904714813859 203.62900103178549
155.48154385203998 142.64380799679572 204.02936405135367
155.80794623109034 142.33856884545287 204.42972707092187
156.14358897663806 142.08296143233972 204.85635196204143
156.48812426927668 141.89362478739332 205.309614652991
156.83265956191528 141.70428814244696 205.76287734394063
157.17260997921528 141.4197966209569 206.16722655931994
157.537154563928 141.23310734658514 206.60569475724446
157.81092327759637 140.87209553353478 206.9990408672474
158.21159399976256 140.70480137764386 207.41313703699976
158.57500166336749 140.49879497232141 207.8438297708592
158.94442437200064 140.29114867624588 208.26857661083832
159.31384708063376 140.08350238017039 208.69332345081747
159.69007688250775 139.88878479997376 209.11821896755569
160.0663066843818 139.69406721977717 209.54311448429388
160.4417378281631 139.53552695502466 209.98347392921505
160.79972903552692 139.42224119590443 210.45145751037012
161.15772024289075 139.30895543678423 210.91944109152524
161.50912646286136 138.93204336220865 211.22676983506398
161.88991710531704 138.72781092094732 211.64304810323878
162.27070774777275 138.52357847968602 212.05932637141359
162.62958237799441 138.36250734237871 212.51238827503138
162.9884570082161 138.20143620507139 212.96545017864918
163.34733163843779 138.0403650677641 213.41851208226694
163.74849621496546 137.79752820030092 213.79280773858696
164.14189206290945 137.55857458967353 214.1776984747558
164.53528791085341 137.31962097904611 214.56258921092459
164.89863165441068 137.19893465801488 215.02455905402448
165.26197539796797 137.07824833698365 215.48652889712434
165.61199585250762 136.81829040765101 215.89872734008713
165.98557417781845 136.62260049532753 216.32551146944621
166.38276944163391 136.42343904702525 216.7287119653694
166.7575021100391 136.28191991868246 217.17541965899358
167.13223477844431 136.14040079033967 217.62212735261772
167.54447320686296 135.93201807656015 218.00505831602081
167.93232338905563 135.74603127416762 218.42336579325371
168.32017357124829 135.56004447177511 218.84167327048652
168.63278127846365 135.19475733489901 219.20061857136457
169.03402906981424 135.14625176475164 219.64406802688455
169.41793539551747 134.91431874019531 220.04259406769643
169.80184172122071 134.68238571563899 220.4411201085083
170.19698374344185 134.59529998294167 220.88415380636388
170.58503938888174 134.46320415510274 221.32229021013532
170.98160564253345 134.25430323461279 221.72115812296252
171.33088279595489 134.03229186392167 222.15557315652103
171.6801599493763 133.81028049323052 222.58998819007962
172.07828785244575 133.64457810414646 223.00716547978908
172.46235983289782 133.22689079588559 223.20216811143646
172.84643181334991 132.80920348762473 223.39717074308388
173.03790247690188 132.53466393295909 223.83827613627949
173.22937314045382 132.26012437829348 224.27938152947519
173.42084380400578 131.98558482362785 224.7204869226708
70.094990361492549 199.90453300620615 250.2255889373036
70.293734159501028 199.33993715123367 250.1839665478833
70.492477957509522 198.77534129626119 250.14234415846295
70.733933066245584 198.2319144799288 250.06242716555084
70.98718224187003 197.69560421012619 249.97167393117434
71.220225797139776 197.20796156227402 249.88695091635478
71.453269352409535 196.72031891442182 249.80222790153522
71.453269352409535 196.72031891442182 249.80222790153522
70.853852406351479 196.7466466398036 249.79974281508635
70.254435460293422 196.77297436518535 249.79725772863748
69.655018514235366 196.79930209056712 249.79477264218872
69.066900583152673 196.73895717575365 249.89712395090123
68.33402628163239 196.730254953535 249.88582553793481
71.453269352409535 196.72031891442182 249.80222790153522
71.239854099392005 196.58605587060825 250.25568296366265
71.026438846374475 196.45179282679464 250.70913802579008
107.75251743239721 131.48629997741449 277.28000000000009
107.86363860697732 131.03214379131677 277.03214788271441
107.75251743239721 131.48629997741449 277.28000000000009
107.86363860697732 131.03214379131677 277.03214788271441
135.56594094261897 103.06083494388227 285.14005869458657
135.88651743239717 102.28000793594256 285.04323293322784
135.56594094261897 103.06083494388227 285.14005869458657
135.88651743239717 102.28000793594256 285.04323293322784
144.03678274617425 123.15959658549056 225.05570170654696
144.41796111155716 123.18197468270618 225.01249467041129
144.03678274617425 123.15959658549056 225.05570170654696
144.41796111155716 123.18197468270618 225.01249467041129
189.6537174323972 182.14858826519335 246.22964611249125
190.27891743239721 182.14858826519335 246.22964611249125
190.27891743239721 182.14858826519335 246.22964611249125
189.6537174323972 182.14858826519335 246.22964611249125
165.89684981323626 114.11774474843628 192.30886778759378
166.31056413614678 114.24949982391186 192.38601675421222
166.31056413614678 114.24949982391186 192.38601675421222
165.89684981323626 114.11774474843628 192.30886778759378
183.40171743239719 141.38433527099079 177.68118304038092
183.58081163434019 141.61959633438897 177.6828294424555
183.58081163434019 141.61959633438897 177.6828294424555
183.40171743239719 141.38433527099079 177.68118304038092
185.55177944710556 143.22474723281431 295.87703232447444
185.90251743239719 143.2443139162678 295.8766925347453
185.90251743239719 143.2443139162678 295.8766925347453
185.55177944710556 143.22474723281431 295.87703232447444
186.25358548973412 116.72117250305283 211.93243303957712
186.44445260868434 116.62475661655401 212.1448924375371
186.44445260868434 116.62475661655401 212.1448924375371
186.25358548973412 116.72117250305283 211.93243303957712
186.84732486912304 198.305311026586 177.98058608871526
187.1529174323972 198.31932163245284 177.98035570738739
186.84732486912304 198.305311026586 177.98058608871526
187.1529174323972 198.31932163245284 177.98035570738739
194.8685178914327 112.8656642590947 288.37786169529863
195.08408144331588 112.87138003752855 288.37809128248193
195.08408144331588 112.87138003752855 288.37809128248193
194.8685178914327 112.8656642590947 288.37786169529863
195.98161983177636 116.6413305018109 298.85399079170935
198.10525747436634 115.80694635860223 300.88596270713981
195.98161983177636 116.6413305018109 298.85399079170935
196.42260465541699 116.50278796470054 299.236532751146
196.75392784470759 116.29851899980311 299.69314980538081
197.15947875223657 116.13479734776244 300.10390968907871
197.63236811330145 115.97087185318233 300.49493619810926
198.10525747436634 115.80694635860223 300.88596270713981
198.49490835702403 129.87626277870609 298.77121529728589
198.72911405672011 129.94053541530414 298.76921905630917
198.72911405672011 129.94053541530414 298.76921905630917
198.49490835702403 129.87626277870609 298.77121529728589
174.35454686786099 92.637410915920682 281.56248748425298
174.72134471059667 92.746495142904195 281.43310675353325
174.35454686786099 92.637410915920682 281.56248748425298
174.72134471059667 92.746495142904195 281.43310675353325
200.38762049550189 154.7212129774947 275.83944350451566
201.35289319403631 152.16918831546724 272.19751348316919
201.35289319403631 152.16918831546724 272.19751348316919
201.20348680230342 152.45646984367073 272.70263431392402
201.05408041057052 152.74375137187423 273.2077551446788
200.90467401883765 153.03103290007772 273.71287597543358
201.0124457642697 152.88970948657303 273.13980273082876
200.92331415889083 153.30142510400586 273.56705652810211
200.79239053542295 153.52275216958989 274.10915738113408
200.6887937026388 153.91662971981344 274.54975716741075
200.58519686985466 154.31050727003696 274.99035695368735
200.48640868267827 154.51586012376583 275.41490022910148
200.38762049550189 154.7212129774947 275.83944350451566
199.92096592454737 137.03460468640299 188.1325126425981
201.08622944349437 135.77932222213542 187.48357199092524
201.08622944349437 135.77932222213542 187.48357199092524
200.85002204574832 136.28880083737553 187.69484812744577
200.38549398514786 136.66170276188927 187.91368038502193
199.92096592454737 137.03460468640299 188.1325126425981
173.26193485402962 144.86712641398793 182.41920025510973
174.7097710362635 144.39223214782982 182.17853181722711
181.36312565521712 142.59753407018422 183.56275811751198
181.5261174323972 141.41395487483675 175.37332406098452
183.14355140650864 139.73033905836465 182.89390371288226
181.36312565521712 142.59753407018422 183.56275811751198
181.72441532651598 142.12674348475869 183.65122278892059
182.08570499781487 141.65595289933316 183.73968746032921
182.5094896112999 141.23737630181569 183.66757481661094
182.7436102861156 140.73630141709583 183.43495609525169
182.97773096093132 140.23522653237598 183.20233737389245
183.14355140650864 139.73033905836465 182.89390371288226
173.26193485402962 144.86712641398793 182.41920025510973
173.84920120327899 144.75005606981401 182.38161342823776
174.43646755252837 144.63298572564008 182.3440266013657
174.7097710362635 144.39223214782982 182.17853181722711
174.7097710362635 144.39223214782982 182.17853181722711
175.24555117736875 144.33239234230112 182.44189247881411
175.78133131847397 144.27255253677239 182.70525314040111
176.31711145957919 144.2127127312437 182.96861380198817
176.88668502661275 144.37142515119552 182.86665145849952
177.36985872471291 144.02880249593275 182.96232221455847
177.8530324228131 143.68617984066998 183.05799297061748
178.4426920397147 143.57624543714837 183.07268865426309
179.0323516566163 143.46631103362682 183.0873843379087
179.58902946262199 143.29161131966276 183.22734801263027
180.14986146477241 143.11563619985066 183.3477648825907
180.71069346692286 142.93966108003858 183.46818175255112
181.36312565521712 142.59753407018422 183.56275811751198
174.7097710362635 144.39223214782982 182.17853181722711
175.09883280081669 144.14877101166525 181.79206368330114
175.48789456536988 143.90530987550062 181.40559554937522
175.95053420919893 143.88132698437033 181.02429595471145
176.33817033806369 143.54210919378988 180.71661182747627
176.74312984978744 143.42146063603369 180.29064032681475
177.07902732753956 143.16436052475615 179.86511427917392
177.37044528939117 142.86034305113617 179.43773979790018
177.73490561690051 142.83919934034162 178.96158686746119
178.09936594440981 142.81805562954705 178.48543393702218
178.30704861063629 142.26732009877742 178.36899388679484
178.7525769810334 142.03063949341131 178.04420662994073
179.26140494390705 142.00102414015598 177.72763588737374
179.80327184131374 142.00353470863905 177.47000444026233
180.34513873872046 142.00604527712215 177.21237299315095
180.78371255758125 141.97468981834945 176.8041208154286
181.02953734635742 141.75689977692085 176.30198769455558
181.27536213513358 141.53910973549225 175.79985457368255
181.5261174323972 141.41395487483675 175.37332406098452
138.76378364827656 181.52104366802627 199.93295515483408
140.50041182034946 168.62736245113092 189.06170866608454
141.22164421197837 177.35413683867446 195.94544537595442
140.50041182034946 168.62736245113092 189.06170866608454
140.36436291003292 169.19258305647662 189.21008777948776
140.22831399971636 169.75780366182232 189.35846689289099
140.0932322688829 170.2044246985179 189.73567051903473
140.14578843713178 170.72636302895648 190.02690621121198
140.19834460538067 171.2483013593951 190.31814190338923
140.21434494885824 171.7924566940965 190.5704095404825
140.39728377156052 172.03893698839667 191.08594891984166
140.1848199999834 172.35404804988568 191.55023780049086
140.30646682029402 172.87523942433813 191.82146022269205
140.24099882873611 172.98123381048092 192.40838366930805
140.1755308371782 173.0872281966237 192.99530711592405
140.0959269161047 173.63011543172166 193.23807586539027
140.09087988428212 174.20737122936438 193.40163096790212
140.08583285245942 174.78462702700705 193.56518607041417
140.42194334778344 175.21068049804634 193.82113171844981
140.56398103514874 175.59802536558095 194.25677979770933
140.63321657633978 176.10008762139901 194.57793385905507
141.11397052895964 176.38250923069739 194.79954990459709
141.15356638229798 176.77362502891654 195.25282752458489
141.22164421197837 177.35413683867446 195.94544537595442
141.22164421197837 177.35413683867446 195.94544537595442
141.08649671278368 177.70794377786802 196.41080094241937
140.951349213589 178.06175071706156 196.87615650888432
140.52983590107596 178.47913447318984 196.96625272131575
140.09375277908467 178.85870360035256 197.12674816804022
139.64873816715647 179.2377209238436 197.262054722442
139.20372355522827 179.61673824733461 197.39736127684381
139.62103291523715 179.65992292329312 197.82629947963221
139.85068247861915 179.90424872106126 198.32385950875775
139.77388013734043 180.19040255268959 198.84560406792301
139.69707779606168 180.47655638431789 199.36734862708823
139.38597974679996 180.82471881222068 199.55588413633686
139.07488169753827 181.17288124012344 199.74441964558545
138.76378364827656 181.52104366802627 199.93295515483408
