-157.90086744119452 -110.65195519588306 66.62584474119258
-189.27486109057926 -108.53640937581422 75.66971307919728
-174.44817770576236 -104.8503131252638 69.193719170215545
-166.78393362305499 -103.87289553996932 62.794981011610027
-164.66906653010477 -105.57603562889994 55.77294499261204
-157.90086744119452 -110.65195519588306 66.62584474119258
-156.49095132091418 -106.14125850922389 76.870983272687667
-156.27195250759175 -109.96897743994555 63.742177840722128
-156.19546454259111 -105.33959786881319 58.137338718703347
-155.86231599690842 -98.848600603412109 38.550509334871727
-138.2728565479778 -36.482138105232018 104.19453315773799
-137.32822961268954 -36.670080837639773 103.17212593380286
-86.30713019696617 -129.96375511947096 222.53455007945658
-84.166099193028529 -131.11978610055294 223.53806424677055
-71.746006930512792 134.2123346057127 250.11541309380118
-69.573012256951358 136.40434324097677 250.3483193589303
-157.90086744119452 -110.65195519588306 66.62584474119258
-158.38748804047199 -110.33793206581561 66.469033178667715
-158.87410863974947 -110.02390893574815 66.31222161614285
-159.32033056469572 -109.65238241967249 66.161046083896593
-159.72744689124431 -109.34673083695434 65.84350332041511
-160.11145108543701 -109.0338336301979 65.504923762782866
-160.49545527962974 -108.7209364234415 65.166344205150637
-160.96435203146578 -108.34731481015106 65.189640689860653
-161.37527178939698 -108.02995972144291 64.88892371293251
-161.82874389003464 -107.67645708070947 64.717462530918169
-162.25436662801673 -107.31784943623333 64.493306687282782
-162.68855562550127 -106.96027741179633 64.284447495951923
-163.15447326980552 -106.61491064975235 64.130686160105626
-163.570079040943 -106.26937738723427 63.87015092738109
-164.02674889333449 -105.91504528025936 63.70921179639214
-164.47793554356679 -105.59259655228209 63.48017593789401
-164.92912219379909 -105.27014782430481 63.25114007939586
-165.35579294290466 -104.85597500651586 63.171059189899928
-165.78706861285181 -104.48799545178549 62.974609848307615
-166.2855011179534 -104.18044549587739 62.884795429958821
-166.78393362305499 -103.87289553996932 62.794981011610027
-157.90086744119452 -110.65195519588306 66.62584474119258
-158.14606859095028 -110.55700843364414 66.086528963100747
-157.91945931937809 -110.31234016242472 65.587744766181856
-157.6928500478059 -110.06767189120531 65.088960569262966
-157.49182918362254 -109.79203039021866 64.59538952564634
-157.29080831943921 -109.51638888923199 64.101818482029714
-156.79615365667337 -109.76116203236855 63.866440333079836
-156.27195250759175 -109.96897743994555 63.742177840722128
-155.86231599690842 -98.848600603412109 38.550509334871727
-155.61078800599074 -98.778232110159053 39.090677776140026
-155.35926001507312 -98.707863616905968 39.630846217408326
-155.10773202415547 -98.637495123652897 40.171014658676619
-154.75347299358083 -99.079204392904245 40.369492518181801
-154.60696386909356 -99.095524737511468 40.951101255043518
-154.4604547446063 -99.111845082118677 41.532709991905236
-154.23618849016583 -99.207437776645605 42.080949614581606
-154.01729632602652 -99.283669925683682 42.634370683869214
-153.79840416188719 -99.359902074721759 43.187791753156816
-153.57951199774789 -99.436134223759836 43.741212822444432
-153.36061983360855 -99.512366372797914 44.294633891732033
-153.15092205529649 -99.575233541495024 44.853270232181707
-152.94122427698443 -99.638100710192134 45.411906572631366
-152.98240794676562 -100.0949843011107 45.798638119951626
-152.74447622808299 -100.21254912590737 46.336752428640082
-152.50654450940038 -100.33011395070406 46.87486673732856
-152.29011378937076 -100.29743381932315 47.433516674624158
-151.98239379894136 -100.45479939287912 47.923970019754464
-151.77521558835218 -100.48096992028009 48.486457612997761
-151.62947235669594 -100.68063063500117 49.033170068886093
-151.4837291250397 -100.88029134972228 49.579882524774419
-151.17987953487938 -101.01383434152575 50.079724195605891
-150.81836002562272 -101.44143072198591 50.295281565798113
-150.69434835178345 -101.51568147002845 50.877611310158386
-150.57033667794417 -101.58993221807101 51.459941054518666
-150.44632500410489 -101.66418296611356 52.042270798878938
-150.32231333026559 -101.73843371415612 52.624600543239204
-150.15292235331475 -101.75571096471576 53.199933658521765
-149.98353137636389 -101.7729882152754 53.775266773804319
-149.69120304984972 -102.19039382944761 54.091994895029686
-149.53573289512732 -102.12294385440241 54.667563771756875
-149.38026274040496 -102.05549387935721 55.243132648484071
-148.89356563545971 -101.791579750848 55.474379834004552
-148.7345876188738 -102.17576806981717 55.906959683061402
-148.65039139106796 -102.29668509794324 56.488586769373953
-148.35164804966422 -102.26952711251536 57.008216310291743
-148.08129748441402 -102.50582571700917 57.488917403886468
-147.81094691916385 -102.74212432150303 57.9696184974812
-147.70374946466268 -102.76545036369598 58.55950374183309
-147.59655201016147 -102.78877640588897 59.149388986184967
-147.29496015864063 -102.90318595874673 59.655306775268436
-147.07985134686197 -102.99304866033197 60.208165612548783
-146.86474253508331 -103.0829113619172 60.761024449829129
-146.64963372330467 -103.17277406350243 61.313883287109476
-146.43452491152601 -103.26263676508765 61.86674212438983
-146.21941609974735 -103.35249946667288 62.419600961670177
-146.01368555397164 -103.48779665992633 62.966747753703693
-145.80795500819593 -103.62309385317977 63.513894545737209
-145.60222446242022 -103.75839104643322 64.061041337770732
-145.39829286613525 -103.89122681398776 64.609463221811538
-145.19642476336099 -103.96415608275898 65.169758314453645
-145.04917860340123 -104.19846314757589 65.702129207491552
-144.75689348642118 -104.24759830348614 66.223814118952149
-144.46460836944115 -104.29673345939641 66.745499030412731
-144.34282075767698 -104.38779313638481 67.325909155106942
-144.16677284344993 -104.46885096865431 67.89374430699884
-143.99072492922289 -104.54990880092377 68.461579458890725
-143.79736018076181 -104.76728071364646 68.986326565230385
-143.60399543230074 -104.98465262636917 69.51107367157006
-143.36771943851804 -104.87641827608402 70.051868438723318
-143.16246669361402 -105.03578404675882 70.59267696477167
-142.9448513129511 -105.05770940413709 71.15139229909029
-142.72766439511881 -105.20676446515802 71.690477108286899
-142.49027017422242 -105.35455651571458 72.221326892762022
-142.25287595332603 -105.50234856627119 72.752176677237145
-142.06518943068374 -105.50306029535834 73.322065493288264
-141.87750290804149 -105.50377202444547 73.891954309339411
-141.67088809672131 -105.76243390880163 74.392358495297557
-141.46427328540113 -106.02109579315777 74.892762681255732
-141.23681231090691 -106.06259466131573 75.446422639193571
-141.03846529510054 -106.11609078928396 76.010157173893305
-140.84011827929419 -106.16958691725218 76.573891708593038
-140.52345335478523 -106.35615021603803 77.048146346031487
-140.38447404282471 -106.55186436779431 77.598037900475902
-140.12759560166816 -106.61454567944745 78.136632849986597
-139.87071716051165 -106.67722699110057 78.675227799497307
-139.82315630762474 -107.09027352675699 79.10781365762827
-139.56602539001176 -107.1568626502328 79.645818843330261
-139.30889447239878 -107.22345177370862 80.183824029032252
-139.15485995369755 -107.11794181090775 80.754035406328654
-138.94943238586353 -107.22090046244679 81.308290790106795
-138.73573617825991 -107.37972643512978 81.845978656119343
-138.52203997065629 -107.53855240781277 82.383666522131904
-138.28768717297234 -107.4589730268265 82.930243038586411
-138.1151773680449 -107.70297335750217 83.450535461973544
-137.888373923823 -107.78640545898051 83.999716017102713
-137.67185068155149 -107.93363286638642 84.53956949358016
-137.45532743927998 -108.0808602737923 85.079422970057607
-137.25111232558126 -108.05019299118172 85.642766297979662
-137.05410370388933 -108.25689647654369 86.170460595957451
-136.84874267298781 -108.4150124834276 86.71159475247886
-136.61589059675978 -108.49034346734705 87.259413293108906
-136.38303852053173 -108.56567445126647 87.807231833738939
-136.26355871599461 -108.65183973725668 88.388867561491267
-136.07069314896029 -108.80247273307184 88.936692874546708
-135.85446822339335 -108.91623008460871 89.484694741819879
-135.68873092275049 -109.30099239488823 89.914216699074672
-135.40577055356547 -109.05165928226222 90.38087120555555
-135.24363798258798 -109.24112610794573 90.92659581686938
-135.02494525416222 -109.36420771381135 91.471595274512453
-134.81113210659842 -109.48066108577484 92.019977030305981
-134.58765946029206 -109.6208933102516 92.55886004133076
-134.38590928979085 -109.72950602715518 93.113386998682287
-134.1841591192896 -109.83811874405873 93.667913956033829
-133.98644611117214 -109.82344587894575 94.23421270532657
-133.78873310305471 -109.80877301383273 94.800511454619311
-133.58444579137776 -110.05021792509055 95.310385016510395
-133.38015847970081 -110.29166283634841 95.820258578401464
-133.1330138263865 -110.28979879325536 96.36699073008225
-132.88586917307219 -110.28793475016235 96.913722881763036
-132.81298575688817 -110.52663956133213 97.459349146499008
-132.52949119329955 -110.66260442151133 97.970372031712728
-132.31401196859719 -110.62897976631709 98.529333646034075
-132.07005490247943 -110.83120807564644 99.038832086460545
-131.86191596056509 -110.92674543713781 99.593404708772567
-131.63746709316419 -111.02055496067032 100.14187756973934
-131.42328220232781 -111.12358321663757 100.6927949964103
-131.20501142444485 -111.22938291608143 101.24157937220825
-130.98674064656188 -111.33518261552528 101.79036374800623
-130.7572216134096 -111.36515881797497 102.34391811815203
-130.52861481877878 -111.42578630621901 102.89533741516462
-130.30000802414798 -111.48641379446306 103.44675671217719
-130.07963669795942 -111.58768836649156 103.99555534524249
-129.82937125844987 -111.74004087757241 104.51915435417439
-129.57910581894032 -111.89239338865328 105.04275336310627
-129.39161800804382 -111.87843813338955 105.61253715685243
-129.15417879268173 -111.90358751582694 106.1629825470332
-128.92347454347845 -112.11525388621718 106.67481542702959
-128.73602599531392 -112.31259210515657 107.20953093001863
-128.52145726830057 -112.38994978210353 107.76448683025326
-128.2817402425126 -112.4628606778053 108.30966546963244
-128.06462511716606 -112.64478270726678 108.83859400690604
-127.85589371933204 -112.7534079182976 109.39052857466454
-127.64716232149799 -112.86203312932844 109.94246314242302
-127.41344273954694 -113.11487879899616 110.43383288543016
-127.18746775899771 -113.18357175228316 110.98539121084507
-126.86905364280167 -113.28071552947463 111.48456606714301
-126.62201535480392 -113.35290331145063 112.02656330735419
-126.47169653133969 -113.3648756635715 112.60730500044762
-126.32137770787548 -113.37684801569239 113.18804669354105
-126.10869878324635 -113.5486061646282 113.72215044122754
-125.89601985861722 -113.72036431356398 114.25625418891403
-125.68178075953222 -113.67236289544512 114.81464246984569
-125.45151558528087 -113.88436538513704 115.32653395628734
-125.22125041102954 -114.09636787482893 115.83842544272898
-125.03524682290735 -114.09305773155945 116.40885660260474
-124.82766718470521 -114.20496706241258 116.96056938609979
-124.56077400373158 -114.16379373900625 117.49636112492138
-124.44506238487361 -114.45533519930116 118.00784367417441
-124.22042852211628 -114.54348500552487 118.55717894462903
-124.0383382167028 -114.62203307681156 119.12345919430365
-123.85624791128933 -114.70058114809827 119.68973944397828
-123.62723152567074 -115.09291318894047 120.08169232998219
-123.339561627802 -115.24135069194627 120.58687777866574
-123.05189172993326 -115.38978819495203 121.09206322734929
-122.95037900824278 -115.31204284321336 121.67828061673484
-122.57860202990612 -115.25235330607117 122.14541982246972
-122.45397712155587 -115.38106502791888 122.7180470353034
-122.2744484453159 -115.47357052600724 123.28303569645595
-122.09491976907596 -115.56607602409562 123.84802435760851
-121.83027422543846 -115.64485866624391 124.38071191286858
-121.56562868180094 -115.72364130839216 124.91339946812863
-121.27823349890056 -115.85752325787125 125.42279090155617
-120.99083831600019 -115.99140520735034 125.93218233498369
-120.79847705017221 -115.98426359815036 126.50046583890325
-120.58449792689423 -116.02028310494181 127.05985437108075
-120.37051880361624 -116.05630261173326 127.61924290325824
-120.04167999056237 -116.34585274629603 128.02915235009255
-119.71284117750854 -116.63540288085878 128.43906179692686
-119.58902539009031 -116.45062990943043 128.9963127276713
-119.43252357507029 -116.51130638134268 129.57235573617999
-119.22447873556624 -116.70116293223415 130.10214044230059
-119.01643389606215 -116.89101948312563 130.6319251484212
-118.80245763951484 -116.81729337987008 131.18760367358908
-118.58848138296756 -116.74356727661447 131.74328219875696
-118.39602757296491 -116.96930714406099 132.26482130875803
-118.17135622805208 -116.98034121065022 132.82105959955575
-117.95930321517501 -117.0671750790095 133.37558047295505
-117.66505312408133 -117.16949912011225 133.8883637356536
-117.51524454502226 -117.34202046274098 134.44315538661627
-117.29232471172857 -117.44147889586547 134.99125644299613
-117.06143816068422 -117.45600091498122 135.54486326331869
-116.87493100930101 -117.51363062860135 136.11222020439808
-116.69133655345149 -117.57126144930309 136.68052625248009
-116.44584714157997 -117.59391697269368 137.22753783912052
-116.20035772970843 -117.61657249608425 137.77454942576094
-115.99662181840111 -117.7724743765137 138.31693884501829
-115.71775825098889 -117.83676416842357 138.84429255309885
-115.30536123775232 -117.83920072470343 139.28009384573926
-115.27495759581969 -117.96420250118823 139.86614006783518
-115.24455395388698 -118.08920427767301 140.45218628993109
-114.93655477848998 -118.18214739939606 140.95864268892231
-114.69682660966141 -118.16339360656181 141.5083505207061
-114.45709844083288 -118.14463981372765 142.05805835248992
-114.24508534092362 -118.32042494533894 142.59111560360958
-114.03307224101437 -118.49621007695021 143.12417285472927
-113.78865130872104 -118.58123406330404 143.66549469024062
-113.52442762578053 -118.57560513924793 144.20415428644895
-113.31566670831823 -118.72612026064897 144.74615435800791
-113.10690579085595 -118.87663538205001 145.2881544295669
-112.88655043974029 -118.92361845656066 145.84424444920779
-112.67350990415132 -118.92090706731369 146.40514228176227
-112.46046936856233 -118.91819567806674 146.96604011431674
-112.15451820709536 -119.02532522209167 147.47093331846395
-111.90062822293393 -119.20639131901774 147.9835295967244
-111.64673823877249 -119.3874574159438 148.49612587498487
-111.61772176926857 -119.19502387072025 149.0636885368736
-111.36784257404663 -119.3956213763302 149.57095673865479
-111.11796337882467 -119.59621888194013 150.07822494043597
-110.95444190352093 -119.45201527759994 150.63721156604498
-110.67062442536056 -119.606865976352 151.14265088009435
-110.45698906295343 -119.57870827469333 151.70262148268566
-110.22242351402686 -119.79488742011522 152.21080017206708
-109.98785796510029 -120.01106656553711 152.71897886144853
-109.87896217414183 -119.92330747692165 153.30245126788856
-109.65635995820128 -120.03972114936047 153.84733300765203
-109.4337577422607 -120.15613482179931 154.39221474741547
-109.19753621908076 -120.28700119431373 154.92800704348875
-108.96131469590082 -120.41786756682811 155.46379933956203
-108.75339190550565 -120.4684340708183 156.02434473639309
-108.54202284199161 -120.5201595197826 156.5834937298811
-108.32658668019062 -120.62289043729486 157.13397862411119
-108.125018216529 -120.7745302169596 157.67838245554549
-107.92344975286736 -120.92616999662434 158.22278628697975
-107.77539263758737 -120.91289639260992 158.80408044835713
-107.52936226024399 -121.067416837724 159.32904948122101
-107.2833318829006 -121.22193728283806 159.85401851408488
-107.08229295393012 -121.26877467301838 160.41739193191668
-106.88286634609645 -121.23694024317956 160.9823836107623
-106.67221343792819 -121.39414674919574 161.52174570318857
-106.46156052975994 -121.55135325521194 162.06110779561484
-106.23562314532694 -121.63323435029766 162.6108784610592
-106.00968576089397 -121.71511544538336 163.16064912650359
-105.76557366888078 -121.68290609760383 163.70779795858545
-105.56968713448177 -121.65202396620066 164.27407947832731
-105.37380060008275 -121.62114183479746 164.84036099806914
-105.16390141715485 -121.92548206491995 165.31292777359954
-104.95400223422698 -122.22982229504241 165.78549454912996
-104.7910845448409 -122.13650829337944 166.35536323889869
-104.60753194239278 -122.24078613293503 166.9169988630467
-104.3856389975748 -122.27120695095273 167.47362988524287
-104.19740884649886 -122.34283290894557 168.03881935114572
-104.00917869542295 -122.41445886693842 168.60400881704857
-103.80492020118899 -122.47267268237935 169.16515908143867
-103.56585671603482 -122.59566773982267 169.7015552651597
-103.32679323088067 -122.71866279726601 170.23795144888069
-103.1184994239932 -122.6677023387181 170.798323398283
-102.91020561710575 -122.61674188017018 171.35869534768528
-102.76816550682891 -122.95435119056465 171.8339264079155
-102.54477490191907 -123.07115342561193 172.37840218839244
-102.31709949141853 -123.08100114802339 172.93343996171666
-102.10805210131733 -123.23301347387567 173.47491151358329
-101.89900471121612 -123.38502579972797 174.01638306544993
-101.71358519471978 -123.42003660512125 174.58593889801418
-101.52922344762439 -123.45793605164803 175.15565319321917
-101.35943287018674 -123.59388018597076 175.71484041781986
-101.14730122450842 -123.54070030410897 176.27356402128311
-100.94300193777921 -123.70709164463429 176.81261478256641
-100.73870265105 -123.87348298515958 177.35166554384975
-100.50752450135988 -123.8773694194642 177.90532749733242
-100.35103516847728 -123.85993029562071 178.48429810595911
-100.15611511162689 -123.91164353847448 179.04939271038475
-99.961195054776496 -123.96335678132826 179.61448731481039
-99.766274997926104 -124.01507002418205 180.17958191923603
-99.587002420492936 -124.14996065486264 180.73605820869952
-99.407729843059784 -124.28485128554323 181.29253449816301
-99.206149546716617 -124.29038375241525 181.85763163665916
-99.011550231740017 -124.52912561483497 182.37254272581825
-98.816950916763432 -124.76786747725464 182.88745381497736
-98.631081129636726 -124.68520044518201 183.45191690858206
-98.43602743531514 -124.70317625078151 184.01904205063144
-98.257272618137122 -124.75908283790912 184.58906061949688
-98.078517800959119 -124.8149894250367 185.15907918836234
-97.848901137943756 -124.78898209483216 185.71279374193784
-97.635749194616068 -125.00011059113504 186.23240033071872
-97.422597251288394 -125.21123908743793 186.75200691949962
-97.230713004552328 -125.21891508268712 187.32044470409127
-97.038828757816262 -125.22659107793629 187.88888248868292
-96.88570633354054 -125.34365551836106 188.45708090470674
-96.647427799147621 -125.44528899252109 188.99827770530493
-96.409149264754689 -125.5469224666811 189.53947450590312
-96.213512147070588 -125.56424196435964 190.10641908272208
-96.053169531518165 -125.65037766310721 190.67814531706773
-95.839440766575336 -125.67111484809439 191.23840417170086
-95.625712001632493 -125.69185203308152 191.79866302633397
-95.409685833614418 -125.85682319277971 192.33356227965115
-95.236682016782225 -126.06685868732788 192.86830966897753
-95.017083405936319 -126.15588478747327 193.4195363044075
-94.776305622664268 -126.1898025321012 193.96805763095912
-94.604638638145417 -126.35746986567588 194.51798318199141
-94.390733670243293 -126.41001998097889 195.07608993709158
-94.176828702341169 -126.46257009628191 195.63419669219175
-94.000576828475999 -126.52427783010259 196.20439615952378
-93.812501635026578 -126.71061643032019 196.74282502917873
-93.588229743230329 -126.69871658911214 197.29920665390168
-93.363957851434051 -126.68681674790409 197.85558827862462
-93.212160833660022 -126.94397531249555 198.37599882622351
-93.010792468511369 -127.1000961884844 198.91920877973857
-92.787506603339054 -127.07026028132809 199.47531420235052
-92.564220738166767 -127.04042437417179 200.03141962496247
-92.272061174987996 -127.19564998022872 200.53196712607246
-92.095937689059255 -127.29369174345462 201.09709395287143
-91.919814203130528 -127.3917335066805 201.66222077967041
-91.767005441228804 -127.51349194978236 202.2295164378765
-91.597411822093136 -127.23671811722753 202.73412940834135
-91.414545150784548 -127.4368647980352 203.26938737109032
-91.208796388113939 -127.51890820622953 203.82700401882545
-91.003047625443344 -127.60095161442385 204.38462066656058
-90.806250061831321 -127.74472172869159 204.93289146935771
-90.577763433123295 -127.84440244323052 205.47865480236084
-90.343466377640098 -127.88296445587984 206.02967010248625
-90.159162326917198 -128.0504256870997 206.57555356342408
-89.960388745297436 -128.0888030337608 207.14036879207265
-89.761615163677661 -128.12718038042186 207.70518402072122
-89.540252783936708 -128.28977205320933 208.23862815535534
-89.344929313243824 -128.41823340053659 208.79120975479503
-89.149605842550955 -128.54669474786382 209.34379135423478
-88.954794414545717 -128.44294809013212 209.90172068535838
-88.738695169639882 -128.61479750515187 210.4344203145196
-88.525350089998156 -128.74843492434908 210.97905314237977
-88.307152919635513 -128.82504072400951 211.53269702277959
-88.143485080691278 -128.84693077484542 212.10952772946024
-87.865237224007302 -128.98314919278522 212.62335909563475
-87.721572968720253 -129.43000095564196 212.99710243508662
-87.564085083135083 -129.60767419931008 213.54812855459309
-87.361217096425349 -129.52237142434984 214.10631133518777
-87.184304405049119 -129.44010326764158 214.67370348354888
-87.007391713672916 -129.35783511093328 215.24109563191001
-86.776571462101657 -129.5056348724319 215.77483455869492
-86.636329408827393 -129.86632695867206 216.23334670184613
-86.506239775636004 -129.68691713164293 216.79092073397237
-86.376150142444629 -129.50750730461385 217.34849476609861
-86.202155755447208 -129.98502803716715 217.66739898882878
-85.981283857693228 -130.38824538990889 218.05292638244759
-85.790613343731366 -130.2582928782542 218.60678295216593
-85.599942829769518 -130.1283403665995 219.16063952188429
-85.462449182014026 -130.5090135921742 219.60356546621074
-85.324955534258535 -130.88968681774887 220.04649141053719
-85.125681187977762 -130.55727981465984 220.50452560054023
-84.973759645042747 -130.78970570689907 221.03640721275207
-84.784178690850553 -130.84233425447459 221.60323108115182
-84.676088518278277 -130.83756901283812 222.19339530157308
-84.567998345706002 -130.83280377120167 222.78355952199436
-84.166099193028529 -131.11978610055294 223.53806424677055
-155.86231599690842 -98.848600603412109 38.550509334871727
-155.96633792210218 -98.910719490294213 39.138149261162908
-156.25848355392225 -99.14552673355476 39.606675128453958
-156.55062918574234 -99.380333976815308 40.075200995745
-156.79701323346174 -99.667295279524552 40.540977886301867
-157.10046114283506 -99.786802881639858 41.044602051065247
-157.40390905220838 -99.906310483755163 41.54822621582862
-157.59035296121948 -100.19699352355715 42.038880920446985
-157.86981665756841 -100.42652514999574 42.517645241264077
-158.14928035391731 -100.65605677643433 42.996409562081183
-158.38453176150318 -100.82928545569449 43.520478832226495
-158.63503974780505 -101.05192544815488 44.01815059408991
-158.91115329814446 -101.21597217828486 44.524954281579099
-159.19051253833214 -101.41619321157296 45.01675703955307
-159.49049012159847 -101.49944192063039 45.529673311451283
-159.7904677048648 -101.5826906296878 46.042589583349503
-160.01572230874311 -101.89204557060702 46.504714981872993
-160.26114237832624 -102.11611713397922 47.004275712849463
-160.50656244790937 -102.34018869735144 47.503836443825932
-160.773418797711 -102.63229115514767 47.954906108866659
-161.02903103825381 -102.75248346760517 48.484260612494239
-161.28464327879658 -102.87267578006272 49.013615116121841
-161.62226711001725 -102.89703007752264 49.509010934419813
-161.95989094123789 -102.92138437498258 50.004406752717799
-162.15684606179141 -103.30258882845449 50.423801370161726
-162.35380118234497 -103.68379328192637 50.843195987605654
-162.49462875978881 -103.94500563964141 51.364670529274022
-162.75678088733312 -104.03652772121993 51.896553947522349
-163.01893301487743 -104.12804980279846 52.428437365770677
-163.24904612752871 -104.34594668765381 52.937916416327496
-163.54078540679831 -104.53503495628202 53.426929524125683
-163.83252468606787 -104.72412322491027 53.915942631923869
-164.06962204747782 -104.94063817954888 54.422801700729266
-164.26943687502015 -105.15243732933257 54.872849464690191
-164.46925170256245 -105.36423647911627 55.322897228651115
-164.66906653010477 -105.57603562889994 55.77294499261204
-156.19546454259111 -105.33959786881319 58.137338718703347
-156.26913401722399 -105.29472699656078 58.731105855997612
-156.3428034918569 -105.24985612430835 59.324872993291876
-156.41647296648978 -105.20498525205593 59.918640130586141
-156.49014244112269 -105.1601143798035 60.512407267880391
-156.34179614167448 -105.22928078477705 61.089650183699256
-156.19344984222633 -105.29844718975059 61.66689309951812
-156.24195020537115 -104.90097112721863 62.113726955094101
-156.22378427128044 -104.61745484509061 62.642204501075881
-156.20561833718978 -104.33393856296262 63.170682047057667
-156.38697520846551 -104.11409222945181 63.698675678537185
-156.52888468451573 -103.98461843126708 64.267092986675124
-156.55850173705113 -103.69271303562327 64.790460993142034
-156.33689815682311 -103.58169987841461 65.336874693699301
-156.49865660451806 -103.67991885960146 65.90624911912947
-156.66041505221298 -103.77813784078833 66.475623544559639
-156.62844267698034 -103.9508039996097 67.049351846824621
-156.59647030174767 -104.12347015843118 67.623080149089574
-156.71425758595959 -104.29561737539373 68.185655914093743
-156.77816676219803 -104.08316942768515 68.743133704419904
-156.82530888149859 -103.76869918604874 69.251942202494547
-156.840143589967 -103.92686158054384 69.830530647239371
-156.72781478385454 -104.04190486936845 70.408585386008767
-156.84282683516622 -103.99958828682172 70.995936673480458
-156.95783888647787 -103.95727170427502 71.583287960952148
-156.88930264589391 -103.43265411072363 71.866270582791358
-156.81916780991133 -103.78627584021217 72.345887906514378
-156.74903297392876 -104.13989756970072 72.825505230237383
-156.76971453724389 -104.42259307869377 73.354329891286781
-156.98431752301161 -104.73341378552132 73.820523034422521
-156.71826420605007 -104.969049868002 74.303939282770585
-156.97390463105791 -105.39792660984931 74.636674482898641
-157.22954505606575 -105.8268033516966 74.969409683026711
-157.18389281701178 -106.29005253214402 75.347980772630947
-156.95291231831257 -106.24045452450397 75.855648272649859
-156.72193181961339 -106.19085651686393 76.363315772668756
-156.49095132091418 -106.14125850922389 76.870983272687667
-156.19546454259111 -105.33959786881319 58.137338718703347
-156.21326573042876 -105.25954533543786 57.542969549237299
-156.23106691826644 -105.17949280206251 56.948600379771243
-156.26917413952251 -105.00572113711746 56.375580966356338
-156.20834392978043 -105.0376568411604 55.779527448297742
-156.24241681998086 -104.87518888752997 55.202948570609237
-156.19235414599683 -104.59299049957038 54.675826385052076
-156.14229147201277 -104.31079211161075 54.148704199494908
-156.09222879802869 -104.02859372365114 53.621582013937733
-156.05595908149482 -103.72958849479907 53.102659687590446
-156.01968936496095 -103.43058326594704 52.583737361243166
-156.04578524616304 -103.79449502625957 52.107410545190874
-156.00999830743393 -103.92057898310161 51.521900399383426
-156.07201664044106 -103.76687711882808 50.945246722303452
-156.13403497344819 -103.61317525455452 50.368593045223477
-156.19605330645521 -103.45947339028105 49.791939368143467
-155.79895839423938 -103.7159100968465 49.422404733476874
-155.86506132331624 -103.58418844523817 48.840786465826142
-155.93116425239307 -103.45246679362984 48.259168198175409
-155.9141973072517 -103.17754033342685 47.72613202280565
-155.89723036211032 -102.90261387322384 47.193095847435892
-155.70613678481752 -102.80452095710973 46.632862838299808
-155.87925015075345 -103.03346423821506 46.105969360857678
-155.76928570159822 -102.88215902532299 45.535868885087254
-155.76159167663889 -102.63082370102327 44.991101635026205
-155.72975215413243 -102.40173207040664 44.437474260713863
-155.78405552666879 -102.05422017800652 43.951381030590603
-155.83835889920516 -101.7067082856064 43.465287800467344
-155.75838806866957 -101.50166132579788 42.907111833108715
-155.71961390538698 -101.24907821364752 42.364250584060521
-155.77652959706131 -100.88755878493994 41.88878838082227
-155.83344528873565 -100.52603935623236 41.413326177584018
-155.79577361636925 -100.26906442789809 40.872452133735806
-155.81766899195605 -99.947394050572683 40.366439524328456
-155.83956436754289 -99.625723673247251 39.860426914921113
-155.97865390332365 -99.220621859093555 39.44025240212234
-155.92048495011605 -99.034611231252839 38.995380868497037
-155.86231599690842 -98.848600603412109 38.550509334871727
-156.19546454259111 -105.33959786881319 58.137338718703347
-156.36086942523013 -105.91233795138808 58.205235866001985
-156.44186874170663 -106.47526732547799 58.396415442623223
-156.64048184771463 -106.77358562349477 58.877621248064315
-156.78918308741808 -107.07384070822252 59.375350919076403
-156.93788432712154 -107.37409579295017 59.873080590088534
-156.90117743500758 -107.66947251763042 60.394046226756153
-156.86447054289363 -107.96484924231069 60.915011863423771
-156.83735587674855 -108.26389634950711 61.434468909345092
-156.79594497894612 -108.56522156425061 61.951661574125822
-156.80162863572053 -108.86316115314897 62.47242994625757
-156.76346543291999 -109.21659462383407 62.955781114407067
-156.72530223011944 -109.57002809451917 63.439132282556571
-156.27195250759175 -109.96897743994555 63.742177840722128
-71.746006930512792 134.2123346057127 250.11541309380118
-72.061904543169845 133.71660440657229 249.99516223942669
-72.377802155826885 133.22087420743188 249.87491138505226
-72.414011937795152 132.62220269503155 249.85814022140386
-72.721929760683651 132.17302774305634 249.60629011347118
-73.029847583572149 131.72385279108113 249.35444000553852
-73.36585767363735 131.26783461363584 249.15658995824555
-73.531324965657589 130.79712391088515 248.82334528898974
-73.730336311508907 130.31813960926837 248.52173540349662
-73.929347657360239 129.83915530765162 248.22012551800353
-74.16006563960255 129.52176098144815 247.76622018165699
-74.390783621844875 129.20436665524471 247.3123148453104
-74.484791750957058 128.62822624038319 247.17366170245378
-74.67178461817457 128.22836177688768 246.7672849333795
-74.747992494616653 127.91110050019748 246.2637597186374
-74.961090080973918 127.55497088424679 245.8304456116301
-75.103143728913949 127.20711480075056 245.36266691792804
-75.27707910753648 126.75104697813188 245.01374196147563
-75.368112978197701 126.34595219215028 244.58060105049748
-75.606606941105611 125.93626774037955 244.21279773399016
-75.709154952130305 125.49614938732846 243.81810831084522
-75.886664353017068 125.08180523618611 243.42211672379955
-76.069952889304844 124.59208639238439 243.12787062528508
-76.238434861873628 124.10533152877341 242.82016373931992
-76.406916834442399 123.61857666516241 242.51245685335476
-76.592939272755572 123.17846537546761 242.1495550689458
-76.778961711068746 122.73835408577281 241.78665328453684
-76.962841979190245 122.26256732501876 241.47071815624827
-77.146722247311729 121.78678056426472 241.1547830279597
-77.334990843273374 121.3350643599623 240.80764126074456
-77.531608984521768 120.84519586107501 240.5223867071789
-77.728227125770147 120.35532736218772 240.23713215361323
-77.899808529786043 119.84066926161294 239.98083767199356
-78.127661809720991 119.35897185237475 239.70506514117133
-78.368923066180031 118.9972749467441 239.29158194370251
-78.562299011193048 118.5405755890495 238.95389652712123
-78.755674956206065 118.08387623135488 238.61621111054001
-78.910454839724039 117.57077297812768 238.34645522240072
-79.133265778414142 117.14365825301203 237.98878456776237
-79.397821806787277 116.72361531390425 237.65177709431836
-79.662377835160399 116.30357237479643 237.31476962087436
-79.518444403327948 115.75491152703862 237.51035704720493
-79.679326919916846 115.21553078740479 237.30254647584707
-79.790008043340379 114.67124172430636 237.07561233405886
-80.132286497940882 114.69918689128755 236.58361179832877
-80.241873455201244 114.12150626663829 236.46413044119194
-80.485287977059656 113.65154125032544 236.18149595286735
-80.711558710313909 113.21673109530597 235.83545883872415
-80.878339494498661 112.68255720177633 235.61902773768253
-81.138199798274599 112.27526723604294 235.26323635732828
-81.39959242008203 111.87101623833048 234.90510924565825
-81.609874878095326 111.39258159890537 234.61035242444785
-81.820157336108622 110.91414695948026 234.31559560323748
-82.053911873207483 110.48860426090599 233.96307294002872
-82.306812948504074 110.02922954863115 233.67149804427081
-82.559714023800652 109.56985483635637 233.3799231485128
-82.663334495083291 109.14601682943973 232.96806863315078
-82.766954966365915 108.72217882252308 232.55621411778876
-83.097790395079357 108.27730970997337 232.32678135681675
-83.264939518595043 107.71660277065921 232.19385694704602
-83.432088642110685 107.15589583134503 232.06093253727528
-83.723494845046446 106.93730715534329 231.58417115501538
-83.924841148087921 106.59535137381927 231.13414236734306
-84.137662620089756 106.15382297164403 230.78807923563505
-84.32783330630852 105.66838429191992 230.49112065547479
-84.526449915941413 105.31027655231291 230.05258868490537
-84.725066525574306 104.95216881270589 229.61405671433596
-84.987947184883637 104.4857250422501 229.34327272669253
-85.198307778655632 104.0289341394767 229.01602589060184
-85.408668372427627 103.5721432367033 228.68877905451117
-85.638505347213865 103.15983497719074 228.31840510272892
-85.868342322000103 102.74752671767817 227.9480311509466
-86.141639561531434 102.28804840308351 227.67565586337113
-86.359098363009096 101.81964644944109 227.37018691325693
-86.658424213954021 101.42754169901283 227.02863472156778
-86.862688421507983 100.98798288077847 226.67499058005714
-87.21433119759152 100.65458000261638 226.32116876210142
-87.389658194349281 100.16608952819432 226.02010813596971
-87.675130267227402 99.726967974866199 225.72740016373569
-87.907831557807498 99.219644735447062 225.50723377186893
-88.109311664381082 98.664392245156762 225.40187515247061
-88.403796737470699 98.370019354871928 224.96987614414678
-88.698281810560331 98.075646464587095 224.53787713582301
-88.953734110422516 97.655137754580394 224.19448734665679
-89.159844274937669 97.136394092456527 223.97443368708747
-89.340063947301147 96.617912271132838 223.73215807822422
-89.724385343294387 96.238927187766365 223.4701134805552
-90.108706739287626 95.859942104399934 223.20806888288615
-90.245006159156588 95.371571676805402 222.88726240914457
-90.381305579025565 94.88320124921087 222.56645593540298
-90.606928033768597 94.485924900885863 222.17752662180311
-90.832550488511629 94.088648552560869 221.78859730820324
-91.058172943254647 93.691372204236004 221.39966799460322
-91.29904194923779 93.238367183693782 221.08859151956818
-91.539910955220918 92.785362163151561 220.77751504453312
-91.780779961204047 92.332357142609368 220.466438569498
-92.031676402422931 91.867137038777116 220.18249978952244
-92.28257284364183 91.401916934944865 219.89856100954688
-92.517571386830937 90.996471958053291 219.5238743999484
-92.752569930020059 90.591026981161704 219.14918779034997
-92.947598521138048 90.096757025723576 218.87051045040693
-93.142627112256022 89.602487070285449 218.59183311046391
-93.405056492119442 89.186592816970546 218.24808496044108
-93.667485871982862 88.770698563655657 217.90433681041819
-93.909590299893267 88.335015237973423 217.57032261055738
-94.12560883686632 87.926834316949197 217.18727649401808
-94.341627373839344 87.518653395924957 216.80423037747877
-94.553397840408138 87.043610790784896 216.50508527424125
-94.808163823592892 86.587160173657509 216.21055662039595
-95.02108631454341 86.113921970952646 215.90937624861172
-95.252654183349534 85.757937370712909 215.48552334189907
-95.484222052155658 85.401952770473173 215.06167043518644
-95.716224089216837 84.976385994466312 214.70802092796413
-95.948226126277973 84.550819218459424 214.35437142074178
-96.190865193032792 84.092216725075289 214.05302438434325
-96.433504259787597 83.633614231691155 213.75167734794462
-96.663638760883956 83.172595265569868 213.44426943607249
-96.902168610804864 82.782475208414496 213.05579826378067
-97.140698460725744 82.392355151259153 212.66732709148877
-97.321851708777842 81.883178149679637 212.40670805576298
-97.573521344550912 81.487593913364421 212.03230786023852
-97.825190980323967 81.092009677049248 211.657907664714
-98.051702039503098 80.684076053355369 211.28070361021628
-98.26791474654739 80.23332237447913 210.94893081703981
-98.537332911535742 79.817255653600967 210.61084453197046
-98.80675107652408 79.401188932722789 210.27275824690111
-99.000283251604827 79.014403743043943 209.85689467040802
-99.267240728905463 78.60759677126002 209.50583656550049
-99.464737755124744 78.133455160510749 209.19570005105783
-99.662234781344026 77.659313549761492 208.88556353661519
-99.894710986119392 77.269783977387831 208.49285304979361
-100.12718719089476 76.880254405014185 208.10014256297205
-100.3193969008482 76.396837093894959 207.80120589625167
-100.55123854293096 76.08787671768475 207.34208397461384
-100.78723542811747 75.626934408949609 207.03903668754432
-101.02323231330398 75.165992100214453 206.73598940047486
-101.22383440880516 74.606375798002574 206.65482048044231
-101.42443650430633 74.046759495790695 206.57365156040981
-101.5595485848045 73.929035928296145 206.00103835120154
-101.69466066530264 73.81131236080158 205.42842514199324
-101.85689388724191 73.296392750382566 205.16662717312192
-102.01912710918117 72.781473139963538 204.90482920425066
-102.17787440300633 72.283146344346534 204.61077189440567
-102.33662169683149 71.78481954872953 204.31671458456066
-102.55603736656902 71.440925899040707 203.87672149191337
-102.7896805318486 71.041551765745751 203.49473828158466
-102.98077515328904 70.599723468538997 203.13658942783258
-103.17186977472952 70.157895171332257 202.77844057408052
-103.36296439616997 69.716066874125502 202.42029172032846
-103.58993038620096 69.30886089497821 202.04257525270236
-103.67896897773622 68.836087886339868 201.68402565847518
-103.90476833755979 68.346267100652796 201.42117542162507
-104.11237612988933 67.933855560507297 201.03801001854322
-104.2543695344938 67.565309791453515 200.58633326558666
-104.45962211620072 67.051577451255724 200.35406088165448
-104.62763466873044 66.585349301145754 200.01582561702719
-104.78755308300958 66.152362120047755 199.6324873828537
-104.94747149728873 65.71937493894977 199.24914914868017
-105.08630497933548 65.359495268700385 198.78957120403533
-105.36821110498688 64.857538914255684 198.62054826312851
-105.52420620557689 64.483397370540871 198.1781868341379
-105.68020130616688 64.109255826826058 197.7358254051473
-105.76377092638302 63.553041845181781 197.52691842776181
-105.97910818095679 63.256628222532072 197.05176705072466
-106.0603376310352 62.668690202831861 196.96384287071163
-106.25324178179714 62.270591253362888 196.5584970738289
-106.44614593255911 61.872492303893921 196.15315127694615
-106.60701162016684 61.390324125637832 195.83434713891199
-106.7678773077746 60.908155947381751 195.51554300087784
-106.92840690444332 60.419524555330192 195.20656142975241
-107.08893650111204 59.930893163278611 194.89757985862704
-107.28128775959121 59.384594802379297 194.7408664442676
-107.4505398367148 58.957456503081985 194.35498225482371
-107.54883084513794 58.555196798771895 193.92078643730412
-107.7550052457412 58.098817993531384 193.59031631359679
-107.96117964634445 57.642439188290879 193.25984618988946
-108.09420326581888 57.150391736263529 192.9433117974211
-108.22722688529332 56.658344284236207 192.62677740495272
-108.40914346487031 56.263015316683209 192.21371401334255
-108.59106004444729 55.86768634913021 191.80065062173239
-108.77297662402434 55.472357381577197 191.38758723012228
-108.93764306947151 55.046619128015394 190.99818781923682
-109.07641604309325 54.54459361930769 190.70034146555935
-109.215189016715 54.042568110600008 190.4024951118819
-109.4493705205153 53.881437836405574 189.87410504950765
-109.56424072185192 53.380068100776384 189.56518236494077
-109.67911092318852 52.878698365147201 189.25625968037389
-109.75625674124517 52.303296679476851 189.10472940985315
-109.91208975851501 51.896720950568202 188.69191922660789
-110.07090895935578 51.488291935472873 188.28208730853345
-110.19442424302235 50.999277807346012 187.95711168299658
-110.39137592378677 50.550514639263945 187.61095903687493
-110.56974849992112 50.104106463188238 187.25192844706962
-110.66741201323654 49.561521881542923 187.01515047105059
-110.76507552655194 49.018937299897587 186.77837249503159
-110.93363300196704 48.651612434923308 186.33490792930698
-111.10219047738212 48.284287569949029 185.89144336358237
-111.21548256729432 47.967123476264128 185.39488335709737
-111.32877465720651 47.649959382579212 184.8983233506124
-111.49152303465898 47.254036938037203 184.47789692001547
-111.51568107217244 46.669683516436585 184.61186507999071
-111.53983910968591 46.08533009483596 184.74583323996592
-111.68876725058267 45.997568560544487 184.17127399850526
-111.81242317944756 45.636221649276322 183.70852393532479
-111.94628001379604 45.060228155578038 183.60696684243885
-111.99914374254317 44.632591823866584 183.18943529395023
-112.06147586917959 44.120413147282633 182.88318750335949
-112.06296897687294 43.822715448512533 182.36225194997846
-112.41740359188205 43.451438298684707 182.05156017071954
-112.43439805886877 43.472082414907405 181.4521562930567
-112.50687428192541 42.961618039695409 181.14527957720674
-112.57935050498205 42.451153664483414 180.83840286135674
-112.77048874379224 42.186038637422122 180.33523271509324
-112.80332696686325 41.62481678740501 180.1255861406664
-112.84780901890042 41.134597625699861 179.7825023017237
-113.04361454241237 40.69482909829236 179.42436288855609
-113.05235795183114 40.098170253779031 179.36173880328721
-113.1377366217354 39.624462936175107 179.00353235447054
-113.22518566716151 39.157169332004493 178.63748679452573
-113.31267585457272 38.690005414832065 178.27128556350806
-113.44917393173539 38.51270046518119 177.71457088814896
-113.5178134899177 38.186807450530949 177.21548937771735
-113.76323812648589 37.780674880591675 176.84830674822638
-113.85450038191959 37.439240084599469 176.36344235396865
-113.94576263735333 37.097805288607255 175.87857795971092
-114.0269870398981 36.637328002495025 175.50259489439287
-114.05074251091507 36.197420999367218 175.09526516776359
-114.07449798193197 35.757513996239382 174.68793544113436
-114.22687089220135 35.181324675535464 174.6187374431662
-114.38872317486505 34.676509000466872 174.33773037421315
-114.55057545752875 34.17169332539828 174.05672330526008
-114.54738497456924 33.76606121453959 173.61462330361022
-114.69355854415817 33.292423057817714 173.27654020132508
-114.77826390053603 32.889281265374521 172.84030437314658
-114.85045079818561 32.415666118231982 172.47908734114935
-114.92263769583512 31.942050971089458 172.11787030915212
-115.07566722604876 31.474701824621633 171.77411641727832
-115.22869675626239 31.007352678153801 171.43036252540452
-115.34748855539317 30.628118832842755 170.98084033570763
-115.45504461862754 30.187338490459222 170.58822808038468
-115.56628807481145 29.713548521233275 170.23730364618675
-115.67753153099537 29.239758552007327 169.88637921198884
-115.7318436974053 29.057332536453192 169.31737047969301
-115.92668304007114 28.519692681671113 169.13576371467735
-116.02409412429934 28.048015885456085 168.77794800711018
-116.09846229696898 27.52993300284988 168.48458900921813
-116.26808783581586 27.191495521178602 168.01909223417999
-116.43771337466276 26.853058039507328 167.55359545914183
-116.56973620947117 26.436431820819912 167.14250840632775
-116.65619685517137 25.879725670651037 166.93610390272073
-116.75424262034673 25.418628184723026 166.56492182287039
-116.87086167637328 24.967870558464508 166.18648086559796
-117.03107659356947 24.454852580415206 165.91975303707977
-117.20205481563448 24.00163969569989 165.56568450034217
-117.34447872108542 23.644060221025573 165.10541028810806
-117.48690262653636 23.286480746351256 164.64513607587395
-117.64462570422828 22.924583581685081 164.19330217611656
-117.8023487819202 22.562686417018906 163.74146827635917
-117.93062769383857 22.034389169895704 163.4876050465698
-117.97961344455719 21.597717803382814 163.07904842394046
-117.94020586547757 21.238077575350808 162.60039829170171
-117.90079828639796 20.878437347318794 162.12174815946295
-118.23919632895552 20.432278949403806 161.90627322179469
-118.57759437151307 19.986120551488817 161.69079828412643
-118.66124149053874 19.572848867646243 161.26393803203842
-118.80795764203103 19.224910696714019 160.79766193346632
-119.01680921265327 18.768688618172142 160.46865975034353
-119.10604316261295 18.248863493334124 160.18261929557929
-119.24471234514476 17.852987284327369 159.75360544387004
-119.40318517262685 17.418117324672416 159.37180119934212
-119.55009884386985 17.094807228062315 158.88818259482832
-119.67189740863307 16.700765413605801 158.45241183160363
-119.85199211445561 16.275162626837311 158.06975249899875
-119.98893307481151 15.824102549785522 157.69854907731889
-120.12859328012806 15.287594712301285 157.46908368260995
-120.23958552116108 14.844463637395203 157.08009065840122
-120.41121473291359 14.507000920231487 156.61462065056216
-120.58284394466617 14.169538203067779 156.1491506427231
-120.70876753951794 13.687906620089739 155.81422637286846
-120.81423734945061 13.270807161007635 155.39601092548975
-120.97887705145679 12.805763788319274 155.05450187723193
-121.13793268373854 12.445801558703955 154.60159073904936
-121.29204120098768 12.088760091177722 154.14467504072201
-121.4461497182368 11.731718623651489 153.6877593423946
-121.43837946325716 11.138587317094075 153.77795289160434
-121.5967402348798 10.801260438189903 153.3077056770673
-121.75510100650243 10.463933559285739 152.83745846253024
-121.84577999397045 10.099837944755667 152.36925796625567
-121.93645898143848 9.7357423302255928 151.90105746998111
-122.13356243006908 9.3312019432307629 151.50419816767359
-122.29354890542825 8.7709509189810753 151.36093924987324
-122.47988364153575 8.5052906823607284 150.85625716697493
-122.66621837764326 8.2396304457403797 150.35157508407661
-122.79085273784654 7.8082811187881491 149.95357504086735
-122.93999107637546 7.3562623262304809 149.5882850640605
-123.08351563755403 6.9298395692360941 149.19134132414791
-123.22704019873257 6.5034168122417153 148.79439758423527
-123.35457396161772 6.1386914818531668 148.33536537109842
-123.48210772450284 5.773966151464613 147.87633315796157
-123.57342611100796 5.2912375507801004 147.53190021765639
-123.7446368562069 4.9244735546300218 147.08898820398272
-123.88534673479717 4.5447607543486646 146.64624796482479
-124.02605661338748 4.1650479540673047 146.20350772566692
-124.10507594736882 3.6467555749986951 145.91173905932911
-124.18409528135014 3.1284631959300837 145.61997039299129
-124.23506558862672 2.9614608210283566 145.04593883065928
-124.44167577536973 2.4579646935891524 144.79334453066866
-124.61752600910788 2.107339175141663 144.33931981646506
-124.79337624284605 1.7567136566941641 143.88529510226147
-124.92026715759744 1.3793752983178318 143.43639148337272
-125.04715807234884 1.002036939941501 142.98748786448397
-125.14231355772942 0.64341737796350829 142.51596114904922
-125.26278236591486 0.20273474442769884 142.12700603241709
-125.38325117410029 -0.2379478891081046 141.73805091578492
-125.52548335313676 -0.51872487886903651 141.22723363997358
-125.62439020326943 -0.77101571906548005 140.69191432689979
-125.76191095685606 -1.2692095774223369 140.38713420643839
-125.89943171044271 -1.7674034357791797 140.08235408597699
-126.01790941799746 -2.05463097722583 139.56906725364337
-126.20296965653276 -2.3626598491234954 139.08857696009864
-126.38802989506807 -2.6706887210211496 138.6080866665539
-126.396564952169 -3.2500682164309764 138.45237361925552
-126.55935308045476 -3.6287551169180281 138.01637332488784
-126.63807603711159 -3.968283805899175 137.52798519496045
-126.89488359288202 -4.1349758609266996 137.01197779376361
-126.97237572996244 -4.642717302087715 136.70182686660323
-127.14623123289252 -4.9744800202956876 136.23309691993012
-127.32008673582261 -5.3062427385036619 135.76436697325698
-127.4082992432665 -5.8518520997793075 135.53085256595233
-127.53522031561295 -6.4245870144708803 135.40489321184288
-127.70351672111317 -6.6258308799393557 134.86528481077133
-127.82812463031647 -6.9806688530011911 134.39777771795096
-127.92048638773088 -7.3147242182398218 133.90800601733667
-128.01284814514528 -7.6487795834784489 133.41823431672239
-128.14363359422345 -8.0809075200941898 133.02306269235439
-128.27441904330163 -8.5130354567099324 132.62789106798638
-128.47023632372483 -9.0735205545450004 132.54121899755728
-128.6604796626811 -9.1995841701517946 131.98631771191907
-128.78989995217847 -9.5827228691085331 131.54308512508891
-128.91932024167585 -9.9658615680652751 131.09985253825874
-129.06331922335829 -10.320849415800643 130.63806479347267
-129.20731820504079 -10.675837263536 130.17627704868659
-129.1770902282031 -11.021476513077214 129.68676731579777
-129.14686225136535 -11.367115762618422 129.19725758290895
-129.21413740820506 -11.959505130856961 129.26470303991044
-129.59057081153998 -12.273684229072625 128.91888605493415
-129.96700421487486 -12.587863327288305 128.57306906995785
-130.00154322391387 -12.924763335088633 128.07778587662423
-130.03608223295288 -13.261663342888966 127.58250268329064
-130.12597884806013 -13.674315644287812 127.15631413728958
-130.25847139785236 -14.10879228680054 126.76429912308679
-130.49192866938733 -14.509672042309322 126.38378220626092
-130.72538594092231 -14.91055179781811 126.00326528943503
-130.89350715577231 -15.294370109990748 125.57382523499402
-131.06162837062234 -15.678188422163384 125.14438518055302
-131.1748453773767 -16.113280886951685 124.74704847640146
-131.2970689236472 -16.51582309077201 124.31923873027529
-131.41929246991771 -16.918365294592345 123.89142898414914
-131.57358652043342 -17.363312869411967 123.51965620187805
-131.77640881373085 -17.869965800196784 123.27032524698329
-131.81933652046717 -18.221275940458437 122.78582715891307
-131.86226422720353 -18.572586080720097 122.30132907084285
-132.07057284303747 -18.930711504368073 121.86733171888514
-132.201531677052 -19.42465920057964 121.55290293966664
-132.33249051106654 -19.918606896791207 121.23847416044813
-132.46089680729068 -19.789192779476259 120.66684157798841
-132.52165359365895 -20.372817152941561 120.54157704347271
-132.58864281340169 -20.676552399705322 120.02849094513093
-132.65563203314449 -20.980287646469083 119.51540484678912
-132.77797758687743 -21.466218963069746 119.18540133009799
-132.98530586737758 -21.948281600896227 118.89448794553718
-133.18704343394296 -22.266987977872166 118.42787440146549
-133.29855382162444 -22.608713065320103 117.94746894973973
-133.41006420930594 -22.950438152768047 117.46706349801397
-133.57024440700269 -23.425520165543041 117.1374586051445
-133.69172489849015 -23.749307690589752 116.64714836783337
-133.78006111891816 -24.249958140325283 116.32848578869974
-133.89103095932029 -24.620882371042889 115.87011813104087
-134.00200079972242 -24.991806601760494 115.411750473382
-134.13393345490977 -25.445146720071698 115.04151202099652
-134.26586611009714 -25.898486838382901 114.67127356861104
-134.3458696272061 -26.270087227195621 114.20704023473202
-134.44361523141419 -26.680989925103667 113.7808891233761
-134.54136083562227 -27.091892623011706 113.35473801202018
-134.6811051422707 -27.36155819155254 112.83729042056487
-134.76666083759147 -27.822442989591508 112.4627701595178
-134.85221653291231 -28.28332778763048 112.08824989847076
-134.90977837076824 -28.866633281296288 111.96002612578434
-135.08705324149227 -29.212351477156353 111.502803478422
-135.19303310960308 -29.52546645605144 111.00207672903991
-135.2891245515589 -29.946789822942115 110.58583995111807
-135.39255003678238 -30.274196077661962 110.09379491925961
-135.60421827659144 -30.728000649236709 109.76325298988604
-135.65737958523013 -31.141635224410798 109.33188271566171
-135.71054089386888 -31.555269799584909 108.9005124414374
-135.79610594739256 -31.732517355200287 108.33371271874528
-135.94151018199935 -32.298124679921202 108.19606838438872
-136.0379946170014 -32.593288736257009 107.68267873349018
-136.11959037728687 -32.99907954515642 107.24831028238421
-136.20118613757231 -33.404870354055831 106.81394183127824
-136.36062654975342 -33.759337063110067 106.35685091347766
-136.36702678992978 -33.989878420298886 105.80294684276575
-136.51061077445837 -34.415450969774469 105.40511315324243
-136.65419475898696 -34.841023519250051 105.0072794637191
-136.72869819049453 -35.408827812254501 104.82826124246969
-136.83352869816855 -35.70990057176256 104.3199643231961
-136.93835920584254 -36.010973331270613 103.81166740392253
-137.13329440926606 -36.340527084455189 103.49189666886268
-137.32822961268954 -36.670080837639773 103.17212593380286
-137.32822961268954 -36.670080837639773 103.17212593380286
-137.32610614321817 -36.983587378821582 102.6605507785093
-137.3239826737468 -37.297093920003398 102.14897562321576
-137.45762827257579 -37.652479620214677 101.68438993897766
-137.54319573916354 -38.122874839522083 101.32188953026825
-137.6113254343752 -38.437023203459184 100.81526427421996
-137.67945512958687 -38.751171567396277 100.30863901817165
-137.80238188484887 -39.218750272652827 99.953309358234037
-137.92530864011081 -39.686328977909369 99.597979698296427
-138.08415144755443 -40.126211179214906 99.222117208151388
-138.14748408858401 -40.6634424155679 98.96255685820006
-138.2108167296137 -41.200673651920908 98.702996508248802
-138.25257746307548 -41.105615667081587 98.112048100467703
-138.37149634968472 -41.52129120242391 97.696028692596514
-138.49041523629393 -41.936966737766227 97.28000928472531
-138.56272944204889 -42.360380770884227 96.861092571994988
-138.63504364780385 -42.783794804002227 96.442175859264665
-138.75708626935909 -43.255732608193739 96.09234689034011
-138.83464975184367 -43.516937403426695 95.557785424152954
-138.94269412840998 -43.948432512004814 95.155121316036087
-139.05073850497632 -44.379927620582933 94.752457207919207
-139.15878288154263 -44.811422729161052 94.349793099802341
-139.17599695347786 -45.012876021571053 93.784885809439956
-139.19321102541312 -45.214329313981054 93.219978519077571
-139.31609836424585 -45.729863945169335 92.938690862042691
-139.34296448334356 -46.116684359378937 92.480817321864464
-139.41499454180317 -46.571139901601555 92.095743522675974
-139.5513956988072 -46.967191767754642 91.666165073862942
-139.6877968558112 -47.363243633907729 91.23658662504991
-139.82419801281526 -47.759295500060809 90.807008176236849
-139.9990778057149 -48.228153708436707 90.475965824756074
-140.03903750662457 -48.525219689835787 89.95620143101732
-140.0789972075342 -48.822285671234852 89.436437037278566
-140.33753607080814 -49.363499357099087 89.452102362371789
-140.40727087663495 -49.619622039439605 88.914014796591829
-140.47700568246165 -49.875744721780144 88.375927230811868
-140.64190997327427 -50.389184339144457 88.112894278137944
-140.80681426408691 -50.902623956508776 87.849861325464019
-140.92358169756864 -51.219180674069605 87.353718996041096
-140.99194850817733 -51.592641249590088 86.889118976950357
-141.07098138245925 -51.983690771174338 86.440973825853689
-141.15001425674117 -52.374740292758588 85.992828674757021
-141.30948486222189 -52.828930706976372 85.634666429928927
-141.46895546770259 -53.283121121194164 85.276504185100833
-141.59323058922794 -53.652336818058835 84.820175944293197
-141.7175057107533 -54.021552514923521 84.363847703485561
-141.84268186215064 -54.370169860006264 83.891834061914906
-141.96785801354807 -54.718787205089065 83.41982042034428
-142.08115471714095 -55.110575134628583 82.979745341270132
-142.19445142073386 -55.502363064168108 82.539670262195983
-142.31608894530629 -55.847932142175921 82.064500476813208
-142.42878829026853 -56.312412242014695 81.701792475110935
-142.54148763523068 -56.776892341853475 81.339084473408661
-142.66395897187024 -57.058015389827617 80.823361094454938
-142.78643030850981 -57.339138437801751 80.307637715501215
-142.73245390556195 -57.805788511702204 80.680899361606876
-142.87680079083256 -58.060665964050528 80.15725686810859
-143.00546570865433 -58.367367421860806 79.657877698840409
-143.1474300808099 -58.775405428822765 79.241523160120124
-143.28939445296547 -59.183443435784703 78.825168621399825
-143.40145741928956 -59.599668224767569 78.407797303967953
-143.50515021483412 -60.036893597024608 78.010202311536148
-143.60884301037865 -60.474118969281633 77.612607319104313
-143.82203917361295 -60.875493309908521 77.220885434767339
-143.93254261899258 -61.219422427192264 76.741822024722651
-144.04095022964211 -61.617687403880076 76.306353543317726
-144.12780049810914 -62.064030106555855 75.914900835273329
-144.21465076657617 -62.510372809231626 75.523448127228932
-144.42018360259209 -62.800877089632387 75.040370994269722
-144.56241870176135 -63.148245367591912 74.572285044863264
-144.69278381650503 -63.651317309266759 74.272412474664918
-144.77490261781423 -64.11404431030914 73.899397428081187
-144.89158415309851 -64.453431293190292 73.418562846156675
-144.99271058762625 -64.804742143968355 72.942795959577424
-145.08271108934059 -65.263518749193778 72.566732220047825
-145.18848301729531 -65.67703684807546 72.14505096464984
-145.30214951383306 -66.106204788256136 71.741448676888837
-145.40680039195306 -66.401555557599025 71.229768975554819
-145.51145127007302 -66.696906326941914 70.718089274220787
-145.7616798941331 -67.193250550689029 70.492195389279459
-145.78739429598426 -67.577148176158857 70.031802749572805
-145.81310869783539 -67.961045801628671 69.57141010986615
-145.95577262767577 -68.490930515374373 69.328780364655174
-146.07067950530632 -68.911865279614375 68.916942612952639
-146.18558638293689 -69.332800043854391 68.505104861250103
-146.21756996083536 -69.929084542705624 68.446608304304121
-146.38480193570376 -70.095812181132146 67.8950329593454
-146.58515039243497 -70.395023520271337 67.415102682726001
-146.78549884916615 -70.694234859410528 66.935172406106616
-146.78409620563139 -71.048030543676887 66.450583253952317
-146.78269356209663 -71.401826227943246 65.965994101798032
-146.88915128810388 -71.791976454833687 65.522767801776581
-146.99560901411115 -72.182126681724142 65.079541501755145
-147.12020809946904 -72.582559172278422 64.650439079906391
-147.2448071848269 -72.982991662832703 64.221336658057638
-147.36299566149884 -73.506131475552749 63.952345542350805
-147.53166571862076 -73.971091889515165 63.612695391050373
-147.62054453369288 -74.280008079310107 63.106067969848219
-147.66525499297938 -74.581316080841447 62.589140060905812
-147.70996545226589 -74.8826240823728 62.072212151963399
-147.74333638611759 -75.181563721435637 61.553057576744379
-148.00256531285544 -75.720705495427751 61.506943467417919
-148.15480899917321 -76.14667696663308 61.112773243154933
-148.30705268549099 -76.572648437838424 60.718603018891955
-148.3315460100643 -76.892675785136902 60.211668531968392
-148.49279389053891 -77.361113282763455 59.873193375036863
-148.76031516989863 -77.851971003637686 59.655268931828004
-148.81023496173623 -78.12151891366625 59.121553709464877
-148.92905657907625 -78.342157976963549 58.576393341316205
-149.04787819641626 -78.562797040260847 58.03123297316754
-149.16669981375631 -78.783436103558145 57.486072605018862
-149.23784783922162 -79.350625016982775 57.30376875162964
-149.41840867602318 -79.828841303370311 56.98959210124449
-149.46841396466337 -80.284871779218719 56.602893670674248
-149.56048921212218 -80.87439113567612 56.53973452907578
-149.68918118751807 -81.195402500316007 56.049438619200181
-149.75095990449211 -81.48557551688944 55.527918714899577
-149.90621379275916 -81.682393329479567 54.982795812404007
-150.06146768102622 -81.879211142069664 54.437672909908429
-150.12264980484576 -82.356079713015959 54.078711750772001
-150.18383192866531 -82.832948283962253 53.719750591635567
-150.08968133927257 -83.081060944027769 53.181628138626763
-149.99553074987983 -83.329173604093299 52.64350568561796
-150.2759676630555 -83.801205830300361 52.401553799594069
-150.41613482787517 -84.068215442087194 51.882844793387449
-150.55911406411559 -84.594178169252899 51.632005905579909
-150.70209330035604 -85.12014089641859 51.38116701777237
-150.84507253659646 -85.646103623584295 51.130328129964838
-151.07822522240616 -86.162288214529184 50.932355169258656
-151.4189347106921 -86.517710664471593 50.589438376626866
-151.58766317870396 -86.921120762119727 50.178596561328199
-151.2332397676777 -86.906676450412093 49.694679825126812
-151.49809789366137 -87.284544042213113 49.311187639851902
-151.69805091242932 -87.690021715995485 48.916717556892976
-151.89800393119725 -88.095499389777871 48.522247473934058
-151.92339159503146 -88.590557775167838 48.184205077805828
-151.94877925886564 -89.085616160557819 47.846162681677605
-152.1766264543875 -89.456650282254785 47.433343912688841
-152.40447364990933 -89.827684403951736 47.020525143700077
-152.47962558051057 -90.189097367517888 46.547521066452063
-152.59767201050195 -90.77737023635656 46.54778968257169
-152.74152392479618 -90.836316303192845 45.968279554999775
-152.91282720201389 -91.236699855091885 45.555546955629211
-153.03249865501698 -91.602347913949103 45.095133836365555
-153.14753687543089 -92.098231372046129 44.777540064654374
-153.34044098084786 -92.645121931342629 44.623596171415166
-153.53334508626486 -93.192012490639101 44.469652278175964
-153.65874722641857 -93.371165075236092 43.910922777722405
-153.914030059608 -93.722149086980608 43.496627112069831
-154.16931289279742 -94.073133098725123 43.082331446417257
-154.10086259530109 -94.530810108999304 42.70043314707678
-154.03241229780474 -94.988487119273486 42.318534847736302
-154.56273720730093 -95.221514344810146 42.162157731358818
-154.55648411249487 -95.564776673981697 41.670088760403459
-154.78125538274622 -95.973079632324414 41.292244122651134
-155.00602665299758 -96.38138259066713 40.914399484898802
-155.05316702136034 -96.85512944551752 40.549239652510316
-155.13008419520594 -97.297451835777196 40.151201147535517
-155.3300680571619 -97.68760600071559 39.741584030536728
-155.53005191911785 -98.077760165653984 39.331966913537947
-155.69618395801314 -98.463180384533047 38.941238124204837
-155.86231599690842 -98.848600603412109 38.550509334871727
-137.32822961268954 -36.670080837639773 103.17212593380286
-137.23855569786701 -37.17133129005218 103.48946892325871
-137.75570612292239 -36.826734697642095 103.84200104049835
-138.2728565479778 -36.482138105232018 104.19453315773799
-84.166099193028529 -131.11978610055294 223.53806424677055
-84.387588136375655 -130.87863497507757 223.03528319834396
-84.60907707972278 -130.63748384960221 222.53250214991735
-84.856864680109595 -131.08238327264991 222.84978090506235
-85.340286519061777 -130.70950722159029 222.74470396319376
-85.823708358013988 -130.33663117053061 222.63962702132517
-86.30713019696617 -129.96375511947096 222.53455007945658
-166.78393362305499 -103.87289553996932 62.794981011610027
-167.31256053182898 -103.62273289923846 62.66092041149723
-167.68629556263681 -103.78092630349281 63.10284458327051
-167.99686860253311 -103.90652099363106 63.600609950385021
-168.4870400065937 -103.85456423406114 63.942710066982883
-168.97721141065429 -103.80260747449123 64.284810183580731
-169.37509025220541 -103.92597896334746 64.716634109716523
-169.80640543834716 -103.97289350077889 65.13108101389254
-170.23140922858278 -104.03621393747362 65.54984383528685
-170.66377220343733 -104.0881386907395 65.962598093863562
-171.07296269413109 -104.18199430054116 66.391263775758631
-171.48215318482482 -104.27584991034284 66.819929457653714
-171.62065464582241 -104.09393079971917 67.374657122811513
-172.10419434836908 -104.44751711380175 67.34050928899191
-172.54835899313116 -104.45779323794 67.743761281691349
-172.99252363789327 -104.46806936207827 68.147013274390787
-173.45111632414458 -104.66235389089498 68.481597000802068
-173.90970901039591 -104.8566384197117 68.81618072721335
-174.44817770576236 -104.8503131252638 69.193719170215545
-71.746006930512792 134.2123346057127 250.11541309380118
-71.561794852606553 134.77700997853441 250.20031087753037
-71.139121123594535 135.18320029670096 250.07241895350526
-70.716447394582502 135.58939061486748 249.94452702948016
-70.457526888927674 136.12897476969184 249.98706068220289
-70.015269572939516 136.2666590053343 250.16769002056662
-69.573012256951358 136.40434324097677 250.3483193589303
70.669809581123374 53.954872661549146 219.46779859036582
70.887819053408023 54.018489396200856 219.61323121025777
70.887819053408023 54.018489396200856 219.61323121025777
70.669809581123374 53.954872661549146 219.46779859036582
119.36212281274838 186.08372015500879 156.62476256409545
119.78038639993865 186.55456071957087 156.68245821306954
119.78038639993865 186.55456071957087 156.68245821306954
119.36212281274838 186.08372015500879 156.62476256409545
47.186127182339156 -96.830675505238403 376.86289264581495
49.683135446523202 -98.410538157613729 379.29295797129788
47.186127182339156 -96.830675505238403 376.86289264581495
47.602295226369833 -97.093985947300951 377.2679035333955
48.01846327040051 -97.357296389363512 377.67291442097593
48.434631314431179 -97.620606831426059 378.07792530855642
48.850799358461856 -97.883917273488606 378.4829361961369
49.266967402492533 -98.147227715551168 378.88794708371745
49.683135446523202 -98.410538157613729 379.29295797129788
139.57225406861863 196.97987787445877 362.60944520880946
139.80610555719804 196.38284795813578 363.92101711159927
139.57225406861863 196.97987787445877 362.60944520880946
139.76960001614503 196.65184506466306 363.07145067705903
139.80610555719804 196.38284795813578 363.92101711159927
-136.27738843402847 -104.93641283937386 66.361224464821163
-135.95148966362257 -104.91555234150576 66.384333920452917
-135.95148966362257 -104.91555234150576 66.384333920452917
-136.27738843402847 -104.93641283937386 66.361224464821163
-137.80969418259991 -94.925009430884771 61.832635075429678
-137.13011811901407 -94.517785914315468 62.458838216157915
-137.80969418259991 -94.925009430884771 61.832635075429678
-137.46990615080699 -94.721397672600119 62.145736645793797
-137.13011811901407 -94.517785914315468 62.458838216157915
-140.31132155678077 -95.346826422273026 65.429948654757425
-139.98301082017019 -95.333469143020778 65.383508248937375
-140.31132155678077 -95.346826422273026 65.429948654757425
-139.98301082017019 -95.333469143020778 65.383508248937375
-146.15102625815331 -41.037113404967819 84.299760392687659
-145.82346109057926 -41.08820933566335 84.30937172165595
-145.82346109057926 -41.08820933566335 84.30937172165595
-146.15102625815331 -41.037113404967819 84.299760392687659
-146.44866109057926 -132.11644646821469 92.776842685001981
-146.22724980488866 -132.22277351646503 92.809725260395908
-146.44866109057926 -132.11644646821469 92.776842685001981
-146.22724980488866 -132.22277351646503 92.809725260395908
-151.49270534393887 -109.8828963049535 64.609696914406371
-149.74937004327279 -108.85922238214047 65.876231308483824
-149.74937004327279 -108.85922238214047 65.876231308483824
-150.18477354739611 -109.12081160684852 65.556864957542217
-150.66204362409701 -109.40905093992538 65.335209006227302
-151.09898787261969 -109.65276156254166 65.00402196525657
-151.49270534393887 -109.8828963049535 64.609696914406371
-156.00610527123166 -97.11402294657907 61.928122920689212
-154.65445191936857 -95.95239594171386 61.763230898665356
-154.65445191936857 -95.95239594171386 61.763230898665356
-155.05530948728267 -96.206118714269806 62.130569931348383
-156.00610527123166 -97.11402294657907 61.928122920689212
-154.95673986714155 -122.43595769507866 88.322045152955752
-154.54945283940762 -121.50132174718642 88.338544677959334
-154.95673986714155 -122.43595769507866 88.322045152955752
-154.75309635327457 -121.96863972113253 88.330294915457529
-154.54945283940762 -121.50132174718642 88.338544677959334
-156.17021465144086 -37.171554373605481 88.883872242680823
-155.95858694635723 -37.139853339535939 88.912004098854496
-156.17021465144086 -37.171554373605481 88.883872242680823
-155.95858694635723 -37.139853339535939 88.912004098854496
-161.18369830328518 -124.3912450258355 71.020146289700222
-160.96558851092149 -124.33971509342753 71.018514600397054
-160.96558851092149 -124.33971509342753 71.018514600397054
-161.18369830328518 -124.3912450258355 71.020146289700222
-167.51083102112756 -111.02978844223635 51.009456840387266
-164.39468266660697 -108.20569992389555 50.258805803496642
-164.39468266660697 -108.20569992389555 50.258805803496642
-164.83984671725278 -108.60914114080137 50.366041665909584
-165.28501076789854 -109.01258235770722 50.473277528322534
-165.73017481854436 -109.41602357461304 50.580513390735476
-166.17533886919017 -109.81946479151887 50.687749253148425
-166.62050291983596 -110.22290600842469 50.794985115561374
-167.06566697048174 -110.62634722533053 50.902220977974324
-167.51083102112756 -111.02978844223635 51.009456840387266
-70.554789884720677 62.492760497524351 122.7539837837696
-70.258473548652205 62.324284663360196 122.53166780121759
-70.554789884720677 62.492760497524351 122.7539837837696
-70.258473548652205 62.324284663360196 122.53166780121759
-71.12807121888568 -195.29455731208563 215.32044450119375
-70.17426109057925 -195.26722469753173 215.31858043612911
-70.17426109057925 -195.26722469753173 215.31858043612911
-71.12807121888568 -195.29455731208563 215.32044450119375
-69.858053524784481 -145.96632850744501 220.87291380767633
-69.729831634979575 -146.29876623974673 220.90719218423655
-69.858053524784481 -145.96632850744501 220.87291380767633
-69.729831634979575 -146.29876623974673 220.90719218423655
-70.205246401738648 108.66234975566712 220.71999999999997
-69.23646109057924 108.93633315329593 221.02000000000007
-69.23646109057924 108.93633315329593 221.02000000000007
-69.720853746158951 108.79934145448154 220.87000000000003
-70.205246401738648 108.66234975566712 220.71999999999997
-67.349335638460502 135.95668602271269 267.67449195424928
-65.610661044697906 134.71956033718669 265.81906071134347
-65.610661044697906 134.71956033718669 265.81906071134347
-65.983283203818146 135.02814189104336 266.1739270962716
-66.39320671026141 135.25178466236022 266.55068514821335
-66.803130216704659 135.47542743367711 266.92744320015515
-67.076232927582581 135.71605672819493 267.30096757720219
-67.349335638460502 135.95668602271269 267.67449195424928
-65.053861281976907 -174.25200416875356 240.63148928257095
-65.050454209068491 -174.48685643097858 240.63452525248925
-65.053861281976907 -174.25200416875356 240.63148928257095
-65.050454209068491 -174.48685643097858 240.63452525248925
-56.73246109057925 -119.61379660282569 219.9410788025711
-56.107261090579257 -119.52185476780831 219.76988870768969
-56.107261090579257 -119.52185476780831 219.76988870768969
-56.73246109057925 -119.61379660282569 219.9410788025711
-54.364978755226751 -145.17886776040041 210.92321090122218
-54.361900960997545 -145.00413271869778 210.92163270563682
-54.361900960997545 -145.00413271869778 210.92163270563682
-54.364978755226751 -145.17886776040041 210.92321090122218
-196.79607987696536 -159.29682031289889 9.3141472984624887
-196.46466109057923 -159.29218137701668 9.3363228635056306
-196.46466109057923 -159.29218137701668 9.3363228635056306
-196.79607987696536 -159.29682031289889 9.3141472984624887
-193.0357617095903 -124.49729779830122 64.965435936752002
-192.69774860155411 -124.48774583219839 64.959198862330382
-193.0357617095903 -124.49729779830122 64.965435936752002
-192.69774860155411 -124.48774583219839 64.959198862330382
-171.62374880057456 -100.5531292511122 72.576826183193674
-167.17750217793383 -97.491180713492355 73.761829446474451
-167.17750217793383 -97.491180713492355 73.761829446474451
-167.67152958044949 -97.831397217672333 73.63016241722103
-168.16555698296511 -98.171613721852324 73.498495387967608
-168.65958438548074 -98.511830226032302 73.366828358714187
-169.1536117879964 -98.85204673021228 73.235161329460766
-169.64763919051202 -99.192263234392271 73.103494300207359
-170.14166659302765 -99.532479738572249 72.971827270953924
-170.63569399554331 -99.872696242752227 72.840160241700502
-171.12972139805893 -100.21291274693222 72.708493212447095
-171.62374880057456 -100.5531292511122 72.576826183193674
-168.90167801937091 -109.95328922830147 87.062621991890097
-168.88940006320996 -109.54659023276615 87.056396705525998
-168.90167801937091 -109.95328922830147 87.062621991890097
-168.88940006320996 -109.54659023276615 87.056396705525998
-181.93974625536742 -135.15250005227395 9.5191680739295386
-181.77246109057927 -134.98446019211548 9.521056095064246
-181.77246109057927 -134.98446019211548 9.521056095064246
-181.93974625536742 -135.15250005227395 9.5191680739295386
-188.11294888388065 -91.320194669113661 43.101664886837703
-187.97270641377781 -91.47815077788681 43.107341646772838
-188.11294888388065 -91.320194669113661 43.101664886837703
-187.97270641377781 -91.47815077788681 43.107341646772838
-73.612861090579258 -189.75146153306764 186.52930613341402
-72.856362440765167 -189.65089323656167 186.90330321113223
-73.612861090579258 -189.75146153306764 186.52930613341402
-72.856362440765167 -189.65089323656167 186.90330321113223
-99.246061090579261 -57.181248152707539 45.520000000000024
-98.933461090579257 -57.008042958433919 45.220000000000027
-98.933461090579257 -57.008042958433919 45.220000000000027
-99.246061090579261 -57.181248152707539 45.520000000000024
-150.29395375021906 -84.633757708011544 108.20826656614688
-149.7710040486287 -84.366351156338652 108.20772490000158
-150.29395375021906 -84.633757708011544 108.20826656614688
-149.7710040486287 -84.366351156338652 108.20772490000158
-167.44467755819153 -85.080873055807928 38.603137556835165
-164.18955879051464 -84.690012376975005 38.58083628341906
-167.44467755819153 -85.080873055807928 38.603137556835165
-166.79365380465615 -85.002700920041349 38.598677302151941
-166.14263005112076 -84.924528784274756 38.594217047468717
-165.49160629758541 -84.846356648508177 38.589756792785508
-164.84058254405002 -84.768184512741584 38.585296538102284
-164.18955879051464 -84.690012376975005 38.58083628341906
-165.05404000229214 -80.931729087084221 28.12287860270073
-164.85121207999893 -80.875253842408583 28.122216349342249
-164.85121207999893 -80.875253842408583 28.122216349342249
-165.05404000229214 -80.931729087084221 28.12287860270073
-189.27486109057926 -108.53640937581422 75.66971307919728
-188.96226109057926 -108.53640937581422 75.66971307919728
-188.96226109057926 -108.53640937581422 75.66971307919728
-189.27486109057926 -108.53640937581422 75.66971307919728
-164.43095180855775 -100.74872525948959 66.341160392906801
-161.62255902863529 -97.049406964240859 59.97365267920329
-161.62255902863529 -97.049406964240859 59.97365267920329
-161.91087277083159 -97.312501746710808 60.429345910991813
-162.19361847451702 -97.577102928853321 60.887648301838965
-162.38147188701845 -97.862020203965656 61.381139174859058
-162.6857490485005 -98.120581450042849 61.828980096423223
-162.99002620998255 -98.379142696120041 62.27682101798738
-163.1838594822224 -98.663056846677577 62.768574429450858
-163.60185760808346 -98.878276356094915 63.141345310211136
-163.85691111883375 -99.156006784083417 63.60805026628433
-164.11196462958404 -99.433737212071918 64.074755222357524
-164.38956724307687 -99.711709366776489 64.528261859785061
-164.66716985656973 -99.98968152148106 64.981768497212613
-164.5884305072324 -100.24269610081724 65.434899129110676
-164.50969115789508 -100.49571068015341 65.888029761008738
-164.43095180855775 -100.74872525948959 66.341160392906801
-171.97583813273346 -107.18630530445562 72.836249613645776
-171.67104193738638 -106.49895635291368 72.774727297970472
-164.89206109057926 -105.24818835840092 74.122308837241263
-171.67104193738638 -106.49895635291368 72.774727297970472
-171.31701051755471 -106.0156345246025 72.807312019082218
-170.81438615350223 -105.73776632284937 72.98097263959049
-170.31176178944975 -105.45989812109626 73.154633260098763
-169.71548251771398 -105.42903755957988 73.21378269662317
-169.13292582336803 -105.4054492130326 73.355455869030195
-168.55036912902207 -105.38186086648527 73.497129041437233
-167.96128512007184 -105.3612724915417 73.609183265883615
-167.37008284000819 -105.32469916772713 73.704798411298469
-166.77461999698124 -105.30644243462287 73.776147512698628
-166.19828811505263 -105.30660722171476 73.943005340557704
-165.62195623312402 -105.3067720088067 74.109863168416794
-164.89206109057926 -105.24818835840092 74.122308837241263
-171.97583813273346 -107.18630530445562 72.836249613645776
-171.67104193738638 -106.49895635291368 72.774727297970472
34.805436087749698 -76.990025093392092 369.60523950746381
35.163061090579248 -77.048372056272825 369.66609340831991
35.163061090579248 -77.048372056272825 369.66609340831991
34.805436087749698 -76.990025093392092 369.60523950746381
141.71832654143302 188.97109592916874 360.38349368622056
141.84581696352882 189.09899163051338 360.37979235586602
141.84581696352882 189.09899163051338 360.37979235586602
141.71832654143302 188.97109592916874 360.38349368622056
