-66.995298494654861 164.02018119740885 245.98355085279894
31.727608699934468 59.603608215883597 214.33717463674151
-66.995298494654861 164.02018119740885 245.98355085279894
25.600359082784202 45.196894447631024 177.50092949042113
56.204564522727161 69.963058377199516 244.51216481400041
-66.995298494654861 164.02018119740885 245.98355085279894
-66.711334397887569 163.62867237512347 245.62846602656742
-66.428699202853664 163.20326543300627 245.31359100353984
-66.196766290541021 162.78607507083484 244.95005376212234
-65.95349011396705 162.32468925504349 244.65350725498038
-65.704969611186669 161.88000823838368 244.33649565721117
-65.456449108406261 161.43532722172387 244.01948405944199
-65.228744678148161 161.1204369623423 243.56232455009385
-65.062710873479745 160.70593232613632 243.16155194340635
-64.914056828840344 160.38458469135446 242.67715781396996
-64.584644794845161 160.01719253458037 242.33582115464364
-64.323658596777634 159.63129260440616 241.95771078939325
-64.06267239871012 159.24539267423191 241.57960042414282
-63.760557425215246 158.85090991929903 241.2432822729069
-63.417525509661836 158.5012921687055 240.89673280546873
-63.099267763503505 158.12246159949311 240.55732242430685
-62.781010017345167 157.74363103028071 240.21791204314499
-62.460490094846548 157.36720707985606 239.87795323854044
-62.100053707834505 156.97732328250618 239.59853198759168
-61.739617320822461 156.58743948515627 239.31911073664301
-61.497158984830641 156.07799525369745 239.11495263530634
-61.254700648838821 155.56855102223861 238.91079453396964
-60.911759884157121 155.16393962098542 238.63029275876056
-60.600521522241728 154.71121760000534 238.3891010221858
-60.351372269406355 154.2194583041917 238.15225203064807
-60.102223016570974 153.72769900837804 237.91540303911034
-59.889280903275548 153.21360950770543 237.69097567517392
-59.67633878998015 152.69952000703282 237.46654831123746
-59.306080173558357 152.3786254291345 237.12023165434539
-58.935821557136556 152.05773085123619 236.77391499745335
-58.826627916701526 151.47197686438432 236.70342375136093
-58.513051875725999 151.04438820173999 236.42264269412209
-58.182919335854379 150.67976149685759 236.07904427706438
-57.856224491676016 150.22971035870768 235.85382338141471
-57.554077781151079 149.76802866046324 235.61811726179735
-57.251931070626128 149.30634696221878 235.38241114217999
-56.949743445836134 148.83904920331381 235.15810009932616
-56.61839189579581 148.41114122785322 234.8990616565747
-56.287040345755472 147.98323325239272 234.64002321382313
-56.000417976723227 147.50604263719464 234.41611087754572
-55.713795607690962 147.02885202199656 234.19219854126831
-55.394005658042296 146.65946260382358 233.84393736650787
-55.093732962117144 146.19658694980313 233.60817808886014
-54.772676380113829 145.75316300720655 233.36262182588877
-54.440569958148856 145.3187748314912 233.11561527276049
-54.126116570664706 144.88035308153741 232.85311682273226
-53.863279622231801 144.39194874256776 232.62425454927046
-53.530912624738029 143.99979566585574 232.31482258033014
-53.255749533508833 143.51649984432092 232.08963283342283
-52.987326413813982 143.07753382882748 231.78099410277633
-52.643565353694235 142.65884536274265 231.52306329439375
-52.354566478596396 142.17726441976797 231.31197221084025
-51.993688670881774 141.77721114647233 231.04791807543515
-51.680812369905553 141.32293108246111 230.81182901654128
-51.367936068929318 140.8686510184499 230.57573995764741
-51.091637080776593 140.39083618999024 230.34047020002896
-50.815338092623868 139.91302136153061 230.10520044241048
-50.461801891708561 139.50941363255825 229.83666188697356
-50.054934081633647 139.10588344934763 229.65883619602073
-49.829421195688539 138.57807282195176 229.4840223525166
-49.52407069718241 138.12635307702482 229.23360201567235
-49.21872019867628 137.67463333209784 228.98318167882809
-48.863183192681063 137.27259823696613 228.71492579417617
-48.507646186685861 136.8705631418344 228.44666990952425
-48.179051819914719 136.42982538522148 228.20630358072154
-47.850457453143562 135.98908762860853 227.96593725191889
-47.548068440034498 135.51604713491767 227.75429232266319
-47.245679426925442 135.04300664122684 227.54264739340746
-46.893480293386595 134.61612765404573 227.31084985106131
-46.557005923968845 134.18588788818539 227.0624977973203
-46.220531554551101 133.75564812232508 226.81414574357927
-45.890441224090402 133.32698421555315 226.55474715305232
-45.56035089362971 132.89832030878125 226.29534856252531
-45.204039310538825 132.48333383490103 226.04871465923597
-44.847727727447953 132.06834736102081 225.8020807559466
-44.532441248509905 131.61074391921358 225.57582089153183
-44.217154769571877 131.15314047740631 225.34956102711703
-43.875911713077599 130.72657348298526 225.10138009379406
-43.5346686565833 130.30000648856421 224.85319916047115
-43.237184477617411 129.86618447563058 224.56457895265606
-42.981777981551787 129.37137617943543 224.34112365112145
-42.726371485486169 128.87656788324028 224.11766834958681
-42.289100761574709 128.64372087923192 223.77917671492756
-42.088524575213661 128.10899024965389 223.59524099991836
-41.754723207695058 127.68925369548633 223.32617247307388
-41.420921840176462 127.26951714131879 223.05710394622943
-41.123114265908001 126.82056481227785 222.79299704560577
-40.868904358119806 126.33306294445615 222.5527487331191
-40.614694450331591 125.84556107663445 222.31250042063249
-40.262639616942622 125.45490548140788 222.0236308995583
-39.910584783553666 125.0642498861813 221.73476137848411
-39.599434118909059 124.61147204370438 221.49356127638384
-39.272542031982951 124.17414890204284 221.24478420092797
-38.945649945056829 123.73682576038129 220.99600712547212
-38.627159230709125 123.27055560619092 220.7931381820984
-38.295652511195847 122.85613461163727 220.51321223797976
-37.964145791682562 122.44171361708364 220.23328629386111
-37.5911362775079 122.06687458878716 219.94980859597121
-37.218126763333217 121.69203556049061 219.66633089808153
-37.144130952723287 121.09715804435966 219.69173485080688
-36.787859112241122 120.72034861574983 219.3899318849663
-36.431587271758964 120.34353918713998 219.08812891912572
-36.091509165826658 119.93526114485091 218.80946079742876
-35.687434333600528 119.63398455048268 218.48395205154424
-35.283359501374392 119.33270795611445 218.15844330565974
-34.844097162701793 119.30954174362553 217.75038457897594
-34.778700175267133 119.50137309393526 217.18565104263089
-34.511585882723615 118.97077324757595 217.10130794710767
-34.298388908810239 118.4267800868071 217.23775753981826
-34.082304888495841 117.8817698268995 217.36531737973752
-33.94087441569949 117.30448918077298 217.28319261506604
-33.628835485593498 116.84899338349301 217.04834099220898
-33.353168531634736 116.3524713324266 216.85476004454131
-32.984210283325226 115.94359817927219 216.61665805875805
-32.683038715213129 115.46428713498634 216.41776962423631
-32.34169662357192 115.03364029569801 216.17687778899699
-31.965066753358094 114.64778390276972 215.91369575142775
-31.648488572563782 114.18633114926328 215.69727114162961
-31.317812030799253 113.73774978393112 215.47494754098543
-30.987135489034717 113.28916841859896 215.25262394034127
-30.694021151763128 112.81346669666304 215.03401045257564
-30.329259776720285 112.43645879845606 214.74278170405242
-29.885980234553717 112.17415037597257 214.43505205161244
-29.465172099128143 111.85232431555087 214.15336339370606
-29.275699143721926 111.29465225675042 214.03889997595655
-29.086226188315713 110.73698019794995 213.92443655820711
-28.693384735282592 110.37882325967215 213.64622944050106
-28.36898267921497 109.92586921749178 213.42352797734566
-27.970044887731586 109.52609248121223 213.22097625640495
-27.596416928719115 109.10361106464852 213.01625302640281
-27.175989258590942 108.75036616907542 212.7744708559639
-26.755561588462758 108.39712127350228 212.53268868552505
-26.530047544448319 107.86106564154943 212.38508185843398
-26.304533500433884 107.32501000959658 212.23747503134291
-25.876053775901187 106.98874121698859 211.98582363599138
-25.501530592347585 106.56081679260387 211.79447821013574
-25.029906628534576 106.36677989634741 211.4783761385695
-25.151988010468536 105.79140504828845 211.59686630865218
-24.731656811549563 105.50135697421243 211.28191583962547
-24.349907464678044 105.12624685689158 211.01069667354992
-23.968158117806475 104.75113673957075 210.73947750747442
-23.682501970693338 104.2589989818093 210.54921192203656
-23.299484617244751 103.85560880501598 210.32432512334913
-22.937140031877632 103.47030123483947 210.0410505607428
-22.600389184113766 103.02182324721109 209.82782213594177
-22.243026759630634 102.61890787540497 209.56333905381766
-21.958308957211397 102.14137864193759 209.33772521521368
-21.560008274980479 101.76097262928188 209.09971716478313
-21.125419431139484 101.42813689253695 208.85404887388171
-20.825548399634023 100.96025593148057 208.62785256368898
-20.525677368128562 100.49237497042419 208.40165625349624
-20.184111134737055 100.08546632408022 208.12280528660304
-19.790590496961052 99.71560971231483 207.86137155814058
-19.636432630525128 99.144162359296786 207.76296792535908
-19.189557001912206 98.882645046982191 207.45979987309838
-18.914037356461407 98.403853350763058 207.22560457723984
-18.531922110956948 98.049013694427188 206.92882729130898
-18.196544909036835 97.626953161336104 206.66541309495818
-17.861167707116714 97.204892628245034 206.40199889860747
-17.511619394064606 96.788441226477715 206.14825846665295
-17.16511461892734 96.389628149808487 205.86385985434146
-16.818609843790068 95.990815073139288 205.57946124202994
-16.48501364136456 95.544641416132293 205.35665495504441
-16.143975605803281 95.118685935018874 205.10714546342143
-15.802937570241976 94.692730453905455 204.85763597179852
-15.506474079706527 94.265247354293052 204.55869183265992
-15.210010589171072 93.83776425468065 204.25974769352135
-14.77149341501468 93.495059736073273 204.0355685221071
-14.442000610982959 93.074062792077584 203.76317897524893
-14.112507806951237 92.65306584808188 203.49078942839077
-13.755541807648157 92.277583465558592 203.18815391204117
-13.398575808345075 91.902101083035319 202.88551839569158
-13.101898107049502 91.43592891758027 202.65171109531596
-12.805220405753929 90.969756752125221 202.41790379494037
-12.444855919256119 90.674638846457825 202.03969372285653
-12.09012779882317 90.244464294374126 201.81806832874815
-11.75455462344021 89.813666205540954 201.56946492848763
-11.418981448057252 89.382868116707797 201.32086152822711
-11.055006829671713 88.988156085301171 201.05304649983259
-10.691032211286172 88.59344405389453 200.7852314714381
-10.391191418464233 88.154020010211241 200.50773911335784
-10.091350625642292 87.714595966527938 200.23024675527762
-9.6618687517763941 87.415124302782573 199.93722449906792
-9.2323868779104998 87.115652639037194 199.64420224285823
-8.9698381279364856 86.632209448851029 199.40472189763193
-8.7072893779624696 86.148766258664878 199.1652415524056
-8.2934483914443575 85.784986803840724 198.92775440301529
-7.9739306731966977 85.358723062539255 198.65169707096723
-7.6544129549490361 84.932459321237801 198.37563973891915
-7.3413211006988703 84.5242065038627 198.06692769200896
-6.9889599811831173 84.111574613906669 197.8108484760524
-6.6365988616673617 83.698942723950637 197.55476926009584
-6.3851916342485229 83.19431855426744 197.34946740093935
-6.0141324843642145 82.811998314685269 197.07352113498715
-5.653188452382893 82.402754458235236 196.82404393816353
-5.292244420401568 81.993510601785204 196.57456674133991
-4.9929508163475456 81.530960607142944 196.33693079913252
-4.6198571070398051 81.127865232648958 196.09544538935265
-4.3531355294407579 80.645252011645411 195.85892038231185
-3.9858796097354237 80.256667431955293 195.58666110539286
-3.6186236900300868 79.868082852265161 195.3144018284739
-3.3072161002562468 79.413031136423925 195.0778574374155
-2.9958085104823988 78.957979420582689 194.8413130463571
-2.6227957421700472 78.575846744955257 194.56775118334659
-2.278704036898668 78.1595320406459 194.30644108913043
-1.9346123316272803 77.743217336336528 194.04513099491433
-1.5747538032802795 77.335593769066051 193.7914680946281
-1.2148952749332746 76.927970201795588 193.53780519434184
-0.69830802540059034 76.763415037443465 193.28078532836784
0.85145372319745793 76.269749544387082 192.50972573044581
1.3680409727301408 76.105194380034945 192.25270586447181
1.8846282222628212 75.940639215682822 191.99568599849778
2.2955305911266897 75.764877609656168 191.59535226133715
2.5613568164191678 75.239475189735941 191.48007557206853
2.8276483074321925 74.733907222980804 191.29707318737059
3.0939397984452199 74.228339256225667 191.11407080267261
3.3380188485410343 73.809654773688692 190.76033541938864
3.6976142415774289 73.38428025108513 190.53729356496038
4.0572096346138258 72.958905728481596 190.31425171053212
4.4246958980325193 72.583739204575195 190.02407258389036
4.7921821614512163 72.208572680668794 189.73389345724866
5.1438809553328149 71.774254625051356 189.51554560416346
5.4968367180023892 71.363925354067973 189.2566013650451
5.8348829508331566 70.939091749265003 189.00117788785664
6.0825108677078825 70.419850079498957 188.83068301062318
6.445414598576912 69.997396807160683 188.60744745160085
6.8935886693720816 69.698429667069931 188.3433288202761
7.1509340835097985 69.175390786041447 188.20118921722772
7.4082794976475199 68.652351905012964 188.05904961417932
7.8663238967792122 68.361889922264538 187.80248156277395
8.2182700105092028 67.912611264011176 187.61732589780954
8.6166500620034281 67.510689955539092 187.41794536624354
8.9343823283136512 67.025391305761673 187.26454579822072
9.2521145946238743 66.540092655984253 187.1111462301979
9.6201672603748811 66.122700797442519 186.88682219747594
9.9882199261258897 65.705308938900771 186.66249816475397
10.374627753309902 65.266115702662333 186.52908792401757
10.761035580493918 64.826922466423895 186.39567768328124
11.135887720167284 64.441547552841428 186.12927188498921
11.456889214314229 63.964783017130216 185.95706962529582
11.777890708461175 63.488018481419019 185.78486736560245
12.206456496869739 63.134694445830895 185.55794559299903
12.553743554540059 62.682786238451207 185.37040713913538
12.905653355170298 62.236634901402894 185.17777153320961
13.33635241000502 61.935792888228207 184.88795709727952
13.767051464839744 61.634950875053526 184.59814266134941
13.846097551721419 61.040181021555952 184.59740950436489
14.205064950696945 60.576080425375878 184.47189837697755
14.615657597637698 60.184526009058494 184.27670919351561
15.026250244578453 59.792971592741118 184.08152001005368
15.247451911247206 59.249080091669654 183.95802159822097
15.627715891922971 58.862641333352585 183.70099165624731
16.007979872598735 58.476202575035508 183.44396171427366
16.344801744804005 58.017074246405286 183.25487918135917
16.679058516851086 57.541840049708824 183.10512982866965
17.179923205224593 57.291550157674422 182.88951551122778
17.481785929661893 56.805292546302624 182.70942544770878
17.783648654099192 56.319034934930826 182.52933538418978
18.055599302009618 55.805302935362 182.38059978750854
18.445837709278166 55.36018617838787 182.4785030977352
18.771797028461158 55.121088768704681 182.03512633817223
19.034757413105257 54.618603162836493 181.83926911465696
19.340826693223537 54.142526009653388 181.64009045117879
19.646895973341827 53.666448856470268 181.44091178770068
19.949300174170808 53.174965835828246 181.27660676726131
20.339230745136927 52.809186588945614 181.00428399484593
20.719836820945105 52.406261170288062 180.77452298410316
21.09891337574587 51.998594448062647 180.55067301383207
21.477989930546631 51.59092772583724 180.32682304356095
21.486288842554902 50.991043731691306 180.33520884268768
21.955739755715506 50.766652953854532 180.03643699168012
22.425190668876105 50.542262176017758 179.73766514067256
22.509087868080947 49.949968545750629 179.69130227287337
22.768714673610759 49.431697747535374 179.53641747191568
23.10063982729941 48.972622045682186 179.33874301145917
23.477995045734996 48.557945867802694 179.12509211251728
23.775084268103821 48.075643938260754 178.92729716133698
24.07217349047265 47.593342008718835 178.72950221015668
24.368091232979818 47.165695539003885 178.43025116736851
24.726513948270533 46.789590096383833 178.13012144009178
25.084936663561248 46.413484653763774 177.82999171281506
25.443359378851959 46.037379211143744 177.5298619855383
25.143235188066981 45.59646877403641 177.80467729907721
25.600359082784202 45.196894447631024 177.50092949042113
25.600359082784202 45.196894447631024 177.50092949042113
25.915345662281489 45.386576781766699 177.97506456279336
26.106614413843062 45.422867112652725 178.54260247039096
26.297883165404635 45.459157443538736 179.11014037798856
26.558233665962906 45.687673170048676 179.60003646860034
26.807237640135845 45.883898861702804 180.10944053099183
27.056241614308782 46.080124553356931 180.6188445933833
27.091614278977595 46.256650842966437 181.19119697056971
27.464119302441766 46.450227865778679 181.61987860504115
27.796549330028132 46.491652465163085 182.11764790835824
28.011729302404518 46.736985386620653 182.62114501573541
28.226909274780912 46.98231830807822 183.12464212311261
28.516329394899714 47.084656740346176 183.6401640327841
28.779634154636518 47.281878180322757 184.1419352028542
29.008142707520499 47.355871310844165 184.69176140984555
29.277572250258498 47.611660277665109 185.16290865429536
29.610270748390331 47.613861139943928 185.66221503873888
29.942969246522164 47.616062002222755 186.16152142318236
29.482259207210774 47.977065010326015 186.29351796790266
29.878121641900243 47.794180020888881 186.7056417520262
30.139621776773645 48.022388215759605 187.19506866102796
30.401121911647056 48.25059641063033 187.68449557002975
30.608100067561956 48.545262983642154 188.1644243707112
30.815078223476867 48.839929556653978 188.64435317139265
31.065618667443335 48.761505755885494 189.18387072755755
31.300459925374422 48.844055459430457 189.72979666577442
31.530011349212895 48.958676816913837 190.27216931278235
31.764958575424465 49.20224028048041 190.76762530488554
31.999905801636032 49.445803744046998 191.2630812969887
32.211704405853268 49.521270064635715 191.8193601710334
32.488466311648814 49.752179275606053 192.29903066604999
32.765228217444374 49.983088486576406 192.77870116106658
32.950963341712125 49.959759038756218 193.34875221183103
33.136698465979883 49.936429590936037 193.91880326259545
33.349479014177483 50.223757188185409 194.40064067310612
33.562259562375083 50.511084785434782 194.8824780836168
33.809888829953984 50.367701201087733 195.40984976808434
34.048526005253485 50.59677113543917 195.91042869666734
34.282703920308677 50.810500511463381 196.41982094035066
34.553594124674767 50.818576873564254 196.95512764641151
34.803118207471528 50.811460915600456 197.50073473511793
34.913686223329904 50.997263222053938 198.06042412825104
35.227153013685424 51.171769608373168 198.54134625550037
35.501726967198323 51.351451667206803 199.04366438356823
35.776300920711215 51.531133726040437 199.54598251163611
36.107421631912551 51.754291747787065 199.99382129059975
36.289100630671314 51.970371797499752 200.52325698407554
36.428872819105862 52.207079129454414 201.05657993908414
36.568645007540411 52.443786461409083 201.58990289409275
36.832661728234633 52.560100812617463 202.11598857427882
36.89995639199369 52.716714246108019 202.69126560378709
36.967251055752754 52.873327679598574 203.26654263329536
36.926080292259385 52.977598653561458 203.85597671122281
37.484712400500413 52.944254484266459 204.07235215811136
38.043344508741441 52.910910314971467 204.28872760499991
38.092660749062588 53.072265223747252 204.86451619628536
38.122542058682249 53.658836736061041 204.98715782167147
38.394204389642354 53.460244076218963 205.48390779237519
38.690436272654495 53.469049237860169 206.00560611575332
38.918010917709694 53.688311509049939 206.51563928855754
39.054766195127392 53.847464452808786 207.07774989563706
39.359167929377357 53.988457109168124 207.5752040694444
39.663569663627868 54.129449765527525 208.0726582432514
39.828644859904458 54.413725283342487 208.57459211294471
40.078214684355132 54.480607802913525 209.11611000858574
40.30399153700688 54.726641970943092 209.61459972860879
40.540248816997796 54.912615347974189 210.13382646201813
40.776506096988705 55.098588725005285 210.6530531954275
41.011249441750692 55.153518102170359 211.20248774622877
41.245992786512694 55.208447479335426 211.75192229703006
41.497277942903644 55.489988292012811 212.21838830969824
41.721451678162893 55.491400840455888 212.77493493050082
41.945625413422114 55.492813388898966 213.33148155130348
42.163130396640376 55.835096025196286 213.77367401976554
42.406824412509565 56.086566427691551 214.26088635879074
42.650518428378746 56.338036830186823 214.74809869781592
42.871412671732976 56.645025835524777 215.21389208962668
43.075161098120155 56.685707494502267 215.77677003498215
43.325783471576656 56.810675113326056 216.30740316640964
43.576405845033129 56.935642732149859 216.83803629783716
43.806595584730097 56.909000909849489 217.39148267919921
44.035170568631884 57.166991669456436 217.88259798611983
44.263745552533678 57.424982429063377 218.37371329304045
44.504352980777718 57.60808268843374 218.8919626157533
44.744960409021772 57.79118294780411 219.41021193846609
44.968051224440543 57.8315859844855 219.96572798927173
45.220506253639314 58.034400217716538 220.4708347552442
45.417863083510177 58.359167681259429 220.93513678660656
45.615219913381026 58.683935144802263 221.39943881796898
45.863342819469047 58.649307861134602 221.94463233838192
46.111465725557068 58.614680577466956 222.48982585879486
46.372811232984056 58.765341862392404 223.00847767164458
46.634156740411029 58.916003147317838 223.52712948449434
46.702723297842816 59.489402130138593 223.6899552616369
46.93176693735181 59.381043373720765 224.23382784883728
47.194107315806363 59.383460267936997 224.77343111463045
47.456447694260909 59.3858771621532 225.31303438042363
47.689820841920479 59.834451262521213 225.63601773979454
47.935445111888356 59.914365183785947 226.17757335392002
48.129103164274547 60.099100625865091 226.71457370325493
48.322761216660737 60.283836067944229 227.25157405258983
48.588843691576486 60.193164111946842 227.78164830487748
48.85492616649222 60.102492155949463 228.31172255716515
49.090679796022314 60.464007597943365 228.72852804101026
49.326433425552409 60.825523039937288 229.14533352485532
49.529420901610237 61.031365550083954 229.67109482580872
49.732408377668072 61.237208060230628 230.19685612676213
50.031411222265689 61.516921872258365 230.6354419020484
50.195757043967141 61.799677046608068 231.13847267870898
50.387019443137532 62.093738972645134 231.62524395797567
50.578281842307931 62.387800898682187 232.11201523724239
50.792240484914906 62.601256617178009 232.63033787372973
50.985096331950309 62.880829358396582 233.12495459871161
51.193973700209774 63.175631023061896 233.60397675220719
51.49457495232393 63.47310211312417 234.02959376056629
51.577395721227745 63.738393500331902 234.56134671082759
51.863924042036409 63.968991205954886 235.03539968206178
52.150452362845058 64.199588911577862 235.50945265329602
52.226758745099005 64.597618171411881 235.9518891395212
52.522308849167608 64.924294861162878 236.3592372417119
52.81785895323619 65.25097155091386 236.76658534390262
52.816268943720978 65.764130027362768 237.07749666553369
52.997270921230758 65.930382426547737 237.62485251313447
53.178272898740531 66.096634825732707 238.17220836073525
53.482218149020717 66.429348987484445 238.56833784891046
53.688630315140152 66.648074591323436 239.08752291023558
53.89504248125958 66.866800195162426 239.60670797156067
54.035030734723556 67.247157750474656 240.0491234086885
54.284274711693776 67.463795014645498 240.55006825167689
54.533518688664017 67.680432278816369 241.05101309466522
54.699436184783607 68.040628690790328 241.50126849916637
54.92262753349975 68.267677843669986 242.00982951225615
55.256667913468775 68.588469419508456 242.39128696653015
55.453323182478719 69.022643083260661 242.75573166037901
55.619937314573178 69.249170510554293 243.28575529727658
55.786551446667644 69.475697937847912 243.81577893417415
56.204564522727161 69.963058377199516 244.51216481400041
-11.695562169546317 -167.73922070623831 291.76222797443404
-11.341497128632856 -167.73357350681525 291.73815803169134
-11.341497128632856 -167.73357350681525 291.73815803169134
-11.695562169546317 -167.73922070623831 291.76222797443404
35.691487862007286 36.474523066546695 214.23989660595299
36.526673098074909 42.132938204093911 238.39814848056821
37.696697198594535 40.269998108672532 235.51103860851171
35.691487862007286 36.474523066546695 214.23989660595299
35.826170845060183 36.254146839745317 214.78146360341196
36.025225781374317 36.168229257883652 215.34092343347666
36.224280717688444 36.082311676021995 215.90038326354133
36.423335654002557 35.99639409416033 216.45984309360605
35.969221017782786 36.373125647073991 216.56871565309766
36.046738568624278 36.728900762052966 217.04559624284025
35.683101069325872 36.875256379757083 217.49985145994893
35.793218041601946 37.18638573330778 218.00092308933526
35.867400156674968 37.527648931956037 218.48881287509803
35.941582271747997 37.868912130604251 218.97670266086084
35.981063749202413 38.009919927163381 219.55856004394326
36.020545226656822 38.150927723722489 220.14041742702571
36.058930207233971 38.503074244190103 220.62468948009987
36.097315187811112 38.85522076465773 221.10896153317398
36.135700168388276 39.207367285125294 221.59323358624815
36.222560298121572 38.971676122069688 222.13812347743738
36.293379004847864 38.999116832937496 222.73329716483013
36.430744409973151 39.01893593911857 223.317024796954
36.485943808361505 39.054750917854626 223.91340581083332
36.541143206749858 39.090565896590689 224.50978682471265
36.531956579138807 38.755798859536164 225.007628804436
36.52856268433576 38.975174820673132 225.56607546182892
36.670229547982366 39.109526570315829 226.13342024863186
36.762913060280042 39.16158837370444 226.72392794136422
36.779725371113642 39.048883623271635 227.31300771986145
36.864963037134899 39.173922675085251 227.89361066147711
36.950200703156156 39.298961726898852 228.47421360309281
36.996923053278543 39.198857767512827 229.06395610564309
37.04364540340093 39.098753808126801 229.65369860819337
37.140721187783811 39.317173593424158 230.20403404179464
37.240517661160439 39.358351247906533 230.79424168718137
37.340314134537081 39.399528902388909 231.38444933256807
37.410881576649977 39.234323248359068 231.95692407261359
37.481449018762859 39.069117594329235 232.52939881265917
37.47580372078194 39.459008335098474 232.98541782637804
37.470158422801028 39.848899075867777 233.44143684009683
37.537126268514058 39.806511213642651 234.03617928584669
37.604094114227088 39.764123351417531 234.63092173159652
37.650395656410808 40.017060730045031 235.0709801700541
37.696697198594535 40.269998108672532 235.51103860851171
37.696697198594535 40.269998108672532 235.51103860851171
37.555597330368997 40.737095251493244 235.8601962897325
37.404439338786482 41.048016799985639 236.35058292521907
37.245900362135586 41.321885739769989 236.86034875057803
37.031071637616563 41.54378067471692 237.37475253843968
36.81624291309754 41.765675609663838 237.88915632630133
36.526673098074909 42.132938204093911 238.39814848056821
55.507370260045569 42.340318005647532 223.0697390820647
55.622976127346035 42.235425566350116 222.92312108435354
55.507370260045569 42.340318005647532 223.0697390820647
55.622976127346035 42.235425566350116 222.92312108435354
64.931396646504851 63.675395761192917 206.71858479335691
66.509857149213516 63.239403962297025 207.68048429784045
64.931396646504851 63.675395761192917 206.71858479335691
65.317449968807139 63.589657640175929 207.16981844341404
65.703503291109413 63.503919519158941 207.62105209347115
65.703503291109413 63.503919519158941 207.62105209347115
66.509857149213516 63.239403962297025 207.68048429784045
94.460287862007277 -1.7552314629967647 213.38554545926453
94.801584068986273 -1.7149400463475395 213.38907664073844
94.801584068986273 -1.7149400463475395 213.38907664073844
94.460287862007277 -1.7552314629967647 213.38554545926453
10.039411938122125 60.757975976764001 207.25491933406971
12.899288284950117 61.526231378932053 207.0325095979731
12.899288284950117 61.526231378932053 207.0325095979731
12.299720849480718 61.543615636500434 207.04722958144603
11.700153414011314 61.560999894068821 207.0619495649189
11.145024294739603 61.336340615823602 207.09882597519635
10.593231076371231 61.101915163004762 207.12267867385623
10.039411938122125 60.757975976764001 207.25491933406971
34.001943775436516 73.821887885765719 220.28482156247679
34.87745188512573 73.888557913291024 220.2849103617022
34.87745188512573 73.888557913291024 220.2849103617022
34.001943775436516 73.821887885765719 220.28482156247679
71.018817183679218 27.326903248155531 217.21089701523891
71.370337453342685 27.293426233213403 217.19503463293944
71.018817183679218 27.326903248155531 217.21089701523891
71.370337453342685 27.293426233213403 217.19503463293944
82.166659413375143 12.453534474868771 216.78004913522963
82.926452985901037 11.739091077155537 215.1249291279039
82.926452985901037 11.739091077155537 215.1249291279039
82.700482278124582 11.699233783684681 215.67931945554696
82.485595272378745 11.744002000402759 216.23772735442867
82.270708266632923 11.788770217120836 216.79613525331038
82.166659413375143 12.453534474868771 216.78004913522963
-43.506487862007283 42.570199517647978 234.68333162579665
-43.13112787224172 42.58765600089265 234.6826035359953
-43.13112787224172 42.58765600089265 234.6826035359953
-43.506487862007283 42.570199517647978 234.68333162579665
-41.43157206477126 43.561597016945989 233.45719414279333
-40.493158079313531 43.790714349853332 233.53206643201293
-40.493158079313531 43.790714349853332 233.53206643201293
-40.962365072042395 43.676155683399656 233.49463028740311
-41.43157206477126 43.561597016945989 233.45719414279333
-7.8700878620072787 65.320430571346236 179.70320790470447
-7.4813716596561832 65.334550002480086 179.7171739022204
-7.8700878620072787 65.320430571346236 179.70320790470447
-7.4813716596561832 65.334550002480086 179.7171739022204
-56.020631087589479 159.68401951358254 261.24990750731837
-55.667001517815471 159.67132212222074 261.26320682206153
-56.020631087589479 159.68401951358254 261.24990750731837
-55.667001517815471 159.67132212222074 261.26320682206153
-58.511287862007293 110.1805044607474 259.37258435600609
-58.259899680670365 110.17828357068689 259.37220713326951
-58.511287862007293 110.1805044607474 259.37258435600609
-58.259899680670365 110.17828357068689 259.37220713326951
37.934972646857794 147.17262734240751 258.40324533707405
38.286232943913291 147.11415018131521 258.49964295269166
38.286232943913291 147.11415018131521 258.49964295269166
37.934972646857794 147.17262734240751 258.40324533707405
16.54774692236164 53.274957022000365 175.46223303306743
16.845253974369054 53.088652898743973 175.50648794538546
16.54774692236164 53.274957022000365 175.46223303306743
16.845253974369054 53.088652898743973 175.50648794538546
15.059887862007276 85.914313296178747 172.08933532669587
15.197498397676352 86.052591666156488 172.0833233403327
15.197498397676352 86.052591666156488 172.0833233403327
15.059887862007276 85.914313296178747 172.08933532669587
18.112315462330876 42.823084670325478 182.35350609871315
18.5812775820356 42.328740769219493 183.79334126220874
18.112315462330876 42.823084670325478 182.35350609871315
18.201257696531236 42.636557479100873 182.91679721874729
18.391267639283416 42.482649124160183 183.35506924047803
18.5812775820356 42.328740769219493 183.79334126220874
2.6275548321235869 56.798381532283599 189.4543947816415
4.8489473896138993 56.421573179342815 190.76563565630602
2.6275548321235869 56.798381532283599 189.4543947816415
2.6630661553497204 56.603497059210511 190.02075066629155
2.6985774785758538 56.40861258613743 190.5871065509416
2.7295400521155995 56.217588286322027 191.1550423183659
3.2825188548435653 56.417345213676448 191.03541116143984
3.7797987099391106 56.534822530280699 190.72090865620402
4.2459393736331945 56.384081400175397 190.37451293835312
4.8489473896138993 56.421573179342815 190.76563565630602
15.255757699668218 54.117457471299076 200.78567554436475
16.434251679333482 55.632933193003339 201.10606526665742
15.255757699668218 54.117457471299076 200.78567554436475
15.735032012488173 54.459764040399364 200.90022835236937
16.214306325308126 54.802070609499665 201.01478116037401
16.156919887172513 55.398077627628467 200.97627880902616
16.434251679333482 55.632933193003339 201.10606526665742
17.556130406408677 57.099920323475502 197.03611246445445
19.253489422061659 61.174073556444093 203.92078514948025
21.190108589568425 58.36584086679396 206.55329021348024
31.727608699934468 59.603608215883597 214.33717463674151
17.556130406408677 57.099920323475502 197.03611246445445
17.743614497367691 56.70764907729373 197.44960126122683
17.931098588326712 56.315377831111938 197.86309005799919
17.903579989792526 56.359808644950668 198.46080958212093
17.857628766017136 56.369669441786606 199.05896612494172
17.99134337583483 56.198024297548976 199.61812473176178
17.958015036910005 56.643121963636062 200.01909516641791
17.924686697985187 57.088219629723142 200.4200656010741
17.98800279239277 57.261972460500374 200.99085542753025
18.051318886800356 57.435725291277592 201.56164525398643
18.385661041932654 57.442035033687205 202.05981742347427
18.720003197064951 57.448344776096789 202.55798959296209
18.950618410271179 57.520266910242867 203.10721070513617
19.181233623477404 57.592189044388931 203.65643181731022
19.30224389544091 57.40832225289963 204.21459802648698
19.605845389549511 57.234332005616864 204.70199265779257
19.861884210171002 57.650139456879515 205.05063041508402
20.145320599579925 58.086274523175589 205.34971237225585
20.428756988988834 58.522409589471657 205.64879432942774
20.809432789278627 58.444125228132819 206.10104227145402
21.190108589568425 58.36584086679396 206.55329021348024
21.190108589568425 58.36584086679396 206.55329021348024
21.653754365570158 58.343766362745917 206.93348136364921
22.027386797938497 58.607080766263138 207.3221513140993
22.44456352264611 58.778238480743219 207.71796518088036
22.861740247353691 58.949396195223315 208.11377904766147
23.330485788121738 58.855512036834213 208.47635784297864
23.799231328889789 58.761627878445118 208.83893663829576
24.271992826801412 58.717614694912356 209.20576003690562
24.74475432471306 58.67360151137958 209.57258343551544
25.249169706392731 58.600604065243431 209.88918491305867
25.719611195088362 58.683421701668848 210.25226347867601
26.126840197347708 58.880331135469156 210.64646040230596
26.596762526683996 59.046927189937733 210.98025488851962
27.098047461676043 59.054436933957028 211.30988652792152
27.585218403525765 59.050625040599392 211.66010066653718
28.081261413347185 59.142115315232367 211.98501736671568
28.577304423168634 59.233605589865341 212.30993406689419
29.114169027142065 59.273168584752078 212.57490796454459
29.638105383353423 59.337799487767356 212.86006325735079
30.162041739564806 59.402430390782627 213.14521855015695
30.62431480012102 59.476966910305791 213.52038241401027
31.086587860677223 59.551503429828962 213.89554627786364
31.727608699934468 59.603608215883597 214.33717463674151
21.190108589568425 58.36584086679396 206.55329021348024
20.931071124901401 58.80231394209104 206.23330451623801
20.67203366023438 59.23878701738812 205.91331881899578
20.412996195567352 59.6752600926852 205.59333312175355
20.153958730900325 60.111733167982287 205.27334742451134
19.850997060990373 60.400307147540147 204.84330174683569
19.552243241526014 60.787190351992123 204.38204344815796
19.253489422061659 61.174073556444093 203.92078514948025
59.10396877396947 47.119564455508268 220.43289174634779
59.106322209399025 45.531844870868056 222.54808035541919
65.362122734863689 32.199751084990609 216.78467958098517
65.362122734863689 32.199751084990609 216.78467958098517
65.369655772569217 32.791182267215255 216.68392041249271
65.342961516500139 33.38070982085744 216.79229328820233
65.349565049296487 33.979233685551449 216.75075322625776
65.349903302062756 34.579209009385849 216.74532216974308
65.35024155482904 35.179184333220256 216.7398911132284
65.320521487914704 35.765655373281064 216.8630513210579
65.016198724799153 35.669691481538578 217.37116409134745
65.175079960720765 36.19106641649477 217.12031567083932
65.044404500495787 36.739969166579208 217.32434923436435
64.817651193578868 37.230660035477442 217.58474395201841
64.547463798383589 37.699959598866513 217.84311711486708
64.277276403188338 38.169259162255571 218.10149027771575
64.020262378197842 38.709208438068586 218.05251507473318
63.763248353207338 39.249157713881594 218.00353987175063
63.609465175683297 39.826850915950942 218.05473849080892
63.455681998159264 40.404544118020297 218.10593710986717
63.001280106680852 40.772178445514598 218.24145065999647
62.546878215202433 41.139812773008899 218.37696421012578
62.440787202746833 41.72814340325327 218.42806965594522
62.334696190291233 42.316474033497649 218.47917510176461
61.886838418421291 42.661150882860248 218.68072233119028
61.575977356850274 43.153203913655389 218.82649343698375
61.195792597480626 43.570271143503291 219.0302444480979
60.887571052240311 44.05682969655571 219.19835231079682
60.579349506999996 44.543388249608114 219.3664601734958
60.387738936163586 45.102724367532268 219.46858018294196
60.196128365327183 45.662060485456422 219.57070019238813
59.934107731026131 46.179772740944053 219.72340647162505
59.519038252497808 46.649668598226164 220.07814910898642
59.10396877396947 47.119564455508268 220.43289174634779
59.10396877396947 47.119564455508268 220.43289174634779
59.179035975228054 46.669210431198621 220.82218105789292
59.254103176486652 46.218856406888982 221.21147036943813
59.416039728646922 45.75716971528032 221.55877708095676
59.577976280807192 45.295483023671629 221.90608379247539
59.106322209399025 45.531844870868056 222.54808035541919
-9.1204878620073107 -167.85895042720094 294.52000000000908
-9.1204878620073107 -166.99292472573364 294.82000000000909
-9.1204878620073107 -166.99292472573364 294.82000000000909
-9.1204878620073107 -167.85895042720094 294.52000000000908
-3.1810878620072769 -162.72249627818815 292.42195671179752
-2.8609084245324383 -162.69968917237205 292.42649610333086
-3.1810878620072769 -162.72249627818815 292.42195671179752
-2.8609084245324383 -162.69968917237205 292.42649610333086
-11.118159111137413 -160.71450059566303 307.12737696175532
-11.102222959822079 -160.69279662716409 307.12837920413148
-11.102222959822079 -160.69279662716409 307.12837920413148
-11.118159111137413 -160.71450059566303 307.12737696175532
-10.491193616521715 -164.19504843661497 303.82081937287808
-10.448764488313909 -164.31307318361317 303.81956134712652
-10.491193616521715 -164.19504843661497 303.82081937287808
-10.448764488313909 -164.31307318361317 303.81956134712652
40.92931216845065 34.602778874732948 256.63792330878078
41.318287862007281 34.658305471557441 256.61522669298461
41.318287862007281 34.658305471557441 256.61522669298461
40.92931216845065 34.602778874732948 256.63792330878078
46.319887862007263 18.769007033914058 255.5046202796334
46.499683710799438 18.833051716597588 255.50059460540842
46.499683710799438 18.833051716597588 255.50059460540842
46.319887862007263 18.769007033914058 255.5046202796334
10.062001612229345 39.700036779737438 231.6688191141472
10.407752847769753 39.168569760593307 231.63485355847615
10.407752847769753 39.168569760593307 231.63485355847615
10.062001612229345 39.700036779737438 231.6688191141472
23.187487862007277 21.010818479454045 221.45050097558419
23.812687862007277 21.025014278031328 221.55551346583903
23.812687862007277 21.025014278031328 221.55551346583903
23.187487862007277 21.010818479454045 221.45050097558419
26.471541110790817 27.399403783455476 241.32431879694141
26.684687392173647 27.582613165518687 241.33340238270426
26.471541110790817 27.399403783455476 241.32431879694141
26.684687392173647 27.582613165518687 241.33340238270426
27.92371030788189 -0.92394601547740596 273.49612105577199
28.267120437997175 -0.9332724460172791 273.58231733549979
27.92371030788189 -0.92394601547740596 273.49612105577199
28.267120437997175 -0.9332724460172791 273.58231733549979
30.377287862007272 34.692380849859113 216.02999409444951
30.448242992588327 34.342271695400918 216.03323322063511
30.377287862007272 34.692380849859113 216.02999409444951
30.448242992588327 34.342271695400918 216.03323322063511
30.419283514283173 -10.500921369493872 286.84349045730062
31.002487862007275 -10.546438951669957 286.87977387854994
31.002487862007275 -10.546438951669957 286.87977387854994
30.419283514283173 -10.500921369493872 286.84349045730062
30.99858620052866 40.228409488425115 217.45998827469901
31.678572325735708 39.954140684238759 217.58407808937204
31.678572325735708 39.954140684238759 217.58407808937204
30.99858620052866 40.228409488425115 217.45998827469901
32.565487862007274 45.190136066635816 259.87797518184533
32.885107810070672 45.152507132252296 259.94130024147319
32.885107810070672 45.152507132252296 259.94130024147319
32.565487862007274 45.190136066635816 259.87797518184533
