105.21328172655292 191.2751925425442 340.79241429160783
104.86829148581333 199.9024578936166 347.95700702652186
104.86829148581333 199.9024578936166 347.95700702652186
105.14475361423149 194.19591904134933 347.41046327131176
105.21328172655292 191.2751925425442 340.79241429160783
108.27309412860288 70.728509228620169 232.55212768084169
105.14475361423149 194.19591904134933 347.41046327131176
105.1044507002011 194.21004901526379 346.81198518569971
105.06414778617072 194.22417898917826 346.21350710008767
105.02384487214033 194.23830896309275 345.61502901447568
105.22212206960413 193.67341034032222 345.6547240892063
105.10299195254713 193.34341260331857 345.16799058020734
104.99735773978784 192.94324317380693 344.73358772480805
105.04086526961744 192.68027274216917 344.19604363644657
105.08437279944701 192.41730231053137 343.6584995480851
105.11483691633138 192.36428721770727 343.0616232313198
105.15820399838472 192.13037544427942 342.51080150113296
105.20157108043801 191.8964636708516 341.95997977094606
105.24493816249137 191.66255189742378 341.40915804075922
105.21328172655292 191.2751925425442 340.79241429160783
105.21328172655292 191.2751925425442 340.79241429160783
105.30692992107151 190.85919284434044 340.37030735402237
105.36230903217435 190.34885739421793 340.05967753832255
105.41768814327722 189.83852194409542 339.74904772262272
105.41938206653023 189.39821929345845 339.34145637523409
105.37524354062523 188.8368933399407 339.13417645715629
105.45831146062828 188.38631298656497 338.74677864376781
105.54137938063138 187.93573263318922 338.35938083037939
105.54045497277484 187.33884991957439 338.29830569912366
105.53953056491832 186.74196720595955 338.23723056786787
105.45500535712715 186.22268499668536 337.94878390663018
105.27241811577974 185.93683453520114 337.45385824254879
105.08983087443235 185.65098407371696 336.9589325784674
105.51392863593644 185.27977628608926 336.75315146395064
105.55023558803609 184.76743067147692 336.44301637013388
105.58654254013575 184.25508505686454 336.13288127631711
105.5712100156089 183.85716977893128 335.68407358333616
105.62051748758479 183.25997068141041 335.65370894720121
105.62272463161517 182.66714064302704 335.56125531500874
105.62272376657992 182.09319550399175 335.38636398481469
105.62272290154472 181.51925036495646 335.21147265462071
105.67106200900471 181.59995965175381 334.61889410141896
105.71226793855203 181.28120452654213 334.11224112203229
105.68388114687529 180.79487829717721 334.46249958187298
105.65549435519856 180.30855206781226 334.81275804171366
105.65784167618067 179.7326400724732 334.64447297491097
105.70058583932321 179.29341838496677 334.23795453038321
105.74333000246577 178.85419669746037 333.83143608585544
105.76518682950109 178.57437657562406 333.30113147666611
105.78943775480509 178.09567197702387 332.94022456359721
105.79206433260099 177.56150837512763 332.6669804465547
105.79469091039691 177.02734477323145 332.39373632951214
105.81920396850835 176.47232088933271 332.16713624503734
105.81165594466772 176.08707784528153 331.70721144211154
105.80499972419031 175.7412927886956 331.21691725555536
105.87895488822633 175.23484037632565 330.90380930657119
105.95291005226231 174.7283879639557 330.59070135758702
105.78102158859672 174.25308338806104 330.26737502678134
105.79226074924104 173.68555690676078 330.07298527836087
105.79031545266011 173.25357440518354 329.65658723063217
105.78831786930769 172.91835570157915 329.15896847052102
105.7863202859553 172.58313699797475 328.66134971040992
105.78694183032792 172.09370780591649 329.00842128752879
105.78142121201581 171.65132663465059 328.60312087785366
105.77155953378447 171.09120690357412 328.38825200118401
105.75370182004471 170.91170505236101 327.81601062949625
105.74819924202015 170.39172009018753 327.51670249270649
105.73599758180085 169.85850949650617 327.24186147998483
105.717082020918 169.38426721741766 326.87479682317155
105.69816646003513 168.91002493832917 326.50773216635832
105.684109872684 168.42871024850342 326.14976766852374
105.67005328533291 167.94739555867767 325.79180317068915
105.64521051618613 167.63935983934408 325.27751061539033
105.62036774703935 167.33132412001049 324.76321806009156
105.6125760574336 166.77295038500364 324.54376860890159
105.57424434455704 166.26275225852626 324.23035426410075
105.5359126316805 165.75255413204886 323.91693991929998
105.5412405867786 165.26159744252817 323.57207307266293
105.54656854187667 164.77064075300746 323.22720622602594
105.64341646071452 164.28199477981894 322.89277298380347
105.6093299469964 163.97536173436373 322.37817189070569
105.57524343327827 163.66872868890852 321.86357079760791
105.76320584090794 163.19645205656539 321.5447841669901
105.57310042603481 162.88948457482007 321.06558598628942
105.57731901928457 162.29093909814722 321.02404665763038
105.58749874125753 161.70003340082488 320.9204762461581
105.59767846323049 161.10912770350254 320.81690583468583
105.59843803644758 160.74410882827016 320.34071192064175
105.59919760966469 160.37908995303775 319.86451800659768
105.61390990856694 160.00751497351465 319.39365116464194
105.62862220746922 159.63593999399154 318.92278432268614
105.62315377223914 159.14287851491434 318.58093570989627
105.62502181155057 158.68169889623601 318.19712603083013
105.63834933405596 158.09179432178283 318.08833738168397
105.65167685656138 157.50188974732961 317.97954873253781
105.66500437906677 156.91198517287643 317.87076008339159
105.67144497161628 156.53066360885651 317.40756208730238
105.69116288055682 156.17412880178378 316.92538563058491
105.71088078949734 155.81759399471105 316.44320917386744
105.70768767152795 155.31166958929538 316.12067188919718
105.70353755621113 154.81627970727712 315.78218755966805
105.6993874408943 154.32088982525883 315.44370323013891
105.71263777919985 154.01936992553658 314.92513772935206
105.72588811750541 153.71785002581433 314.40657222856527
105.74031634018147 153.27931359984456 313.9973319208143
105.74237553941074 152.69771238801172 313.84990129274439
105.74443473864005 152.11611117617889 313.70247066467448
105.73127842150252 151.9268384530815 313.13325827231927
105.77393176375574 151.34472503807012 312.9942450914391
105.77262577475662 151.02942355267049 312.48377151945175
105.73913166664268 150.47806947886357 312.24949213491658
105.70563755852871 149.92671540505665 312.01521275038147
105.74425942012401 149.59444940429267 311.51710868841928
105.7828812817193 149.2621834035287 311.0190046264571
105.84336432458181 148.8424903474874 310.59450546245694
105.81754348435422 148.25041016089921 310.68817689278461
105.83036457359003 147.82706101789856 310.26319321922597
105.84318566282585 147.40371187489794 309.83820954566727
105.95360380301443 146.98641445158961 309.42147138468664
105.90214087051854 146.50284190496271 309.07003268629433
105.92299428163855 146.07505550126888 308.64983757916031
105.93704222797598 145.57660078731152 308.3161527677928
105.9638404754666 145.33527734384336 307.76747722654449
105.99063872295719 145.09395390037517 307.21880168529623
105.98366000318811 144.5356682426291 306.99910093011908
105.976681283419 143.97738258488306 306.77940017494188
106.01008898126584 143.46789689343515 306.46426805037436
106.04349667911265 142.9584112019873 306.14913592580677
106.01566160801016 142.72991835192073 305.59504547625437
106.0432174891943 142.23502401172809 305.25693267635256
106.07077337037848 141.74012967153547 304.9188198764507
106.07318322915674 141.44756873402167 304.39498565608926
106.07559308793495 141.15500779650785 303.87115143572777
106.0969420991527 140.63332705158916 303.57552765437532
106.11829111037041 140.11164630667042 303.27990387302299
106.14569308143071 139.70472959415872 302.83982669676783
106.17309505249099 139.29781288164702 302.39974952051273
106.21942466439222 138.73932080996724 302.18541293256766
106.26575427629348 138.18082873828749 301.97107634462265
106.2576389091676 137.76819121155773 301.53557156583054
106.2495235420417 137.35555368482804 301.10006678703837
106.35736068660908 136.97225980407296 300.65122722636301
106.1709882355927 136.67609262392779 300.16383589395446
106.33730539480908 136.4243019113805 299.64524160202183
106.50362255402547 136.17251119883321 299.1266473100892
106.45216168880684 135.75820601158972 298.69571461096541
106.40070082358822 135.34390082434626 298.26478191184162
106.40715095370822 134.95964881613935 297.80401213200531
106.54546607791693 134.74342245239251 297.26168834861022
106.47891902327531 134.29389097209275 296.86990660102867
106.54349261141522 134.04806392516406 296.32640010179153
106.5956524469118 133.60929106168854 295.92049650998865
106.64781228240841 133.17051819821299 295.51459291818583
106.6690786903836 132.78757143855975 295.05318255943462
106.69034509835879 132.40462467890649 294.59177220068341
106.69244582861765 131.85802735879051 294.34433138639764
106.70410679688359 131.36854332598176 293.99753259250645
106.71576776514955 130.87905929317304 293.65073379861525
106.83543932757459 130.58930192759115 293.13914862854301
106.76503631465225 130.06204200682231 292.86158711874333
106.79383073605663 129.59260958737963 292.48902291639399
106.8432798310624 129.12092662404123 292.12150425142664
106.88701266897161 128.61502740365614 291.80188976849104
106.89005181393095 128.26260812798694 291.31630618378631
106.9004833366929 127.92640257745518 290.8194591136284
106.91091485945483 127.59019702692339 290.32261204347049
106.91765456690129 127.05195891642222 290.05755674216971
106.92439427434776 126.51372080592107 289.79250144086888
106.96350567894099 126.1660290124471 289.30507891904455
106.96508818972593 125.57638379385116 289.19410139047875
106.98564619644182 125.11701881614404 288.80866503306549
107.00620420315775 124.65765383843693 288.42322867565224
107.00712932504602 124.4784937601592 287.85060243585792
107.02033264834363 123.95986391765935 287.54919115749811
107.03949652432391 123.63974181789233 287.042087038901
107.07007484013283 123.09228306753562 286.79846051477
107.08556570525926 122.57532215738532 286.49430356437398
107.09699549226877 122.11115692221138 286.11427725683086
107.09112892804414 121.65125236316233 285.72898077359997
106.96586649973071 121.49693776559211 285.1628568215985
106.91786635585967 121.28336122720036 284.60421467456968
106.8131013477466 120.69326797417855 284.63274966735383
106.81158883199423 120.09685550564348 284.56725249434606
106.81007631624189 119.5004430371084 284.50175532133829
106.9630941028623 119.23956004195534 283.98356074415926
107.08600349757168 118.77046395073805 283.63023067482351
107.20891289228105 118.30136785952075 283.2769006054877
107.25730879586438 118.53961776627418 282.72836180244065
107.22786159753566 118.01091504416645 282.44621592856248
107.1916262796066 117.57383660876795 282.03676575693692
107.15539096167754 117.13675817336946 281.62731558531141
107.21718699383466 116.61191749735292 281.34319674537267
107.23026061983323 116.08143909297981 281.06315792164099
107.20191411787509 115.60102407762672 280.70483141013221
107.19558969301822 115.23654519277022 280.22826541874804
107.18926526816135 114.87206630791374 279.75169942736386
107.1932144368084 114.37023329958394 279.42284074066441
107.19716360545547 113.86840029125418 279.09398205396502
107.2047456396396 113.61087598084362 278.5521114584302
107.19000803548226 113.22841331319285 278.09004532585055
107.17527043132495 112.84595064554208 277.62797919327085
107.22132913084758 112.42894257080771 278.05691142778426
107.2134956818247 112.12767094347355 277.53809157114819
107.21009427326105 111.65269427673715 277.1715051604948
107.19519713383298 111.17936406257309 276.80308069931414
107.21460667474545 110.58193171501421 276.75113977313964
107.22490486406721 110.0133339649705 276.55985321861493
107.23520305338893 109.44473621492678 276.36856666409028
107.27418540275119 109.20356918423727 275.82055312434278
107.31316775211349 108.96240215354771 275.27253958459528
107.24349696300581 108.46966383673585 275.60773345728768
107.28713821584427 108.19437797798564 275.07640198163165
107.33077946868272 107.91909211923544 274.54507050597556
107.32721788024182 107.45114057698618 274.16955929549806
107.32365629180094 106.98318903473694 273.79404808502045
107.33861553946619 106.47516922994969 274.1129400712058
107.32420360657893 105.9835801367763 273.769236042042
107.28408081521052 105.54220315065668 273.36479010284023
107.25805719956895 105.42680048833104 272.77656820852053
107.24525807153736 105.24730359586741 272.20418979530291
107.24327302796867 104.90018780513594 271.71479559077358
107.24128798439995 104.55307201440446 271.22540138624424
107.24648526311155 103.98864818886202 271.42886817334727
107.25712950816057 103.53299661642927 271.03865240664004
107.26777375320958 103.07734504399654 270.64843663993281
107.2784179982586 102.62169347156373 270.2582208732257
107.26400080398109 102.17613022838559 269.85664206298077
107.24958360970359 101.73056698520745 269.45506325273584
107.23516641542605 101.28500374202933 269.05348444249086
107.2611179129065 100.79700550413951 268.70536917480649
107.28706941038695 100.30900726624968 268.35725390712213
107.29072016543621 99.775551449434587 268.08264224769431
107.30250941811873 99.552952811903964 267.52558672075764
107.31650632880105 99.096507703044708 267.13640559442979
107.33489245091123 98.655691239832592 266.72978194008226
107.35436121444359 98.45207626295965 266.1657235136409
107.37382997797593 98.248461286086709 265.60166508719948
107.37106843081835 97.657667910474771 265.49699627049489
107.40046458805531 97.335515186558055 264.99167113910647
107.38668321761698 96.867386279727981 264.6166172757496
107.37290184717865 96.399257372897949 264.24156341239268
107.35495704578102 95.900752142006155 263.90814097931968
107.41997765326076 95.316778307244462 263.78670424304642
107.48499826074051 94.732804472482783 263.66526750677315
107.40291954654435 94.268684002725195 263.293978839793
107.32084083234818 93.804563532967592 262.92269017281285
107.38594657596062 93.276543095705151 262.64528134097463
107.39525630929589 92.827625545762359 262.24730349960834
107.40456604263113 92.378707995819553 261.84932565824204
107.38764948640031 91.866582122230156 261.53717037681048
107.37073293016947 91.35445624864073 261.22501509537904
107.42235144413337 90.775058671004373 261.0779301673773
107.47396995809727 90.195661093368017 260.93084523937557
107.40061936019961 89.839852227482353 260.45333111314972
107.39534843858749 89.451585792011514 259.99592386301902
107.36178542951924 89.292634430913481 259.41833578382472
107.41100006600684 88.78550963148345 259.10147247361283
107.46021470249441 88.278384832053433 258.78460916340089
107.41311451565691 88.554525034392327 258.25401688956714
107.23991827908162 88.354523710106179 257.7154980561732
107.38431067147012 87.954284440178256 257.29246216664626
107.41881063347611 87.437775154710124 256.98910114303442
107.34088575239225 87.464002730239912 256.39476131836352
107.26296087130834 87.490230305769686 255.80042149369257
107.44622742480665 87.059695616086032 255.42485092595879
107.39755045856407 86.661566468969411 254.97861809976422
107.41152889059194 86.421900848820385 254.4287408462279
107.42550732261982 86.182235228671374 253.8788635926916
107.46310122915654 85.79401891255732 253.42293071375639
107.45916185389777 85.324271300970253 253.0496725420698
107.45522247863899 84.854523689383171 252.67641437038324
107.45128310338023 84.384776077796133 252.30315619869663
107.44525199629359 84.139222743293487 251.75573754203432
107.43922088920695 83.893669408790842 251.20831888537205
107.51831311421321 83.631131494583798 250.67463521169694
107.56422884214339 83.613060162714135 250.07666767671441
107.61014457007357 83.594988830844471 249.47870014173185
107.58720936942784 83.279275618554991 248.96899518378345
107.56427416878213 82.963562406265552 248.45929022583499
107.53675087234879 82.389897770417761 248.2856487741852
107.54043527675296 82.027149871581429 247.80773624342879
107.56537780946653 81.834849606457809 247.23993480093745
107.59032034218009 81.642549341334174 246.67213335844613
107.6183083024454 81.359833455822951 246.14365592074441
107.64629626271071 81.077117570311728 245.61517848304265
107.63484867804746 80.752546223795051 245.11067635834374
107.62340109338417 80.427974877278388 244.60617423364482
107.63972085770642 80.000509800443083 244.18545191027866
107.6611470791498 79.645670928029418 243.70209873540662
107.68436687696877 79.320754966022264 243.19822329581643
107.70758667478773 78.99583900401511 242.69434785622624
107.72101585078937 78.479536153019069 242.38897755104699
107.73444502679101 77.963233302023028 242.08360724586774
107.74787420279264 77.446930451026986 241.77823694068849
107.76130337879431 76.930627600030945 241.47286663550921
107.82882439187097 76.938067767291116 240.87672440692259
107.93285084179463 76.804606667280183 240.30107987033762
107.83139142829093 76.45898230423208 239.82123636764214
107.72993201478725 76.113357941183978 239.34139286494664
108.09740491529435 76.164322996816992 238.86983562505185
108.02909783241815 75.822350149373705 238.38158495783213
107.96079074954196 75.480377301930375 237.89333429061247
107.94676098387258 75.160184180342341 237.38610699386771
107.93273121820323 74.839991058754293 236.87887969712301
107.99920134972115 74.794605572662036 236.28430263797242
107.95213245539367 74.391669657063318 235.84223118774358
107.90506356106621 73.988733741464571 235.4001597375148
108.08017823325125 73.732850821399623 234.88648787454721
108.09902871834049 73.402764985990942 234.38580034676721
108.16195599937085 73.182700276101343 233.8311728314352
108.22488328040122 72.962635566211731 233.27654531610324
108.26437355430434 72.393400241901972 233.09104150529328
108.27602157426176 71.899783765237061 232.75014988381221
108.27455785143233 71.314146496928601 232.65113878232697
108.27309412860288 70.728509228620169 232.55212768084169
105.21328172655292 191.2751925425442 340.79241429160783
105.23293898782177 191.82587665724023 341.02981816247114
105.23866174926616 192.25593504241849 341.44816853636763
105.24438451071055 192.68599342759677 341.86651891026406
105.20945508740347 193.20275305999468 342.16940406624144
105.17452566409641 193.71951269239258 342.47228922221876
105.14865990497067 193.94196290515328 343.02892812253702
105.12279414584495 194.16441311791397 343.58556702285534
105.14927889287553 194.74504329859855 343.73445339379953
105.17576363990614 195.32567347928313 343.88333976474371
105.13147041988563 195.16344406419634 344.45929091505144
105.1132103098535 195.72236601641242 344.67671405023395
105.09495019982134 196.28128796862853 344.89413718541641
105.07669008978924 196.84020992084461 345.11156032059887
105.06109233531956 196.97177634043484 345.69675002256884
105.08539771250003 197.34805717518162 346.16346404854448
105.06828638953944 197.89186681266341 346.41640333139406
104.92667658995852 198.43263014849586 346.63439800858146
105.00267605541137 198.98766986096607 346.84923515348862
104.93548377061234 199.44506387729135 347.40312109000524
104.86829148581333 199.9024578936166 347.95700702652186
101.48541686918658 64.374516718029128 253.30440340136064
101.72086636704867 64.37825521663612 253.28013170162822
101.72086636704867 64.37825521663612 253.28013170162822
101.48541686918658 64.374516718029128 253.30440340136064
