# PDVD per-event charge/trigger/light time bases (DTS clock, 16 ns ticks)
# charge_start_us / tc_us / fs_t0_us / light_t0_us are in the 40-bit-masked domain (same as the rawwf 'timestamp' branch); offsets wrapped to that period
# offset_us = charge_window_start - fs_light_window_start  (add to light times to land on charge time base)
# charge_tde_us / charge_bde_us: per-crate charge window starts (TDE=top, BDE=bottom CRPs)
# run subrun event rd_timestamp_ns tc_type n_tc tc_us charge_tde_us charge_bde_us fs_t0_us light_t0_us fs_nsamp offset_tde_us offset_bde_us
39252 1 298567 1756532740050432000 29 1 5740076147.632 5740073627.648 5740073647.792 5740071147.552 5740071131.488 468800 2480.096 2500.240
39252 1 298581 1756532748240608000 22 1 5748266332.624 5748263803.648 5748263832.752 5748261332.000 5748261326.016 468800 2471.648 2500.752
39252 1 298595 1756532749036576000 22 1 5749062300.016 5749059771.648 5749059800.240 5749057299.488 5749057294.416 468800 2472.160 2500.752
39252 1 298609 1756532749337152000 22 1 5749362848.784 5749360347.648 5749360348.848 5749357848.608 5749357836.064 468800 2499.040 2500.240
39252 1 298623 1756532749926240000 20 1 5749951953.840 5749949435.648 5749949454.000 5749946953.760 5749946940.096 468800 2481.888 2500.240
39252 1 298637 1756532750358496000 22 1 5750384216.352 5750381691.648 5750381716.656 5750379215.904 5750379208.672 468800 2475.744 2500.752
39252 1 298651 1756532750823264000 22 1 5750848967.296 5750846459.648 5750846467.248 5750843966.496 5750843952.928 468800 2493.152 2500.752
39252 1 298665 1756532751356704000 22 2 5751382407.376 5751379899.648 5751379907.248 5751377407.008 5751377396.640 468800 2492.640 2500.240
39252 1 298679 1756532751906560000 20 1 5751932285.008 5751929755.648 5751929785.008 5751927284.768 5751927273.040 468800 2470.880 2500.240
39252 1 298693 1756532752531936000 22 1 5752557641.312 5752555131.648 5752555141.296 5752552640.544 5752552638.224 468800 2491.104 2500.752
39252 1 298707 1756532762505440000 22 1 5762531141.808 5762528635.648 5762528641.712 5762526141.472 5762526127.280 468800 2494.176 2500.240
39252 1 298721 1756532763004768000 22 2 5763030486.704 5763027963.648 5763027986.608 5763025485.856 5763025457.504 468864 2477.792 2500.752
39252 1 298735 1756532763464416000 20 1 5763490127.536 5763487611.648 5763487627.440 5763485126.688 5763485087.008 468864 2484.960 2500.752
39252 1 298749 1756532763801472000 22 1 5763827195.776 5763824667.648 5763824695.984 5763822195.744 5763822186.320 468800 2471.904 2500.240
39252 1 298763 1756532764010816000 20 1 5764036536.608 5764034011.648 5764034036.912 5764031536.160 5764031523.664 468800 2475.488 2500.752
39252 1 298777 1756532764598048000 22 2 5764623766.192 5764621243.648 5764621266.096 5764618765.344 5764618751.984 468864 2478.304 2500.752
39252 1 298791 1756532765070848000 22 2 5765096553.424 5765094043.648 5765094053.552 5765091553.312 5765091548.560 468800 2490.336 2500.240
39252 1 298805 1756532765437376000 22 2 5765463085.024 5765460571.648 5765460585.136 5765458084.896 5765458084.896 468800 2486.752 2500.240
39253 1 49686 1756542009364416000 20 1 15009390118.288 15009387611.648 15009387618.480 15009385117.456 15009385106.272 468864 2494.192 2501.024
39253 1 49706 1756542009850976000 22 1 15009876681.968 15009874171.648 15009874181.808 15009871681.296 15009871672.640 468800 2490.352 2500.512
39253 1 49726 1756542010651264000 22 2 15010676986.048 15010674459.648 15010674485.936 15010671985.424 15010671959.712 468800 2474.224 2500.512
39253 1 49746 1756542013755520000 29 1 15013781215.744 15013778715.648 15013778715.824 15013776214.800 15013776202.032 468864 2500.848 2501.024
39253 1 49766 1756542022009216000 22 1 15022034942.176 15022032411.648 15022032442.032 15022029941.520 15022029928.416 468800 2470.128 2500.512
39253 1 49786 1756542022741152000 22 1 15022766878.912 15022764347.648 15022764378.800 15022761878.288 15022761865.088 468800 2469.360 2500.512
39253 1 49806 1756542023263680000 20 1 15023289403.152 15023286875.648 15023286902.960 15023284402.960 15023284386.976 468800 2472.688 2500.000
39253 1 49826 1756542024046912000 20 1 15024072608.336 15024070107.648 15024070108.336 15024067608.336 15024067562.096 468800 2499.312 2500.000
39253 1 49846 1756542024892288000 22 1 15024918013.344 15024915483.648 15024915513.520 15024913012.496 15024912906.672 468864 2471.152 2501.024
39253 1 49866 1756542025562432000 20 1 15025588128.736 15025585627.648 15025585628.848 15025583128.336 15025583112.432 468800 2499.312 2500.512
39253 1 49886 1756542034755520000 29 1 15034781215.744 15034778715.648 15034778715.824 15034776215.312 15034776200.128 468800 2500.336 2500.512
39253 1 49906 1756542036585696000 22 1 15036611395.424 15036608891.648 15036608895.664 15036606395.152 15036606384.816 468800 2496.496 2500.512
39253 1 49926 1756542037414272000 22 1 15037439973.760 15037437467.648 15037437473.968 15037434972.944 15037434972.944 468864 2494.704 2501.024
39253 1 49946 1756542038237696000 20 1 15038263391.808 15038260891.648 15038260891.824 15038258390.800 15038258377.440 468864 2500.848 2501.024
39253 1 49966 1756542039006976000 22 1 15039032678.000 15039030171.648 15039030177.968 15039027677.968 15039027677.968 468800 2493.680 2500.000
39253 1 49986 1756542039879616000 22 1 15039905332.144 15039902811.648 15039902832.304 15039900331.792 15039900317.104 468800 2479.856 2500.512
39253 1 50006 1756542041755520000 29 1 15041781215.744 15041778715.648 15041778715.824 15041776214.800 15041776201.232 468864 2500.848 2501.024
39253 1 50026 1756542050870688000 22 1 15050896405.376 15050893883.648 15050893905.584 15050891405.072 15050891225.360 468800 2478.576 2500.512
39349 1 19409 1757422783617696000 15 1 16174339090.720 16174338670.848 16174338690.736 16174336590.144 16174336195.920 331328 2080.704 2100.592
39349 1 19429 1757422783925792000 22 3 16174647195.904 16174646766.848 16174646795.952 16174644695.360 16174644377.520 331328 2071.488 2100.592
39349 1 19449 1757422784093760000 15 1 16174815135.616 16174814734.848 16174814735.536 16174812635.456 16174812282.096 331264 2099.392 2100.080
39349 1 19469 1757422805209664000 15 1 16195931049.632 16195930638.848 16195930649.776 16195928548.672 16195928416.688 331328 2090.176 2101.104
39349 1 19489 1757422806007232000 15 1 16196728613.552 16196728206.848 16196728213.680 16196726112.576 16196725878.192 331328 2094.272 2101.104
39349 1 19509 1757422806532512000 15 1 16197253911.952 16197253486.848 16197253511.856 16197251411.264 16197251140.832 331328 2075.584 2100.592
39349 1 19529 1757422807120544000 15 1 16197841934.240 16197841518.848 16197841534.128 16197839434.048 16197839209.376 331264 2084.800 2100.080
39349 1 19549 1757422807565088000 15 2 16198286487.680 16198286062.848 16198286087.856 16198283987.264 16198283780.080 331328 2075.584 2100.592
39349 1 19569 1757422807930368000 15 1 16198651772.976 16198651342.848 16198651373.232 16198649272.640 16198649144.080 331328 2070.208 2100.592
39349 1 19589 1757422808473984000 15 1 16199195376.496 16199194958.848 16199194976.432 16199192876.352 16199192732.640 331264 2082.496 2100.080
39349 1 19609 1757422808822464000 15 2 16199543840.080 16199543438.848 16199543440.048 16199541339.456 16199540957.520 331328 2099.392 2100.592
39349 1 19629 1757422809227328000 15 1 16199948707.632 16199948302.848 16199948307.632 16199946207.552 16199945795.616 331264 2095.296 2100.080
39349 1 19649 1757422830240000000 15 1 16220961399.616 16220960974.848 16220960999.600 16220958899.520 16220958575.008 331264 2075.328 2100.080
39349 1 19669 1757422830771520000 15 1 16221492905.328 16221492494.848 16221492505.264 16221490404.672 16221490029.232 331328 2090.176 2100.592
39349 1 19689 1757422831280288000 15 1 16222001687.136 16222001262.848 16222001287.344 16221999186.240 16221998836.352 331328 2076.608 2101.104
39349 1 19709 1757422831776480000 22 1 16222497860.768 16222497454.848 16222497460.912 16222495360.320 16222495076.016 331328 2094.528 2100.592
39349 1 19729 1757422832427296000 15 1 16223148687.696 16223148270.848 16223148287.664 16223146187.072 16223145810.288 331328 2083.776 2100.592
39349 1 19749 1757422832813600000 15 1 16223534992.992 16223534574.848 16223534593.200 16223532492.096 16223532141.792 331328 2082.752 2101.104
39349 1 19769 1757422833482784000 15 1 16224204163.520 16224203758.848 16224203763.376 16224201662.784 16224201379.072 331328 2096.064 2100.592
39349 1 19789 1757422834059360000 15 1 16224780763.344 16224780334.848 16224780363.440 16224778262.848 16224778123.648 331328 2072.000 2100.592
39349 1 19809 1757422834461632000 15 1 16225183015.440 16225182606.848 16225182615.728 16225180514.624 16225180164.672 331328 2092.224 2101.104
39349 1 19829 1757422855738048000 15 1 16246459450.976 16246459022.848 16246459051.184 16246456950.080 16246456711.760 331328 2072.768 2101.104
39349 1 19849 1757422856306144000 15 1 16247027531.984 16247027118.848 16247027132.080 16247025031.488 16247024741.872 331328 2087.360 2100.592
39349 1 19869 1757422856879968000 15 2 16247601358.592 16247600942.848 16247600958.640 16247598858.560 16247598655.584 331264 2084.288 2100.080
39349 1 19889 1757422857272320000 15 3 16247993726.768 16247993294.848 16247993326.768 16247991226.688 16247990984.288 331264 2068.160 2100.080
39349 1 19909 1757422857889600000 15 1 16248610984.064 16248610574.848 16248610584.240 16248608483.648 16248608064.112 331328 2091.200 2100.592
39349 1 19929 1757422858210624000 15 2 16248931999.632 16248931598.848 16248931599.536 16248929499.456 16248929305.392 331264 2099.392 2100.080
39349 1 19949 1757422858483392000 15 2 16249204787.728 16249204366.848 16249204388.016 16249202286.912 16249202147.328 331328 2079.936 2101.104
39349 1 22777 1757423234574528000 15 1 16625295914.512 16625295502.848 16625295514.800 16625293413.696 16625293054.000 331328 2089.152 2101.104
39349 1 22797 1757423235011168000 15 1 16625732570.192 16625732142.848 16625732170.416 16625730069.824 16625730054.288 331328 2073.024 2100.592
39349 1 22817 1757423235497344000 15 2 16626218733.600 16626218318.848 16626218333.872 16626216233.280 16626215913.184 331328 2085.568 2100.592
39349 1 22837 1757423236026656000 15 1 16626748040.336 16626747630.848 16626747640.496 16626745539.904 16626745257.744 331328 2090.944 2100.592
39349 1 22857 1757423236862784000 15 1 16627584175.040 16627583758.848 16627583774.896 16627581674.816 16627581302.336 331264 2084.032 2100.080
39349 1 22877 1757423237411296000 15 1 16628132676.624 16628132270.848 16628132276.912 16628130176.320 16628129990.768 331328 2094.528 2100.592
39349 1 22897 1757423258509152000 15 1 16649230542.960 16649230126.848 16649230143.152 16649228042.560 16649227785.712 331328 2084.288 2100.592
39349 1 22917 1757423258954240000 15 1 16649675645.568 16649675214.848 16649675245.744 16649673144.640 16649672879.328 331328 2070.208 2101.104
39349 1 22937 1757423259662656000 15 1 16650384057.024 16650383630.848 16650383657.136 16650381556.032 16650381197.264 331328 2074.816 2101.104
39349 1 22957 1757423260057664000 15 1 16650779064.112 16650778638.848 16650778664.112 16650776564.032 16650776388.944 331264 2074.816 2100.080
39349 1 22977 1757423260389184000 15 1 16651110559.616 16651110158.848 16651110159.536 16651108059.456 16651107777.248 331264 2099.392 2100.080
39349 1 22997 1757423260815296000 15 1 16651536688.000 16651536270.848 16651536287.920 16651534187.840 16651533950.624 331264 2083.008 2100.080
39349 1 23017 1757423261311456000 15 2 16652032844.272 16652032430.848 16652032444.080 16652030343.488 16652030071.040 331328 2087.360 2100.592
39349 1 23037 1757423261526624000 15 1 16652248012.128 16652247598.848 16652247612.080 16652245511.488 16652245321.344 331328 2087.360 2100.592
39349 1 23057 1757423261994560000 15 1 16652715955.760 16652715534.848 16652715556.016 16652713454.912 16652713316.192 331328 2079.936 2101.104
39349 1 23077 1757423262288800000 15 1 16653010200.032 16653009774.848 16653009799.856 16653007699.264 16653007579.808 331328 2075.584 2100.592
39349 1 23097 1757423262720448000 15 1 16653441830.976 16653441422.848 16653441431.216 16653439330.624 16653439182.576 331328 2092.224 2100.592
39349 1 23117 1757423283591008000 15 1 16674312407.888 16674311982.848 16674312007.856 16674309907.776 16674309579.520 331264 2075.072 2100.080
39349 1 23137 1757423284081984000 22 1 16674803374.320 16674802958.848 16674802974.384 16674800873.792 16674800614.400 331328 2085.056 2100.592
39349 1 23157 1757423284715904000 15 1 16675437302.976 16675436878.848 16675436903.088 16675434802.496 16675434651.152 331328 2076.352 2100.592
39349 1 23177 1757423285164768000 15 1 16675886174.512 16675885742.848 16675885774.512 16675883673.920 16675883242.704 331328 2068.928 2100.592
39349 1 23197 1757423285518752000 15 1 16676240148.048 16676239726.848 16676239748.272 16676237647.168 16676237442.592 331328 2079.680 2101.104
39349 1 23217 1757423285996384000 20 1 16676717783.968 16676717358.848 16676717383.856 16676715283.776 16676714920.976 331264 2075.072 2100.080
39349 1 23237 1757423286458016000 15 1 16677179413.120 16677178990.848 16677179013.296 16677176912.192 16677176551.136 331328 2078.656 2101.104
39349 1 23257 1757423287069600000 15 1 16677791001.200 16677790574.848 16677790601.392 16677788500.288 16677788201.424 331328 2074.560 2101.104
39349 1 23277 1757423287517600000 15 1 16678238993.248 16678238574.848 16678238593.200 16678236493.120 16678236202.064 331264 2081.728 2100.080
39349 1 23297 1757423287981664000 15 2 16678703060.320 16678702638.848 16678702660.272 16678700559.680 16678700153.232 331328 2079.168 2100.592
39349 1 23317 1757423308785248000 15 1 16699506634.736 16699506222.848 16699506234.544 16699504134.464 16699503863.712 331328 2088.384 2100.080
39349 1 55766 1757427896344416000 15 1 3694879749.424 3694879346.432 3694879349.424 3694877248.832 3694876950.176 331328 2097.600 2100.592
39349 1 55786 1757427896940896000 15 1 3695476227.328 3695475826.432 3695475827.376 3695473726.784 3695473455.728 331328 2099.648 2100.592
39349 1 55806 1757427897536928000 15 1 3696072278.688 3696071858.432 3696071878.832 3696069777.728 3696069763.056 331328 2080.704 2101.104
39349 1 55826 1757427898111872000 15 1 3696647224.960 3696646802.432 3696646825.136 3696644724.032 3696644424.592 331328 2078.400 2101.104
39349 1 55846 1757427898491648000 15 2 3697026982.272 3697026578.432 3697026582.192 3697024481.600 3697024294.752 331328 2096.832 2100.592
39349 1 55866 1757427899085920000 15 1 3697621258.736 3697620850.432 3697620858.544 3697618757.952 3697618535.440 331328 2092.480 2100.592
39349 1 55886 1757427899586592000 15 1 3698121941.840 3698121522.432 3698121541.808 3698119441.728 3698119272.128 331264 2080.704 2100.080
39349 1 55906 1757427920735904000 15 1 3719271237.360 3719270834.432 3719270837.424 3719268737.344 3719268524.032 331264 2097.088 2100.080
39349 1 55926 1757427921203616000 15 1 3719738954.880 3719738546.432 3719738555.056 3719736454.464 3719736110.528 331328 2091.968 2100.592
39349 1 55946 1757427921688064000 15 1 3720223401.056 3720222994.432 3720223001.264 3720220900.672 3720220559.488 331328 2093.760 2100.592
39349 1 55966 1757427922016864000 15 2 3720552220.608 3720551794.432 3720551820.464 3720549720.384 3720549482.656 331264 2074.048 2100.080
39349 1 55986 1757427922361120000 15 1 3720896455.152 3720896050.432 3720896054.960 3720893954.368 3720893692.288 331328 2096.064 2100.592
39349 1 56006 1757427922810976000 15 1 3721346334.448 3721345906.432 3721345934.512 3721343834.432 3721343473.536 331264 2072.000 2100.080
39349 1 56026 1757427923447296000 15 1 3721982638.240 3721982226.432 3721982238.384 3721980137.792 3721979812.848 331328 2088.640 2100.592
39349 1 56046 1757427923969568000 15 1 3722504899.344 3722504498.432 3722504499.376 3722502399.296 3722502116.064 331264 2099.136 2100.080
39349 1 56066 1757427924424992000 15 1 3722960353.664 3722959922.432 3722959953.584 3722957852.992 3722957559.072 331328 2069.440 2100.592
39349 1 56086 1757427924861408000 15 1 3723396758.896 3723396338.432 3723396358.832 3723394258.240 3723393910.688 331328 2080.192 2100.592
39349 1 56106 1757427945888576000 15 1 3744423918.448 3744423506.432 3744423518.384 3744421418.304 3744421153.600 331264 2088.128 2100.080
39349 1 56126 1757427946505152000 15 1 3745040508.576 3745040082.432 3745040108.720 3745038007.616 3745037632.896 331328 2074.816 2101.104
39349 1 56146 1757427946908960000 15 1 3745444309.360 3745443890.432 3745443909.296 3745441808.704 3745441477.872 331328 2081.728 2100.592
39349 1 56166 1757427947372224000 15 2 3745907557.872 3745907154.432 3745907157.680 3745905057.088 3745904833.280 331328 2097.344 2100.592
39349 1 56186 1757427948034176000 15 1 3746569534.096 3746569106.432 3746569134.256 3746567033.152 3746566755.280 331328 2073.280 2101.104
39349 1 56206 1757427948581440000 15 1 3747116794.704 3747116370.432 3747116394.672 3747114294.592 3747113970.176 331264 2075.840 2100.080
39349 1 56226 1757427949173088000 15 1 3747708448.464 3747708018.432 3747708048.560 3747705947.456 3747705825.392 331328 2070.976 2101.104
39349 1 56246 1757427949704768000 15 1 3748240123.520 3748239698.432 3748239723.696 3748237622.592 3748237227.488 331328 2075.840 2101.104
39349 1 56266 1757427950124064000 22 1 3748659419.728 3748658994.432 3748659019.952 3748656918.848 3748656629.712 331328 2075.584 2101.104
39349 1 56286 1757427971336864000 15 2 3769872212.624 3769871794.432 3769871812.784 3769869711.680 3769869516.992 331328 2082.752 2101.104
39349 1 56306 1757427971705440000 15 2 3770240776.800 3770240370.432 3770240377.008 3770238275.904 3770238172.368 331328 2094.528 2101.104
