49767
49877
51890
52044
52286
52638
52693
54475
54629
55286
57346
68280
68346
70912
71642
72275
72940
73038
73450
73500
75206
75554
76888
77978
78032
90751
91782
92904
95800
97231
98470
99838
100190
100222
158689
166050
167612
168209
168778
169724
171440
171729
171770
172015
178966
179897
180698
181094
283299
287132
287464
294174
317341
318749
318857
319057
319321
321169
321849
348638
350266
351740
352136
354248
388323
389379
391063
391525
392009
392759
393133
393823
394131
394167
395870
396420
396596
396816
399073
400117
402077
405927
406147
407798
409888
475096
478088
497399
499577
