# bee_idx	event
0	47696
1	51546
2	52044
3	52605
4	52693
5	53658
6	54453
7	55740
8	56972
9	57709
10	58006
11	69232
12	69254
13	71642
14	71872
15	72786
16	74123
17	74326
18	75954
19	77328
20	91917
21	94224
22	94392
23	95151
24	96383
25	98844
26	99782
27	100135
28	100222
29	103798
30	105074
31	167612
32	170098
33	170761
34	171143
35	171572
36	171729
37	173495
38	173819
39	174771
40	176533
41	179048
42	179369
43	179611
44	181050
45	242726
46	275011
47	280159
48	281325
49	282271
50	284206
51	287794
52	289246
53	289508
54	291072
55	292524
56	293536
57	294174
58	318703
59	318769
60	321169
61	321367
62	347824
63	350354
64	390634
65	392901
66	393505
67	394167
68	395123
69	395597
70	395870
71	396037
72	396323
73	396816
74	397401
75	397630
76	398191
77	403023
78	403309
79	406125
80	408304
81	408678
82	409140
83	412242
84	475778
85	493659
86	499423
87	499577
88	500083
