# bee_idx	event
0	54341
1	56243
2	58755
3	59085
4	64409
5	65053
6	67394
7	71178
8	168432
9	170808
10	172266
11	175896
12	277298
13	278420
14	280972
15	282979
16	283515
17	283713
18	284200
19	284791
20	285443
21	286655
22	286681
23	287007
24	287654
25	287830
26	292005
27	292027
28	292643
29	293149
30	313781
31	317939
32	321767
33	347085
34	348471
35	348691
36	349549
37	350121
38	386442
39	386948
40	390182
41	393212
42	399118
43	400504
44	401450
45	407918
46	410008
47	486247
48	486687
49	486907
50	487853
51	489327
