50.504131907499954 157.24033148568833 32.088998970070584
-73.824690134618294 94.175431088915417 142.94232582165785
50.504131907499954 157.24033148568833 32.088998970070584
50.078554298653856 156.99859668519653 32.436055139991282
49.652976689807772 156.7568618847047 32.78311130991198
49.250653453334927 156.54383306260507 33.173949811532353
48.795261961231482 156.34323167802216 33.509177604865826
48.386439417724901 156.05482251050699 33.840363776095849
47.932977123364175 155.95130167576198 34.219382752357987
47.479514829003442 155.84778084101697 34.598401728620125
47.113577204574931 155.49389246805882 34.915974829673473
46.679316079167236 155.26061295930074 35.258024454367373
46.204897954365137 155.07362583558645 35.574194121515106
45.730479829563023 154.88663871187217 35.890363788662832
45.319048910916088 154.68044705726021 36.275343789117031
44.907617992269159 154.47425540264823 36.660323789571237
44.443498428053729 154.29403191885939 36.995155875852539
44.000123498143523 154.11102827234885 37.355611610847788
43.556748568233317 153.9280246258383 37.716067345843051
43.112607872693218 153.62815945356112 37.985919010689358
42.695265192421999 153.43696713617578 38.372274527017069
42.251069090106661 153.23336160724051 38.720462136323974
41.826275234702592 152.98807004145866 39.065979470429255
41.401481379298517 152.74277847567677 39.411496804534536
40.976687523894476 152.49748690989486 39.757014138639818
40.528962109926425 152.43274502481194 40.151159342851479
40.07968491483139 152.19602370852581 40.470710622591199
39.643367239531678 151.94413271922713 40.796559998424854
39.229283008019365 151.66374911637507 41.128100771881982
38.815198776507067 151.38336551352296 41.459641545339103
38.330482670989014 151.37023708526479 41.813022276877874
37.876462502916823 151.30780557319852 42.200279288802548
37.521494236971975 150.89664369403548 42.455119315672796
37.092972147260063 150.64359933793179 42.790286993817659
36.628125959023457 150.53806268303561 43.154676943946939
36.172549225501996 150.37802353391768 43.510819205723777
35.746752415955832 150.10866410947858 43.836614505637911
35.320955606409669 149.83930468503948 44.162409805552052
34.875788097463996 149.74627929974707 44.553781964334846
34.534845312534159 149.30327637605018 44.771741655563062
34.051078723029121 149.29504693300512 45.126568603730526
33.567312133524084 149.28681748996007 45.48139555189799
33.138210758020918 149.02646122865787 45.810160858373614
32.709109382517752 148.7661049673556 46.138926164849252
32.244464406471934 148.72247831767518 46.516022653394344
31.80541309529994 148.5266972104352 46.875054273458701
31.366361784127946 148.33091610319519 47.234085893523066
30.838580543445666 148.18299746750574 47.478149490152376
30.398179976057044 147.95708253156971 47.817280411722194
29.957779408668422 147.73116759563365 48.156411333292013
29.517378841279804 147.50525265969759 48.495542254861832
29.10019634902908 147.18605771490385 48.785496312218513
28.647343663367302 146.94236142206336 49.094586205202276
28.19449097770552 146.69866512922289 49.40367609818604
27.896942730618729 146.22742900437643 49.62594070466956
27.397503148403796 146.27299324444283 49.955309804228307
26.89806356618886 146.31855748450923 50.284678903787054
26.546727196379379 145.9029093593453 50.537264317650987
26.057864975613519 145.84020464300411 50.879436566169829
25.569002754847652 145.7774999266629 51.221608814688672
25.080140534081782 145.71479521032168 51.563781063207486
24.61465019785161 145.47541628102761 51.857066717623695
24.160428602396554 145.27552758375219 52.194301429543756
23.718837837328678 145.05943897484576 52.538253910720513
23.188248459901502 144.90702032138068 52.773293198154214
22.788231184529003 144.67898878686822 53.157985021139119
22.388213909156509 144.45095725235575 53.542676844124024
21.856980313231674 144.28675662657076 53.768129768373399
21.453877481123193 144.32894752016244 54.210541381290668
21.009428351437748 144.0597698824802 54.510555331789078
20.564979221752303 143.79059224479795 54.810569282287489
20.120530092066854 143.5214146071157 55.110583232785885
19.653156086484142 143.42520277394186 55.474320530932367
19.189075929075351 143.25659407647109 55.815202790131409
18.72499577166656 143.08798537900032 56.156085049330457
18.202887729717578 143.08469871166966 56.451707089019749
17.845268476209281 142.70016884632653 56.741957415771253
17.355705608383911 142.55620533481812 57.057556379332233
16.866142740558537 142.41224182330967 57.373155342893199
16.435713419237423 142.17394605338066 57.716587614791123
16.029512463704876 141.88598863725639 58.051373083746228
15.515425849542984 141.65419308855672 58.256277394932134
15.046801906856217 141.50929906777463 58.6018165722801
14.578177964169452 141.36440504699254 58.947355749628073
14.128449417594064 141.22907925030822 59.320760574378561
13.663488619162971 141.10631741334683 59.679565517639084
13.198527820731877 140.98355557638538 60.038370460899593
12.741935278855015 140.74160906054934 60.343305100088422
12.285342736978153 140.49966254471332 60.648239739277265
11.795668081312513 140.44253709731575 60.990227187670278
11.330478314156444 140.31777433393719 61.348043807473537
10.870901597374925 140.14351020980902 61.692167704397534
10.411324880593407 139.96924608568082 62.036291601321537
9.9519066461404613 139.77912735510901 62.372133460144859
9.4888753621848707 139.59792189429766 62.707940861865815
9.0389807823412944 139.37908515368355 63.039158838408106
8.5385871162297029 139.32857523377029 63.36635133053737
8.0381934501181114 139.27806531385701 63.693543822666626
7.6904427255689587 138.92941101875621 64.036340578898802
7.2089907219889557 138.78672088000661 64.364735908573905
6.7330497053644915 138.62527019155095 64.692476391107988
6.2432671180907153 138.47822654305668 65.006309440102029
5.8105572625143811 138.2782837601988 65.370706290349318
5.3778474069380433 138.0783409773409 65.735103140596621
4.8901240242350941 137.9102611605945 66.04149354052339
4.3986711567788248 137.80463072809485 66.36908519304059
3.9420030751426438 137.66024378148305 66.730480645229534
3.4915076904342244 137.51295636060254 67.098394118762073
3.0410123057258076 137.36566893972204 67.466307592294626
2.5836808554906421 137.20104977744182 67.818086608206556
2.1223350597104069 137.07136703978099 68.179116308188
1.5890452962976123 136.87386718950813 68.370416693397544
1.055755532884818 136.67636733923527 68.561717078607089
0.52246576947202428 136.47886748896241 68.753017463816647
-0.54411375735356227 136.08386778841671 69.13561823423575
-1.0774035207663548 135.88636793814385 69.326918619445308
-1.6106932841791441 135.68886808787096 69.518219004654867
-2.1439830475919406 135.49136823759812 69.709519389864397
-2.4730883898142801 135.34759635060564 70.190164080078844
-2.9642311044201497 135.2663100703125 70.525084032493865
-3.4553738190260175 135.18502379001933 70.860003984908886
-3.9368908184698599 135.10085604026662 71.207936692696137
-4.377968760745695 134.88337039103436 71.551666588422052
-4.8564075254612655 134.77242895125147 71.896323440024247
-5.3348462901768325 134.66148751146858 72.240980291626428
-5.774268368731569 134.54801990448829 72.633451104611041
-6.2359813775207602 134.42745463954154 72.997161311235985
-6.709761978412109 134.30678612347256 73.344970240748637
-7.1695660050681953 134.18079644528819 73.709259765799587
-7.6352704380124861 134.06499980128871 74.069413230831486
-8.1009748709567742 133.94920315728916 74.4295666958634
-8.5748090133325743 133.79198875258427 74.762380211923499
-9.048643155708378 133.63477434787939 75.095193727983585
-9.4937531972008333 133.55470442633049 75.489485318847173
-9.9388632386932905 133.47463450478159 75.883776909710761
-10.389673551688157 133.33313884455745 76.253572853219083
-10.861096314398734 133.20926988294758 76.60345434622495
-11.298255648879515 133.14794347135006 77.009817222872044
-11.650755802477025 132.94975539632841 77.453061093255997
-12.119259384530142 132.79099387899376 77.792618414215212
-12.550529416149832 132.66177670805371 78.189240504574542
-12.981799447769523 132.53255953711368 78.585862594933872
-13.456982655202257 132.37252897931361 78.915394292869195
-13.891644695887331 132.21497707148779 79.297815927623219
-14.326306736572409 132.057425163662 79.680237562377229
-14.716823144496052 131.9378253974121 80.119774626861414
-15.107339552419694 131.81822563116225 80.559311691345627
-15.55915785322075 131.68269034147934 80.93010868204513
-15.994158920388918 131.48289988737298 81.291851471898013
-16.419829105551784 131.347954430746 81.69259405411151
-16.847750265338668 131.25013677690833 82.10163584611368
-17.302305751963846 131.11246480622896 82.468277003198097
-17.687329054284639 130.91576626788523 82.884289913674962
-18.072352356605435 130.71906772954156 83.300302824151842
-18.488358875150972 130.55401671177421 83.699923566933776
-18.904365393696509 130.38896569400686 84.099544309715711
-19.320371912242059 130.22391467623953 84.499165052497645
-19.710898536854813 129.99768999993071 84.894527356337463
-20.139629728413986 129.87960114757084 85.297323319987271
-20.54382195213897 129.73818191779054 85.717596145338376
-20.962714743480682 129.60941966113185 86.127412092590447
-21.3816075348224 129.48065740447316 86.537228039842518
-21.752234447008572 129.31498752730806 86.979030239659863
-22.169216429176142 129.13795291369249 87.372457198738147
-22.558543852657362 128.93487768008077 87.781339341682823
-22.947871276138581 128.73180244646909 88.1902214846275
-23.337198699619783 128.5287272128574 88.599103627572191
-23.734076464037223 128.44061903875868 89.040380173253013
-24.139953943738718 128.28340893353331 89.45335529875841
-24.545831423440212 128.12619882830796 89.866330424263808
-24.950673425538337 127.99457454775543 90.289151902084186
-25.366784612579075 127.83132845068344 90.689404562050754
-25.770260818298389 127.66420261740606 91.100836096172401
-26.155437602967481 127.46080715713222 91.513472899295877
-26.540614387636566 127.25741169685837 91.926109702419367
-26.925791172305644 127.05401623658452 92.338746505542858
-27.348325772823681 126.87991985218525 92.727533028334193
-27.770860373341719 126.70582346778599 93.116319551125514
-28.18076071546627 126.53133922991842 93.518236159717333
-28.59683978725382 126.3467899616938 93.909157857270912
-28.949558320147247 126.05492503288556 94.296978047417412
-29.368203991658778 125.95472315888534 94.714943818948413
-29.786270801456038 125.88829897412472 95.140159023550538
-30.134013945539198 125.53221979590339 95.475244571702618
-30.487952687146066 125.37409226673806 95.933199866147191
-30.841891428752938 125.21596473757275 96.391155160591751
-31.35981438168713 125.09716527368747 96.669799202703729
-31.729125278238524 124.79176903793875 97.030829119578954
-32.098436174789931 124.48637280219006 97.391859036454164
-32.512899363717139 124.34530363010906 97.802126941258649
-32.828402124876483 124.03449057467699 98.20691485149537
-33.265863779781562 123.84112732563389 98.569182645271198
-33.658453536701629 123.59195284360506 98.948373046345779
-34.051043293621682 123.34277836157621 99.327563447420374
-34.469268912607326 123.06787958249427 99.658498475610685
-34.87989793814387 122.83013936782106 100.02573599236796
-35.290526963680406 122.59239915314802 100.39297350912534
-35.66016879773936 122.40545471156481 100.82704342316532
-36.018971913550573 122.09378511484813 101.19327065667838
-36.403117075334407 121.83662505463296 101.57576405284125
-36.787262237118249 121.57946499441778 101.95825744900409
-37.19532266623083 121.36219482277552 102.34072360267918
-37.560485996195538 121.0684852867186 102.71541074000621
-37.934272717846497 120.86707430419267 103.13934128011314
-38.314698482977221 120.61402138578369 103.5282377415388
-38.716344939787909 120.44279999714335 103.93977554029307
-39.117991396598612 120.27157860850301 104.35131333904731
-39.49364597665938 119.98194718153668 104.71873308945931
-39.869300556720148 119.69231575457033 105.0861528398713
-40.306635449954946 119.45632594760582 105.42237747039107
-40.611605206383061 119.14043277066125 105.83128448723483
-40.946269387804428 118.83376565263453 106.22365569463254
-41.304849813539612 118.57365391855834 106.62833082862949
-41.663430239274803 118.3135421844822 107.03300596262648
-42.022919536745277 118.02448096330772 107.41668689180763
-42.396729342479816 117.74814849535264 107.79603712087116
-42.77044301330843 117.52780293814115 108.21050778045151
-43.153622307229526 117.28034261527277 108.60029877228689
-43.536801601150628 117.03288229240438 108.99008976412229
-43.87664403812542 116.69831656721904 109.35419537182729
-44.253333372565308 116.45024340362848 109.74987813721569
-44.608631919880409 116.16623105441474 110.14115799584616
-45.016095692790955 115.89099716709254 110.4849887405957
-45.423559465701558 115.61576327977048 110.82881948534525
-45.813314052808167 115.3661984474999 111.21066861304246
-46.203068639914775 115.1166336152293 111.59251774073967
-46.60099136631456 114.96640569047398 112.01570691172383
-47.029018885342566 114.58313626845282 112.18861438148238
-47.324379607531938 114.2592923003389 112.59835469937165
-47.69145866104062 113.98613435238303 112.98647543309212
-48.079030137437954 113.78333410195799 113.39715829018594
-48.515494150903905 113.62660008728395 113.777859765877
-48.905683302327951 113.32297885538303 114.11781060592588
-49.295872453752004 113.01935762348212 114.45776144597478
-49.701152783700039 112.81015023924053 114.84760772918908
-50.097079906613317 112.49855196783824 115.17341170491791
-50.484599453328805 112.15482816451689 115.47620296625766
-50.941651838684564 111.99128220207278 115.82884419358204
-51.349848895622607 111.70143565056617 116.15954668720258
-51.745178216672549 111.42260789696024 116.51446894874343
-52.163979885824759 111.22597628145918 116.89649142151272
-52.58278155497694 111.02934466595813 117.27851389428206
-52.965175369510384 110.66648125703441 117.56505379913096
-53.380690399214345 110.46530179239562 117.94829534580586
-53.796205428918299 110.26412232775681 118.33153689248074
-54.209649374261154 110.01708750307023 118.68936073105415
-54.623093319604003 109.77005267838365 119.04718456962755
-55.037958234847295 109.52707709028873 119.4061413437524
-55.452823150090595 109.28410150219381 119.76509811787722
-55.858718575580511 109.07539218822353 120.15457125665368
-56.264614001070413 108.86668287425323 120.54404439543018
-56.649080240999652 108.542850761406 120.87163937866951
-57.066980687517571 108.35319791442809 121.2581507167093
-57.465169350538055 108.12717405156056 121.64591224401234
-57.874118576275933 107.80982402149195 121.94930883130993
-58.236613019547178 107.59809883495173 122.37799312537956
-58.599107462818417 107.38637364841149 122.80667741944919
-58.981960009454312 107.18232742467212 123.22115186511758
-59.390960858577976 106.9970369405244 123.61912892714557
-59.81291511519413 106.73570687906663 123.95626570102522
-60.188124623825523 106.41479359791197 124.29719456546931
-60.573960415710495 106.17840730504534 124.69121520229596
-60.991550032129354 105.98995623347977 125.07864920426914
-61.357665912025311 105.77176102871867 125.50096427043097
-61.684839014355376 105.49470162498872 125.9207211618771
-62.06544902978154 105.25603353782535 126.31843155943677
-62.446059045207711 105.01736545066201 126.71614195699647
-62.779654812426585 104.83901977931494 127.18187437545733
-63.107479935421225 104.58271892994071 127.61412495480177
-63.43530505841585 104.32641808056648 128.04637553414619
-63.823990411059199 104.20133647772806 128.48600980177315
-64.212675763702535 104.07625487488963 128.92564406940011
-64.546634868984967 103.70802190734589 129.26161400497901
-64.876979841099853 103.42491458366969 129.67479972917496
-65.20732481321474 103.14180725999351 130.08798545337089
-65.592049903997307 102.93169249160428 130.49766629088603
-65.890280513039116 102.61183280453092 130.90845612086713
-66.188511122080925 102.29197311745756 131.3192459508482
-66.525735424148309 102.0056042433765 131.72455156153313
-66.87840269250691 101.76652240845303 132.14700353991424
-67.23106996086554 101.52744057352953 132.56945551829534
-67.587378330539451 101.28036465139728 132.98418173449443
-67.918055778982449 100.98909599431461 133.39138560787052
-68.248733227425475 100.69782733723193 133.79858948124655
-68.583511016564174 100.49183779035333 134.25190188839662
-68.918288805702872 100.28584824347473 134.70521429554665
-69.221037232057412 99.990660225601118 135.13089894930303
-69.543067183886834 99.863916287399505 135.6210343226989
-69.865097135716255 99.737172349197891 136.11116969609472
-70.12468549098503 99.379385638817993 136.51688210123461
-70.41500823236359 99.13577920626895 136.98203649695625
-70.705330973742122 98.892172773719906 137.44719089267792
-71.060182348130681 98.654532535197276 137.86862608239215
-71.321057965809089 98.358315047095942 138.3205100407751
-71.581933583487483 98.062097558994608 138.77239399915806
-71.872289966848555 97.729727275001011 139.17887052364563
-72.140139018043939 97.486940186962471 139.65773513463239
-72.324904393563074 97.172751187984318 140.13433457748812
-72.509669769082237 96.858562189006165 140.61093402034382
-72.755472462841652 96.539907555110375 141.0559511661229
-73.001275156601068 96.221252921214585 141.50096831190197
-73.269787678956135 95.952414692890073 141.96532489076122
-73.538300201311188 95.68357646456559 142.42968146962045
-73.713943698446514 95.216979200825023 142.76350231286409
-73.769316916532404 94.69620514487022 142.85291406726097
-73.824690134618294 94.175431088915417 142.94232582165785
