-66.995298494654861 164.02018119740885 245.98355085279894
31.727608699934468 59.603608215883597 214.33717463674151
-66.995298494654861 164.02018119740885 245.98355085279894
-66.711334397887569 163.62867237512347 245.62846602656742
-66.428699202853664 163.20326543300627 245.31359100353984
-66.196766290541021 162.78607507083484 244.95005376212234
-65.95349011396705 162.32468925504349 244.65350725498038
-65.704969611186669 161.88000823838368 244.33649565721117
-65.456449108406261 161.43532722172387 244.01948405944199
-65.228744678148161 161.1204369623423 243.56232455009385
-65.062710873479745 160.70593232613632 243.16155194340635
-64.914056828840344 160.38458469135446 242.67715781396996
-64.584644794845161 160.01719253458037 242.33582115464364
-64.323658596777634 159.63129260440616 241.95771078939325
-64.06267239871012 159.24539267423191 241.57960042414282
-63.760557425215246 158.85090991929903 241.2432822729069
-63.417525509661836 158.5012921687055 240.89673280546873
-63.099267763503505 158.12246159949311 240.55732242430685
-62.781010017345167 157.74363103028071 240.21791204314499
-62.460490094846548 157.36720707985606 239.87795323854044
-62.100053707834505 156.97732328250618 239.59853198759168
-61.739617320822461 156.58743948515627 239.31911073664301
-61.497158984830641 156.07799525369745 239.11495263530634
-61.254700648838821 155.56855102223861 238.91079453396964
-60.911759884157121 155.16393962098542 238.63029275876056
-60.600521522241728 154.71121760000534 238.3891010221858
-60.351372269406355 154.2194583041917 238.15225203064807
-60.102223016570974 153.72769900837804 237.91540303911034
-59.889280903275548 153.21360950770543 237.69097567517392
-59.67633878998015 152.69952000703282 237.46654831123746
-59.306080173558357 152.3786254291345 237.12023165434539
-58.935821557136556 152.05773085123619 236.77391499745335
-58.826627916701526 151.47197686438432 236.70342375136093
-58.513051875725999 151.04438820173999 236.42264269412209
-58.182919335854379 150.67976149685759 236.07904427706438
-57.856224491676016 150.22971035870768 235.85382338141471
-57.554077781151079 149.76802866046324 235.61811726179735
-57.251931070626128 149.30634696221878 235.38241114217999
-56.949743445836134 148.83904920331381 235.15810009932616
-56.61839189579581 148.41114122785322 234.8990616565747
-56.287040345755472 147.98323325239272 234.64002321382313
-56.000417976723227 147.50604263719464 234.41611087754572
-55.713795607690962 147.02885202199656 234.19219854126831
-55.394005658042296 146.65946260382358 233.84393736650787
-55.093732962117144 146.19658694980313 233.60817808886014
-54.772676380113829 145.75316300720655 233.36262182588877
-54.440569958148856 145.3187748314912 233.11561527276049
-54.126116570664706 144.88035308153741 232.85311682273226
-53.863279622231801 144.39194874256776 232.62425454927046
-53.530912624738029 143.99979566585574 232.31482258033014
-53.255749533508833 143.51649984432092 232.08963283342283
-52.987326413813982 143.07753382882748 231.78099410277633
-52.643565353694235 142.65884536274265 231.52306329439375
-52.354566478596396 142.17726441976797 231.31197221084025
-51.993688670881774 141.77721114647233 231.04791807543515
-51.680812369905553 141.32293108246111 230.81182901654128
-51.367936068929318 140.8686510184499 230.57573995764741
-51.091637080776593 140.39083618999024 230.34047020002896
-50.815338092623868 139.91302136153061 230.10520044241048
-50.461801891708561 139.50941363255825 229.83666188697356
-50.054934081633647 139.10588344934763 229.65883619602073
-49.829421195688539 138.57807282195176 229.4840223525166
-49.52407069718241 138.12635307702482 229.23360201567235
-49.21872019867628 137.67463333209784 228.98318167882809
-48.863183192681063 137.27259823696613 228.71492579417617
-48.507646186685861 136.8705631418344 228.44666990952425
-48.179051819914719 136.42982538522148 228.20630358072154
-47.850457453143562 135.98908762860853 227.96593725191889
-47.548068440034498 135.51604713491767 227.75429232266319
-47.245679426925442 135.04300664122684 227.54264739340746
-46.893480293386595 134.61612765404573 227.31084985106131
-46.557005923968845 134.18588788818539 227.0624977973203
-46.220531554551101 133.75564812232508 226.81414574357927
-45.890441224090402 133.32698421555315 226.55474715305232
-45.56035089362971 132.89832030878125 226.29534856252531
-45.204039310538825 132.48333383490103 226.04871465923597
-44.847727727447953 132.06834736102081 225.8020807559466
-44.532441248509905 131.61074391921358 225.57582089153183
-44.217154769571877 131.15314047740631 225.34956102711703
-43.875911713077599 130.72657348298526 225.10138009379406
-43.5346686565833 130.30000648856421 224.85319916047115
-43.237184477617411 129.86618447563058 224.56457895265606
-42.981777981551787 129.37137617943543 224.34112365112145
-42.726371485486169 128.87656788324028 224.11766834958681
-42.289100761574709 128.64372087923192 223.77917671492756
-42.088524575213661 128.10899024965389 223.59524099991836
-41.754723207695058 127.68925369548633 223.32617247307388
-41.420921840176462 127.26951714131879 223.05710394622943
-41.123114265908001 126.82056481227785 222.79299704560577
-40.868904358119806 126.33306294445615 222.5527487331191
-40.614694450331591 125.84556107663445 222.31250042063249
-40.262639616942622 125.45490548140788 222.0236308995583
-39.910584783553666 125.0642498861813 221.73476137848411
-39.599434118909059 124.61147204370438 221.49356127638384
-39.272542031982951 124.17414890204284 221.24478420092797
-38.945649945056829 123.73682576038129 220.99600712547212
-38.627159230709125 123.27055560619092 220.7931381820984
-38.295652511195847 122.85613461163727 220.51321223797976
-37.964145791682562 122.44171361708364 220.23328629386111
-37.5911362775079 122.06687458878716 219.94980859597121
-37.218126763333217 121.69203556049061 219.66633089808153
-37.144130952723287 121.09715804435966 219.69173485080688
-36.787859112241122 120.72034861574983 219.3899318849663
-36.431587271758964 120.34353918713998 219.08812891912572
-36.091509165826658 119.93526114485091 218.80946079742876
-35.687434333600528 119.63398455048268 218.48395205154424
-35.283359501374392 119.33270795611445 218.15844330565974
-34.844097162701793 119.30954174362553 217.75038457897594
-34.778700175267133 119.50137309393526 217.18565104263089
-34.511585882723615 118.97077324757595 217.10130794710767
-34.298388908810239 118.4267800868071 217.23775753981826
-34.082304888495841 117.8817698268995 217.36531737973752
-33.94087441569949 117.30448918077298 217.28319261506604
-33.628835485593498 116.84899338349301 217.04834099220898
-33.353168531634736 116.3524713324266 216.85476004454131
-32.984210283325226 115.94359817927219 216.61665805875805
-32.683038715213129 115.46428713498634 216.41776962423631
-32.34169662357192 115.03364029569801 216.17687778899699
-31.965066753358094 114.64778390276972 215.91369575142775
-31.648488572563782 114.18633114926328 215.69727114162961
-31.317812030799253 113.73774978393112 215.47494754098543
-30.987135489034717 113.28916841859896 215.25262394034127
-30.694021151763128 112.81346669666304 215.03401045257564
-30.329259776720285 112.43645879845606 214.74278170405242
-29.885980234553717 112.17415037597257 214.43505205161244
-29.465172099128143 111.85232431555087 214.15336339370606
-29.275699143721926 111.29465225675042 214.03889997595655
-29.086226188315713 110.73698019794995 213.92443655820711
-28.693384735282592 110.37882325967215 213.64622944050106
-28.36898267921497 109.92586921749178 213.42352797734566
-27.970044887731586 109.52609248121223 213.22097625640495
-27.596416928719115 109.10361106464852 213.01625302640281
-27.175989258590942 108.75036616907542 212.7744708559639
-26.755561588462758 108.39712127350228 212.53268868552505
-26.530047544448319 107.86106564154943 212.38508185843398
-26.304533500433884 107.32501000959658 212.23747503134291
-25.876053775901187 106.98874121698859 211.98582363599138
-25.501530592347585 106.56081679260387 211.79447821013574
-25.029906628534576 106.36677989634741 211.4783761385695
-25.151988010468536 105.79140504828845 211.59686630865218
-24.731656811549563 105.50135697421243 211.28191583962547
-24.349907464678044 105.12624685689158 211.01069667354992
-23.968158117806475 104.75113673957075 210.73947750747442
-23.682501970693338 104.2589989818093 210.54921192203656
-23.299484617244751 103.85560880501598 210.32432512334913
-22.937140031877632 103.47030123483947 210.0410505607428
-22.600389184113766 103.02182324721109 209.82782213594177
-22.243026759630634 102.61890787540497 209.56333905381766
-21.958308957211397 102.14137864193759 209.33772521521368
-21.560008274980479 101.76097262928188 209.09971716478313
-21.125419431139484 101.42813689253695 208.85404887388171
-20.825548399634023 100.96025593148057 208.62785256368898
-20.525677368128562 100.49237497042419 208.40165625349624
-20.184111134737055 100.08546632408022 208.12280528660304
-19.790590496961052 99.71560971231483 207.86137155814058
-19.636432630525128 99.144162359296786 207.76296792535908
-19.189557001912206 98.882645046982191 207.45979987309838
-18.914037356461407 98.403853350763058 207.22560457723984
-18.531922110956948 98.049013694427188 206.92882729130898
-18.196544909036835 97.626953161336104 206.66541309495818
-17.861167707116714 97.204892628245034 206.40199889860747
-17.511619394064606 96.788441226477715 206.14825846665295
-17.16511461892734 96.389628149808487 205.86385985434146
-16.818609843790068 95.990815073139288 205.57946124202994
-16.48501364136456 95.544641416132293 205.35665495504441
-16.143975605803281 95.118685935018874 205.10714546342143
-15.802937570241976 94.692730453905455 204.85763597179852
-15.506474079706527 94.265247354293052 204.55869183265992
-15.210010589171072 93.83776425468065 204.25974769352135
-14.77149341501468 93.495059736073273 204.0355685221071
-14.442000610982959 93.074062792077584 203.76317897524893
-14.112507806951237 92.65306584808188 203.49078942839077
-13.755541807648157 92.277583465558592 203.18815391204117
-13.398575808345075 91.902101083035319 202.88551839569158
-13.101898107049502 91.43592891758027 202.65171109531596
-12.805220405753929 90.969756752125221 202.41790379494037
-12.444855919256119 90.674638846457825 202.03969372285653
-12.09012779882317 90.244464294374126 201.81806832874815
-11.75455462344021 89.813666205540954 201.56946492848763
-11.418981448057252 89.382868116707797 201.32086152822711
-11.055006829671713 88.988156085301171 201.05304649983259
-10.691032211286172 88.59344405389453 200.7852314714381
-10.391191418464233 88.154020010211241 200.50773911335784
-10.091350625642292 87.714595966527938 200.23024675527762
-9.6618687517763941 87.415124302782573 199.93722449906792
-9.2323868779104998 87.115652639037194 199.64420224285823
-8.9698381279364856 86.632209448851029 199.40472189763193
-8.7072893779624696 86.148766258664878 199.1652415524056
-8.2934483914443575 85.784986803840724 198.92775440301529
-7.9739306731966977 85.358723062539255 198.65169707096723
-7.6544129549490361 84.932459321237801 198.37563973891915
-7.3413211006988703 84.5242065038627 198.06692769200896
-6.9889599811831173 84.111574613906669 197.8108484760524
-6.6365988616673617 83.698942723950637 197.55476926009584
-6.3851916342485229 83.19431855426744 197.34946740093935
-6.0141324843642145 82.811998314685269 197.07352113498715
-5.653188452382893 82.402754458235236 196.82404393816353
-5.292244420401568 81.993510601785204 196.57456674133991
-4.9929508163475456 81.530960607142944 196.33693079913252
-4.6198571070398051 81.127865232648958 196.09544538935265
-4.3531355294407579 80.645252011645411 195.85892038231185
-3.9858796097354237 80.256667431955293 195.58666110539286
-3.6186236900300868 79.868082852265161 195.3144018284739
-3.3072161002562468 79.413031136423925 195.0778574374155
-2.9958085104823988 78.957979420582689 194.8413130463571
-2.6227957421700472 78.575846744955257 194.56775118334659
-2.278704036898668 78.1595320406459 194.30644108913043
-1.9346123316272803 77.743217336336528 194.04513099491433
-1.5747538032802795 77.335593769066051 193.7914680946281
-1.2148952749332746 76.927970201795588 193.53780519434184
-0.69830802540059034 76.763415037443465 193.28078532836784
0.85145372319745793 76.269749544387082 192.50972573044581
1.3680409727301408 76.105194380034945 192.25270586447181
1.8846282222628212 75.940639215682822 191.99568599849778
2.2955305911266897 75.764877609656168 191.59535226133715
2.5613568164191678 75.239475189735941 191.48007557206853
2.8276483074321925 74.733907222980804 191.29707318737059
3.0939397984452199 74.228339256225667 191.11407080267261
3.3380188485410343 73.809654773688692 190.76033541938864
3.6976142415774289 73.38428025108513 190.53729356496038
4.0572096346138258 72.958905728481596 190.31425171053212
4.4246958980325193 72.583739204575195 190.02407258389036
4.7921821614512163 72.208572680668794 189.73389345724866
5.1438809553328149 71.774254625051356 189.51554560416346
5.4968367180023892 71.363925354067973 189.2566013650451
5.8348829508331566 70.939091749265003 189.00117788785664
6.0825108677078825 70.419850079498957 188.83068301062318
6.445414598576912 69.997396807160683 188.60744745160085
6.8935886693720816 69.698429667069931 188.3433288202761
7.1509340835097985 69.175390786041447 188.20118921722772
7.4082794976475199 68.652351905012964 188.05904961417932
7.8663238967792122 68.361889922264538 187.80248156277395
8.2182700105092028 67.912611264011176 187.61732589780954
8.6166500620034281 67.510689955539092 187.41794536624354
8.9343823283136512 67.025391305761673 187.26454579822072
9.2521145946238743 66.540092655984253 187.1111462301979
9.6201672603748811 66.122700797442519 186.88682219747594
9.9882199261258897 65.705308938900771 186.66249816475397
10.374627753309902 65.266115702662333 186.52908792401757
10.761035580493918 64.826922466423895 186.39567768328124
11.135887720167284 64.441547552841428 186.12927188498921
11.456889214314229 63.964783017130216 185.95706962529582
11.777890708461175 63.488018481419019 185.78486736560245
12.206456496869739 63.134694445830895 185.55794559299903
12.553743554540059 62.682786238451207 185.37040713913538
12.905653355170298 62.236634901402894 185.17777153320961
13.33635241000502 61.935792888228207 184.88795709727952
13.767051464839744 61.634950875053526 184.59814266134941
13.846097551721419 61.040181021555952 184.59740950436489
14.205064950696945 60.576080425375878 184.47189837697755
14.615657597637698 60.184526009058494 184.27670919351561
15.026250244578453 59.792971592741118 184.08152001005368
15.247451911247206 59.249080091669654 183.95802159822097
15.627715891922971 58.862641333352585 183.70099165624731
16.007979872598735 58.476202575035508 183.44396171427366
16.344801744804005 58.017074246405286 183.25487918135917
16.679058516851086 57.541840049708824 183.10512982866965
17.179923205224593 57.291550157674422 182.88951551122778
17.481785929661893 56.805292546302624 182.70942544770878
17.783648654099192 56.319034934930826 182.52933538418978
18.055599302009618 55.805302935362 182.38059978750854
18.445837709278166 55.36018617838787 182.4785030977352
18.771797028461158 55.121088768704681 182.03512633817223
19.034757413105257 54.618603162836493 181.83926911465696
19.340826693223537 54.142526009653388 181.64009045117879
19.646895973341827 53.666448856470268 181.44091178770068
19.949300174170808 53.174965835828246 181.27660676726131
20.339230745136927 52.809186588945614 181.00428399484593
20.719836820945105 52.406261170288062 180.77452298410316
21.09891337574587 51.998594448062647 180.55067301383207
21.477989930546631 51.59092772583724 180.32682304356095
21.486288842554902 50.991043731691306 180.33520884268768
21.955739755715506 50.766652953854532 180.03643699168012
22.425190668876105 50.542262176017758 179.73766514067256
22.509087868080947 49.949968545750629 179.69130227287337
22.768714673610759 49.431697747535374 179.53641747191568
23.10063982729941 48.972622045682186 179.33874301145917
23.477995045734996 48.557945867802694 179.12509211251728
23.775084268103821 48.075643938260754 178.92729716133698
24.07217349047265 47.593342008718835 178.72950221015668
24.368091232979818 47.165695539003885 178.43025116736851
24.726513948270533 46.789590096383833 178.13012144009178
25.084936663561248 46.413484653763774 177.82999171281506
25.443359378851959 46.037379211143744 177.5298619855383
25.143235188066981 45.59646877403641 177.80467729907721
25.600359082784202 45.196894447631024 177.50092949042113
94.801584068986273 -1.7149400463475395 213.38907664073844
94.460287862007277 -1.7552314629967647 213.38554545926453
12.899288284950117 61.526231378932053 207.0325095979731
12.299720849480718 61.543615636500434 207.04722958144603
11.700153414011314 61.560999894068821 207.0619495649189
11.145024294739603 61.336340615823602 207.09882597519635
10.593231076371231 61.101915163004762 207.12267867385623
10.039411938122125 60.757975976764001 207.25491933406971
71.018817183679218 27.326903248155531 217.21089701523891
71.370337453342685 27.293426233213403 217.19503463293944
-7.8700878620072787 65.320430571346236 179.70320790470447
-7.4813716596561832 65.334550002480086 179.7171739022204
21.190108589568425 58.36584086679396 206.55329021348024
21.653754365570158 58.343766362745917 206.93348136364921
22.027386797938497 58.607080766263138 207.3221513140993
22.44456352264611 58.778238480743219 207.71796518088036
22.861740247353691 58.949396195223315 208.11377904766147
23.330485788121738 58.855512036834213 208.47635784297864
23.799231328889789 58.761627878445118 208.83893663829576
24.271992826801412 58.717614694912356 209.20576003690562
24.74475432471306 58.67360151137958 209.57258343551544
25.249169706392731 58.600604065243431 209.88918491305867
25.719611195088362 58.683421701668848 210.25226347867601
26.126840197347708 58.880331135469156 210.64646040230596
26.596762526683996 59.046927189937733 210.98025488851962
27.098047461676043 59.054436933957028 211.30988652792152
27.585218403525765 59.050625040599392 211.66010066653718
28.081261413347185 59.142115315232367 211.98501736671568
28.577304423168634 59.233605589865341 212.30993406689419
29.114169027142065 59.273168584752078 212.57490796454459
29.638105383353423 59.337799487767356 212.86006325735079
30.162041739564806 59.402430390782627 213.14521855015695
30.62431480012102 59.476966910305791 213.52038241401027
31.086587860677223 59.551503429828962 213.89554627786364
31.727608699934468 59.603608215883597 214.33717463674151
