57.349625152920304 -142.64092085098338 113.83597403090816
-104.9851990807754 -61.328244913899958 100.41971975818407
57.349625152920304 -142.64092085098338 113.83597403090816
56.810367626212873 -142.38022761360739 113.80075534445029
56.269824703658188 -142.12269393105515 113.76215804885706
55.729281781103495 -141.86516024850289 113.72356075326384
55.15462040266609 -141.69985985425427 113.67416358944176
54.65071112000804 -141.3742242407472 113.68023665019518
54.10353836712801 -141.13364673350384 113.628040467248
53.55636561424798 -140.89306922626048 113.57584428430084
53.029936061632931 -140.60791459623368 113.53636311020723
52.494090980865693 -140.3392791202329 113.50981070068619
51.935949949771398 -140.11981034133527 113.49214591939176
51.377808918677125 -139.90034156243757 113.47448113809733
50.848978658394039 -139.61753144996288 113.45558679791388
50.327765368442627 -139.32100449932932 113.43537606002531
49.771990515734657 -139.09584382654785 113.41495586095593
49.231399635548861 -138.85230063721491 113.32304168800371
48.686439901868368 -138.60718641073328 113.26883924670088
48.141480168187876 -138.36207218425162 113.21463680539803
47.593420965522562 -138.12160896416179 113.17210975332645
47.045361762857247 -137.88114574407197 113.12958270125492
46.503029495253401 -137.62744370192894 113.09071130652653
45.96069722764954 -137.37374165978596 113.05183991179817
45.488806593153399 -137.00939785417393 112.98421727958855
44.924059041373503 -136.81353577309963 112.93227261714996
44.380867894651942 -136.56091074045023 112.8987469403902
43.85586585066671 -136.27269274466113 112.86264651498227
43.330863806681478 -135.984474748872 112.82654608957435
42.742946250091734 -135.86785141604486 112.7991244759485
42.250182772286301 -135.53361250270683 112.72517514362076
41.735924955741282 -135.22923407593342 112.67139158258877
41.182955454348772 -135.00098625140018 112.62526500537385
40.63415878107616 -134.7627627757667 112.57974811771624
40.11005170559887 -134.47146280697689 112.55839158200251
39.581014909493383 -134.1930644643023 112.50726007349274
39.051978113387904 -133.9146661216277 112.45612856498296
38.504810277715556 -133.680414101769 112.3804096717148
37.99623285254993 -133.36477033960878 112.33896069077147
37.434362618588111 -133.15748129854481 112.30244913585429
36.872492384626298 -132.95019225748084 112.26593758093711
36.360906255362785 -132.64112759490689 112.21341456985397
35.849320126099272 -132.33206293233297 112.16089155877084
35.327872331682265 -132.04431339168679 112.08814267867254
34.806424537265272 -131.75656385104062 112.01539379857425
34.267523663994908 -131.49765112278152 111.96489579926863
33.728622790724543 -131.23873839452239 111.91439779996301
33.19946939930459 -130.95674738143342 111.89254014945354
32.692648894478957 -130.65318068673554 111.7877535197792
32.165896005685582 -130.38487287676929 111.68507775214653
31.618902048166298 -130.14165935211679 111.64452171852035
31.071908090647014 -129.89844582746426 111.60396568489416
30.580750595473784 -129.56848221205917 111.50452561528456
30.048045470130614 -129.30870410160685 111.41103453141588
29.513036763043971 -129.03745145338846 111.39733474397261
28.973660636736192 -128.77789624256917 111.35604931184744
28.446723533121855 -128.50588551843308 111.26468490526864
27.919786429507525 -128.23387479429698 111.17332049868985
27.39166467986745 -127.95305629083104 111.12611471865971
26.850555248384104 -127.70040398122175 111.06808547078542
26.321930009219471 -127.42401813031616 111.00353922428478
25.793304770054835 -127.14763227941054 110.93899297778417
25.264679530890199 -126.87124642850495 110.87444673128353
24.704440369389634 -126.68274919983824 110.77148617230043
24.18051192430196 -126.39424295173569 110.72391381442522
23.648469506041675 -126.13187008801819 110.633961907517
23.116427087781389 -125.8694972243007 110.54401000060879
22.59010301771405 -125.59055173375312 110.47209069464084
22.064098475697719 -125.30886883465435 110.40905129320413
21.511894701180143 -125.08896421554239 110.32711869955688
20.990513990398153 -124.81106637918558 110.22254840275764
20.446426646370771 -124.5622862763839 110.17696965201549
19.921491909078785 -124.28112040386718 110.10355797912823
19.403642719497974 -123.98744516540162 110.02881126573763
18.874357789207338 -123.71619590744444 109.94955659631735
18.316866247809536 -123.50026068561533 109.89881054973716
17.803059804931063 -123.19552421021493 109.84278716339625
17.289253362052602 -122.8907877348145 109.78676377705533
16.746814967382893 -122.64765994574778 109.70521951808095
16.20437657271318 -122.40453215668106 109.62367525910661
15.643919241061601 -122.20583445417788 109.54363275528551
15.083461909410019 -122.00713675167472 109.4635902514644
14.61026547789759 -121.64944992922035 109.37333907836171
14.137069046385156 -121.29176310676601 109.28308790525905
13.607505387318961 -121.01785080138602 109.21575010044
13.073357626927834 -120.75465917109946 109.14215434094099
12.53920986653671 -120.49146754081286 109.06855858144198
12.032795237795678 -120.18486364019529 108.97089450450896
11.526380609054639 -119.87825973957774 108.87323042757596
10.989085244633511 -119.61541206027661 108.82606276007402
10.485306007527395 -119.30389202014207 108.73034575607076
9.9476715004246845 -119.04167331545889 108.68354310992012
9.4181037300238835 -118.76487650962204 108.62930746821436
8.8916251984085015 -118.48787604589839 108.55126197606403
8.3651466667931214 -118.21087558217471 108.47321648391372
7.8194177414719519 -117.96804876681044 108.41651482778403
7.2887350801189772 -117.69376437852468 108.3604435581174
6.7580524187660016 -117.41947999023891 108.30437228845074
6.2156455626508889 -117.18210563152931 108.2071703529426
5.6732387065357726 -116.94473127281974 108.10996841743444
5.204384173433124 -116.5706578290831 108.09433238596549
4.6595655372780476 -116.32230893623962 108.05566093497717
4.1147469011229703 -116.07396004339614 108.01698948398889
3.6131244491666834 -115.75267545184545 107.94521813228457
3.0696978894741944 -115.50377785655016 107.89289642286091
2.5262713297817028 -115.25488026125488 107.84057471343729
1.9409787819907021 -115.29507006503016 107.9663420111455
1.3556862341996987 -115.33525986880541 108.09210930885369
0.78807528189942011 -115.5061242747452 108.18497028888086
-0.9147575750014113 -116.01871749256463 108.46355322896238
-1.4823685273016882 -116.18958189850443 108.55641420898958
-2.0811014992803738 -116.18634913189442 108.59525204473792
-2.6363354805843455 -115.95925751322973 108.58322612533068
-3.1915694618883124 -115.73216589456501 108.57120020592345
-3.697878562410382 -115.41228368446696 108.53477951961322
-4.2231970348720136 -115.12246677970924 108.52794839911682
-4.7701141615089897 -114.87573886168011 108.52530433857223
-5.3329386753450194 -114.6744581450439 108.47320213386215
-5.8581735431399746 -114.38461316777452 108.46232910281606
-6.3857327953175531 -114.10054358185089 108.43093315092726
-6.9329794819080348 -113.85877213302922 108.38546194519863
-7.4444010971360584 -113.55146553941066 108.32213273395999
-7.9890623701902923 -113.30340301956699 108.27959940721784
-8.5056715042408193 -113.00079481286949 108.24031485739377
-9.053148780299427 -112.75789947490037 108.20467096601934
-9.5651121889654309 -112.45504129805541 108.12611911750366
-10.077075597631431 -112.15218312121041 108.04756726898799
-10.600301977908179 -111.87446483985923 107.95213817915771
-11.168035634307151 -111.68075974325998 107.96466139533121
-11.658989171056291 -111.34342550491719 107.89275703944637
-12.189296415573684 -111.06941824784192 107.83197670148704
-12.719603660091071 -110.79541099076661 107.77119636352772
-13.232587007096217 -110.4934985609959 107.69571808555759
-13.745570354101355 -110.19158613122518 107.62023980758745
-14.270389819306502 -109.90918610519084 107.55085137744534
-14.795209284511646 -109.6267860791565 107.4814629473032
-15.321267159864536 -109.35599685481509 107.38178191721333
-15.820331351733481 -109.02814291780894 107.3230730730434
-16.358677626077089 -108.7737601778841 107.24909530253979
-16.875703738221919 -108.48383548948546 107.15621002697173
-17.392729850366759 -108.19391080108683 107.06332475140371
-17.925781567405419 -107.92293534982309 107.01404826842709
-18.449215725963626 -107.64039229426585 106.93539648261878
-18.977006803719657 -107.36943075228844 106.84586201433785
-19.504797881475689 -107.09846921031104 106.75632754605689
-20.024336563673995 -106.80676599348919 106.68569617204056
-20.562606017339938 -106.55482100222375 106.60329643523016
-21.04344093716081 -106.20959847096211 106.50521899750795
-21.592567268813589 -105.98385781510706 106.41860821192267
-22.116075529362352 -105.7019475634512 106.33819856605518
-22.639583789911111 -105.42003731179534 106.25778892018768
-23.17880807327866 -105.1663317840751 106.18799868139347
-23.718032356646226 -104.91262625635491 106.1182084425993
-24.213724864851358 -104.57905311343669 106.0632730657192
-24.709417373056489 -104.24547997051846 106.00833768883911
-25.241235387588222 -103.99214936859821 105.89434994585653
-25.773053402119967 -103.73881876667799 105.78036220287399
-26.29998433693687 -103.45186320026471 105.78090334742146
-26.827521772194086 -103.17758199228963 105.70044172082859
-27.355059207451301 -102.90330078431455 105.61998009423576
-27.865009172805259 -102.60083478105844 105.52797275914892
-28.37495913815922 -102.29836877780235 105.4359654240621
-28.944749757852115 -102.14536829683844 105.32674316197786
-29.478002047989264 -101.88452874656642 105.23953809287416
-30.013158776895729 -101.62821843370929 105.15058698816367
-30.544938037340454 -101.37575790121738 105.03450728410326
-31.078794084951777 -101.1192803996646 104.9385020153621
-31.6126501325631 -100.86280289811182 104.84249674662101
-32.146553299664241 -100.60832252424726 104.74156534676385
-32.680456466765385 -100.35384215038269 104.6406339469067
-33.207951372653525 -100.07788528472349 104.56582129719011
-33.754368257061245 -99.84470757176048 104.48181687699984
-34.311018755459109 -99.643459763290238 104.38363570660894
-34.862411719362555 -99.412838475729501 104.33091359472409
-35.413804683265994 -99.18221718816875 104.27819148283925
-35.975594922741877 -98.9715259900143 104.27721893470398
-36.537385162217753 -98.76083479185985 104.27624638656872
-37.078580709310316 -98.53899149028544 104.41001084131565
-37.659918375852172 -98.63701873184003 104.29848874766211
-38.050753764171013 -98.249065872910791 104.06028656781002
-38.48217637498788 -97.854736750926136 103.92471712276146
-39.030180889103903 -97.630966257076182 103.82664664509055
-39.576003809317449 -97.392610108746936 103.75409537822907
-40.066747880771935 -97.049562337248332 103.7155145176616
-40.617817212356627 -96.822202227938718 103.64747061652774
-41.168886543941326 -96.594842118629074 103.57942671539392
-41.7352729540182 -96.40960224068094 103.50947943454619
-42.259380231399014 -96.119894930078303 103.47231445129776
-42.783487508779828 -95.830187619475666 103.43514946804933
-43.326406712025154 -95.575980449842774 103.41030085330547
-43.845352655679733 -95.275546180813549 103.38945960676574
-44.382131618297834 -95.011981558304939 103.34044904614329
-44.918910580915934 -94.748416935796314 103.29143848552087
-45.455689543534035 -94.484852313287703 103.24242792489841
-46.019056763220746 -94.291320488746194 103.17057523759929
-46.54276172358464 -93.999320000484005 103.14892277019041
-47.075180006173341 -93.723391874762342 103.12906221125986
-47.60143562753948 -93.435532347010081 103.11520893501249
-48.12769124890562 -93.147672819257821 103.1013556587651
-48.665576680129952 -92.882410488294454 103.0836029505634
-49.183717196101597 -92.580739763688783 103.06068615269518
-49.721877879744582 -92.317634962395189 103.02664291376043
-50.193161355140425 -91.947641185969701 102.99507566451032
-50.743398870647695 -91.711767749945125 102.95504569191037
-51.255643707996114 -91.400044990925252 102.93420947058966
-51.767888545344533 -91.08832223190538 102.91337324926897
-52.29167892455915 -90.796820384292587 102.88748287498552
-52.815469303773774 -90.505318536679781 102.86159250070209
-53.321718562347122 -90.183702699665162 102.84501113841429
-53.827967820920456 -89.862086862650528 102.8284297761265
-54.314389449122288 -89.510841234202999 102.82390118760713
-54.800811077324127 -89.15959560575547 102.8193725990878
-55.375765077342329 -88.988285607999572 102.81038468876643
-55.865965677960979 -88.643503976112626 102.7815923726649
-56.356166278579643 -88.298722344225695 102.75280005656339
-56.87665522370073 -88.002722298394318 102.71439132221106
-57.397144168821832 -87.706722252562926 102.67598258785873
-57.925315766778965 -87.435470520324571 102.58962715450855
-58.443697498106438 -87.138324432511268 102.53499581622017
-58.955738875738163 -86.827202615262351 102.50310784945
-59.451474434943826 -86.49318694490259 102.45134118746405
-59.991168380178372 -86.244726561946749 102.36768783380377
-60.477199989491581 -85.905500528365906 102.274419549326
-60.982388610152348 -85.588594143916481 102.2084286329052
-61.512165663916889 -85.324953770769113 102.10928214052508
-62.041942717681437 -85.061313397621745 102.01013564814497
-62.551719516951792 -84.750291131874732 101.95188820068788
-63.067439629948623 -84.448835646715096 101.89569784993529
-63.621876737915137 -84.230254910322145 101.82625755192579
-63.816726345308552 -83.665157409201214 101.7743109954902
-64.346556870586141 -83.93899348295389 101.70878680762198
-64.78795102479468 -83.566108807216622 101.54714455067523
-65.290279271551483 -83.242563886795566 101.49250924176268
-65.706744827302444 -83.033742728665587 101.11442173232828
-66.227165601149451 -82.737679090992998 101.15326166791722
-66.747586374996459 -82.441615453320381 101.19210160350613
-67.248827606955018 -82.113900865656916 101.15521832250742
-67.750068838913563 -81.786186277993437 101.11833504150871
-68.250522515836309 -81.456338337026722 101.09101374771541
-68.75097619275904 -81.126490396060007 101.06369245392212
-69.305166698682001 -80.899000297947197 101.09717585884866
-69.789802628913748 -80.653597055849133 100.84241074370108
-70.274438559145509 -80.408193813751069 100.5876456285535
-70.759074489377269 -80.162790571652991 100.33288051340595
-71.224953804228988 -79.799219317044816 100.43667071918635
-71.771947565529658 -79.670092898963333 100.22661312410449
-72.245143248708501 -79.305092362524078 100.17312991346809
-72.718338931887331 -78.940091826084839 100.11964670283169
-73.246487171706164 -78.67125070698583 100.0259242964506
-73.787793101959224 -78.431925477920814 99.927378243227452
-74.30244076788361 -78.128572569996237 99.871567910740794
-74.81708843380801 -77.825219662071646 99.815757578254122
-75.302580451162825 -77.472896015071939 99.828624157036529
-75.818076330516732 -77.16600834590264 99.819461358283988
-76.364489350045631 -76.918209237508421 99.814130882850392
-76.863521741815546 -76.587681398183904 99.772681885324928
-77.381994907660186 -76.286669140912437 99.748656955119671
-77.945882216948419 -76.087051982868473 99.701922678211474
-78.477009296193188 -75.811788096442072 99.655729404649804
-79.008136375437957 -75.536524210015642 99.60953613108812
-79.571597131114316 -75.338002384672649 99.553848954151974
-80.056598790165111 -74.984924598769339 99.543386267136285
-80.594156327088754 -74.718933441034125 99.526635192446562
-81.131713864012383 -74.452942283298881 99.50988411775684
-81.668615500910832 -74.185747721132557 99.491345017333288
-82.205517137809281 -73.918553158966219 99.472805916909721
-82.75987799930968 -73.697865538733097 99.409710675311175
-83.314238860810065 -73.477177918499962 99.346615433712628
-83.73485306740325 -73.061054984543517 99.246989166857617
-84.298017375496329 -72.854631851598739 99.262333621077715
-84.817542484984187 -72.554925815866142 99.245903381971999
-85.337067594472046 -72.255219780133515 99.229473142866283
-85.865892801971015 -71.971998289234165 99.218093907108852
-86.402545150987748 -71.70371053239009 99.223186629601912
-86.957618407370205 -71.476204465476897 99.211581907861671
-87.48952155540465 -71.198683541782913 99.203760269727894
-87.999446259759878 -70.882611174961198 99.195096851236841
-88.509370964115092 -70.56653880813947 99.186433432745787
-89.03996587059963 -70.290538499460993 99.138549460249322
-89.540691578412265 -69.965715820959446 99.077198070154026
-90.041417286224871 -69.640893142457884 99.015846680058729
-90.569894849196174 -69.358268715549059 98.986952065502379
-91.074630623003301 -69.033895631076177 98.982063230378245
-91.579366396810428 -68.70952254660331 98.97717439525411
-92.101798510114804 -68.415155071955198 98.997483921531682
-92.650021958248146 -68.17304684026189 99.026374318952378
-93.123956386348482 -67.810497605446699 99.089177266304617
-93.649843850116184 -67.52752653870246 99.147226821321041
-94.175731313883873 -67.244555471958236 99.205276376337466
-94.694015769599815 -66.942320382138135 99.211207096753867
-95.207016333213232 -66.631304809872589 99.221193865032561
-95.753746200950218 -66.388165612466736 99.265576095813969
-96.248101144964934 -66.050107652621193 99.30204533097556
-96.742456088979651 -65.712049692775636 99.338514566137135
-97.23681103299441 -65.373991732930165 99.374983801298768
-97.792998197040689 -65.151106579822766 99.406257545469472
-98.305712367227301 -64.839943829172043 99.423633456879671
-98.818426537413899 -64.528781078521305 99.441009368289869
-99.373082306431826 -64.301116899596735 99.463944047919497
-99.891212058386287 -63.999890123556746 99.492298757161009
-100.40934181034075 -63.698663347516764 99.520653466402507
-100.91503616108848 -63.375873807218383 99.529605354236111
-101.43372550120283 -63.084218697464756 99.606408123758712
-101.95241484131718 -62.792563587711143 99.683210893281341
-102.41625269474723 -62.454943080497081 99.85890050263238
-102.89610325068531 -62.147904345020336 100.04723706011059
-103.37595380662344 -61.840865609543641 100.23557361758878
-103.92377939327359 -61.626007347960034 100.35271905728102
-104.47160497992374 -61.41114908637644 100.46986449697324
-104.9851990807754 -61.328244913899958 100.41971975818407
