-84.6944163387342 -111.0509755233201 466.65307530297031
-96.778473251826668 -189.72870476717307 449.81303982785255
-84.6944163387342 -111.0509755233201 466.65307530297031
-84.491840913726534 -111.60387293958304 466.7682605636279
-84.463071191044577 -112.20170849317094 466.81027191831993
-84.630436037976452 -112.76840609893259 466.70614299997595
-84.797800884908312 -113.33510370469426 466.60201408163203
-84.641074155276129 -113.90612554553302 466.69881691993703
-84.679416877794353 -114.50053466423178 466.77098086687482
-84.679724933533151 -115.09975642525326 466.74043277004409
-84.805905743512682 -115.61828352374482 466.46619190634431
-84.932086553492198 -116.13681062223637 466.19195104264446
-84.97961075241713 -116.59487241681616 465.807346254761
-85.027134951342049 -117.05293421139602 465.4227414668776
-85.082414666763555 -117.64796925906698 465.36909964451741
-85.088139309506488 -118.24656295533157 465.40975447519929
-85.09386395224945 -118.84515665159616 465.45040930588129
-85.370199055628362 -119.24958178097896 465.10388481127194
-85.667250000270215 -119.61303340302092 464.73016880315555
-85.83381174717384 -120.15142533151223 464.52427728850807
-85.840538102579728 -120.75011952926559 464.56326464183451
-85.796767359894289 -121.34763851353379 464.53078102251845
-86.064936484932915 -121.82306560047607 464.28167380588758
-86.139618908317644 -122.41179300530371 464.19322846433533
-86.40900631029011 -122.8687949540415 463.91290785055816
-86.67839371226259 -123.3257969027793 463.63258723678109
-86.66068778935427 -123.92504468667762 463.65684818867737
-86.82323343626615 -124.45947398445405 463.43784079531315
-87.039388984415297 -124.89682637949731 463.08855629586571
-87.230011889072756 -125.37995855084789 462.78814622075834
-87.289548444990288 -125.97475652855103 462.73646678355419
-87.394417246763084 -126.54945280338013 462.59962115478839
-87.564319986988608 -127.05950108099617 462.33319327830998
-87.794917626195371 -127.55406987107781 462.08374099696249
-87.902331190004347 -128.11073511230848 461.88730745727173
-88.009744753813294 -128.66740035353911 461.69087391758075
-88.165263248886333 -129.20750917285062 461.48088234395902
-88.268985919787625 -129.786199678625 461.36105369100943
-88.372708590688916 -130.36489018439937 461.24122503805995
-88.613250731559276 -130.783255288372 460.88469997829071
-88.643668614137752 -131.38157629095264 460.85173438576857
-88.778586214874991 -131.9263789712069 460.63963233344691
-88.913503815612231 -132.47118165146117 460.4275302811252
-89.122023914853202 -132.98026418706149 460.18804261931507
-89.330544014094173 -133.48934672266182 459.948554957505
-89.227068723394652 -134.06549132845609 460.0802753334109
-89.550445691173707 -134.31686446275393 459.64182478424561
-89.805596675516185 -134.7258370028996 459.2845581658836
-89.878364209310362 -135.30975645396867 459.16732779145497
-90.011834811525645 -135.88203131776123 459.04613753353181
-90.145305413740942 -136.45430618155382 458.92494727560859
-90.141800496806425 -137.05429118105738 458.92733807630884
-90.412738659658928 -137.49164933450751 458.61861432030554
-90.534734341380869 -138.06351196285615 458.48411455101439
-90.772895573222598 -138.53958130416589 458.20728028667463
-90.803147074668146 -139.13816976522764 458.17941093174858
-90.833398576113694 -139.7367582262894 458.15154157682264
-91.033799608519999 -140.26835855171339 457.95856354641609
-91.177460964087345 -140.82301220516374 457.78046037510592
-91.321122319654719 -141.37766585861411 457.60235720379586
-91.323616678034711 -141.97617512927636 457.64455235882122
-91.326111036414687 -142.5746843999386 457.68674751384651
-91.613177021137119 -142.93645599250135 457.30371431002476
-91.722825167429818 -143.48935461279066 457.0980923275016
-91.860640276894912 -144.03180664666033 456.88186840062536
-91.998455386360021 -144.57425868053002 456.66564447374924
-91.997868715613578 -145.17261425014343 456.62125677128472
-92.140545746110021 -145.72993686372314 456.45086085184596
-92.283222776606465 -146.28725947730283 456.28046493240709
-92.480676874297842 -146.82548553819126 456.10347739983655
-92.560419337880006 -147.41582307699903 456.03176457130331
-92.539282342377831 -148.01484677768892 456.05866872401111
-92.68901567860587 -148.42684183467296 455.64898591860828
-92.85269782121145 -148.96549114189344 455.44146464253538
-92.912755014387585 -149.55197587002715 455.32998012695691
-92.97281220756372 -150.13846059816086 455.2184956113785
-93.3050606938979 -150.55161287107961 454.93757543995832
-93.119146443359057 -151.09723026199691 455.10412139210121
-93.241930541213137 -151.63266371243856 454.86280192446077
-93.358136674905481 -152.20439802296798 454.72274474808012
-93.495320871944585 -152.75666015840105 454.53251586002773
-93.632505068983704 -153.30892229383412 454.34228697197534
-93.706252784556312 -153.89488596740964 454.23641984913866
-93.869504028040041 -154.4324577383214 454.02578836379087
-93.905029535537182 -155.03007202001598 453.98584955269496
-93.914438217347325 -155.62990386331612 453.9752082900938
-94.077236795855953 -156.16565984720256 453.75965748734541
-94.240035374364609 -156.70141583108898 453.54410668459712
-94.376700670949248 -157.2446660079587 453.32916054706391
-94.441619747645319 -157.83977930555201 453.28884086813997
-94.393479978029859 -158.4373631549434 453.31284306653816
-94.345340208414342 -159.03494700433478 453.3368452649367
-94.610444423337256 -159.45318990013715 452.99803464624102
-94.740664957336605 -160.00994161593979 452.81618267491342
-94.870885491335954 -160.56669333174244 452.63433070358587
-94.794863551159693 -161.15003183006752 452.75238518670147
-95.112022500338867 -161.50943171844051 452.39149473075531
-95.166223309803541 -162.09649253394295 452.28004128237899
-95.220424119268188 -162.68355334944539 452.16858783400255
-95.274624928732877 -163.27061416494786 452.05713438562634
-95.363089332628746 -163.85738533826762 451.96840085529931
-95.426843752631825 -164.44221276399577 451.85045062831239
-95.48135217286827 -165.02844146037296 451.73484462644745
-95.64856064257674 -165.50362683898632 451.40889956419034
-95.779448491191729 -166.08454841649967 451.33542513418672
-95.910336339806719 -166.66546999401299 451.26195070418316
-95.866134931320431 -167.2637869468501 451.26989170132191
-95.861779416520193 -167.85957719534719 451.34070843159526
-95.958202408784686 -168.24684454373929 450.89268320079663
-96.031500719328577 -168.77454824249352 450.61671913793242
-96.077079354647225 -169.35497293319486 450.47170270290951
-96.128408751066544 -169.95178940764768 450.43741875790693
-96.169398367165499 -170.54958060015116 450.40634559364406
-96.21038798326444 -171.14737179265467 450.37527242938114
-96.214383288261686 -171.74556001038829 450.42169326201736
-96.34211278335799 -172.31551349679935 450.28444094178076
-96.34298000334428 -172.9155033954211 450.28781280793754
-96.343847223330584 -173.51549329404284 450.29118467409432
-96.300570965037224 -174.00611923942969 450.63384098467589
-96.322550029519263 -174.6056083466176 450.62245102912084
-96.313037043250674 -175.20548496470775 450.63003694772044
-96.33907964603118 -175.75808467593956 450.39775405556748
-96.365122248811687 -176.31068438717142 450.16547116341462
-96.388567852424885 -176.84102704846492 449.88585184132955
-96.475494956629944 -177.43469127512884 449.8883943861282
-96.562422060835019 -178.02835550179276 449.89093693092684
-96.321367901776711 -178.52750419354248 449.66127745273087
-96.392350421858652 -179.12137170642529 449.70905672632506
-96.383003031482858 -179.72129163715368 449.71200681242965
-96.517452304621315 -180.30281154196146 449.65070433886706
-96.571191305279001 -180.90001942455228 449.6293767797074
-96.547472229415476 -181.49603843474037 449.69417450292804
-96.568740383915625 -182.0948939900421 449.6638481202155
-96.590008538415773 -182.69374954534382 449.63352173750297
-96.656312011843752 -183.23580567464896 449.8820755588257
-97.017278531512815 -183.7021101042416 449.99281557246258
-96.947509260998103 -184.22740704570089 450.27423229582018
-96.87773999048342 -184.7527039871602 450.55564901917785
-96.892020689983283 -185.28471681786544 450.278595938367
-96.877118046936374 -185.87009150278692 450.14777396206603
-96.862215403889493 -186.45546618770837 450.01695198576488
-96.545079268164514 -186.85068331310487 450.3382432791588
-96.792840723453338 -187.32312086049239 450.06362167569034
-96.623291636895004 -187.80848140224626 449.75430266276737
-96.574353570060964 -188.40513516163097 449.71418587043979
-96.676413410943809 -189.06691996440202 449.76361284914617
-96.778473251826668 -189.72870476717307 449.81303982785255
