108.4740522848856 -36.353597056904832 433.51193680224026
-76.108101713630305 59.112447228167049 337.40841585147172
108.4740522848856 -36.353597056904832 433.51193680224026
108.14195640682496 -36.186749157006311 433.04090165909849
107.80986052876435 -36.019901257107804 432.56986651595673
107.25878839829747 -35.820743172674213 432.44081007703392
106.72201164543642 -35.620495507561365 432.2625642069421
106.30411876305102 -35.227926487350331 432.08577307814267
105.88622588066565 -34.835357467139282 431.90898194934323
105.41728360261759 -34.543565228913671 431.67456686968671
105.00912918015297 -34.165766209412581 431.44944941526217
104.60097475768832 -33.787967189911498 431.22433196083767
104.08229744325399 -33.620593928343695 430.97341357808472
103.54430678471144 -33.515609855842655 430.72939637409684
103.04022789188396 -33.235931650842772 430.56300956135658
102.51150012320269 -33.018658744704567 430.38069271933807
102.04499285455049 -32.681285739439133 430.21172401332177
101.53245747511048 -32.416356730343082 430.04704218383938
101.0093253083017 -32.181400379366615 429.8706101879153
100.49532062238634 -31.94769698444258 429.66767693273505
99.98131593647102 -31.713993589518548 429.46474367755479
99.484230884871153 -31.44545296880845 429.26277242587628
98.987145833271313 -31.176912348098369 429.06080117419771
98.491451390990903 -30.92423222552231 428.8362131612779
97.995756948710508 -30.671552102946254 428.61162514835803
97.543837234923757 -30.357427603470292 428.37268086380647
97.091917521137049 -30.04330310399434 428.13373657925479
96.653736221922571 -29.714479676061153 427.88904840573389
96.21555492270808 -29.385656248127965 427.64436023221305
95.772640480432386 -29.075352253821997 427.38447905178361
95.329726038156565 -28.765048259515943 427.12459787135458
94.898183760095492 -28.476556420368752 426.82369303425264
94.454889055599125 -28.215206825083822 426.51517043538854
94.04995331662272 -27.857692685734328 426.25399867683717
93.561113298780683 -27.648843679274165 425.97575861959024
93.142682113698598 -27.327151414267604 425.69040019587408
92.724250928616499 -27.005459149261036 425.40504177215797
92.315010664685389 -26.685893096373604 425.10437593735207
91.875174688565437 -26.408741733036742 424.80482387858575
91.416179169674521 -26.175509926609315 424.49672318383057
90.957183650783648 -25.942278120181918 424.18862248907527
90.634514046347775 -25.497547889472948 423.94758442513773
90.205370981919131 -25.178702165777562 423.67523605496825
89.772826640253442 -24.8751061870916 423.39109722583942
89.320059409086141 -24.591687029564934 423.11782919710578
88.906121734097994 -24.249115300750017 422.85080820197209
88.510726201458525 -23.913128567316054 422.54951882657843
88.053637425644652 -23.619204269360697 422.29519942484819
87.596548649830794 -23.325279971405344 422.04088002311789
87.138466616599402 -23.028383945976337 421.79185472136112
86.707107819298088 -22.771821110786536 421.46306132180734
86.268518437825975 -22.47071554133781 421.18561801136923
85.837212889428599 -22.167591322197971 420.89910233694201
85.405907341031224 -21.864467103058153 420.61258666251467
84.948806569782931 -21.650477634044424 420.28813729500808
84.490864260429973 -21.426745674777258 419.97154157218955
84.032921951077 -21.203013715510085 419.65494584937113
83.595686694292652 -20.918882179989922 419.35813850318902
83.158451437508276 -20.634750644469754 419.06133115700686
82.692563940896676 -20.393561033291473 418.77016726508236
82.226676444285076 -20.152371422113205 418.47900337315775
81.802240802030994 -19.885692435878518 418.14925088433438
81.377805159776898 -19.619013449643816 417.81949839551106
80.920818524717191 -19.373613887988746 417.51793203379896
80.466000822649349 -19.163059246141085 417.18807206247459
80.07275221500575 -18.886097885559774 416.82939680917252
79.653781170032076 -18.617104564596019 416.49457468214007
79.237005140567788 -18.322153747374877 416.17945286968563
78.821417326552208 -18.071244366783876 415.82684650052425
78.405829512536656 -17.82033498619289 415.47424013136276
77.973500814983822 -17.550747783862679 415.15735744390247
77.562640274585377 -17.276346355810595 414.81692026522416
77.151779734186931 -17.001944927758508 414.47648308654578
76.73399068207047 -16.714982559089812 414.15538355851794
76.295096078400761 -16.499458519488883 413.80764671085336
75.85620147473108 -16.283934479887954 413.45990986318873
75.455814594271487 -15.944183931823938 413.16963428542505
74.996720939806977 -15.683771732839835 412.88429500833428
74.550795669397559 -15.394122613739876 412.6063488966239
74.094651119375229 -15.151925748609392 412.30094289143426
73.657885201374611 -14.840516180968891 412.0321314072022
73.22111928337398 -14.529106613328381 411.7633199229702
72.78435336537413 -14.217697045688459 411.4945084387362
72.338130679261852 -13.956691014455458 411.18994126050001
71.884953624587553 -13.715172805370131 410.87961963412351
71.431776569913296 -13.473654596284806 410.56929800774697
71.031327719815366 -13.086480975622077 410.34627938538961
70.560248027632611 -12.854424185005788 410.05604918444243
70.161852156796101 -12.49001568741579 409.7943486361346
69.70063485004431 -12.230996110090496 409.51117474165483
69.296249802396019 -11.876716388399469 409.24479416421525
68.859861849044549 -11.589778992453175 408.94944270412532
68.438240737956363 -11.285962269539713 408.6495576635466
67.997425043687031 -11.020105407561987 408.34133428249771
67.566580641302551 -10.69450556971098 408.07988094722475
67.138096547144713 -10.387238052694336 407.79354538526957
66.719908243104015 -10.065187710226031 407.50823481890444
66.301719939063318 -9.7431373677577238 407.22292425253926
65.816560490193041 -9.4739368013966292 406.99455752063034
65.362831129142279 -9.1522364826686324 406.76952736298301
64.93553888486403 -8.9026043892046474 406.43025585534872
64.488408045151601 -8.595097652033882 406.1742995724162
64.041277205439172 -8.2875909148631166 405.91834328948369
63.655536920829107 -7.8988050869476396 405.6732922481861
63.230349086365052 -7.5842888218693831 405.38992883413096
62.832057740764114 -7.2761226628259887 405.06374234998447
62.368646170177684 -6.9780007744314858 404.82631224257028
61.882961047549259 -6.6933552989316949 404.61873836431266
61.41044119661494 -6.4350042770055369 404.35420152388645
60.96950497253556 -6.122418075303159 404.09369219046459
60.528568748456188 -5.8098318736007801 403.83318285704274
60.096262552399935 -5.4780265454949513 403.58215182889688
59.663956356343682 -5.1462212173891242 403.33112080075108
59.221595731197034 -4.8240174452740998 403.08514965090887
58.724026133980999 -4.5911333605389339 402.84392465427015
58.279815371371605 -4.2829806124779095 402.58369651927239
57.835604608762196 -3.97482786441689 402.32346838427463
57.397400776561028 -3.6271301336297093 402.1064806209107
56.953197181272799 -3.3337929762664009 401.82964767842913
56.499080171496111 -3.0227669706227926 401.5908160112557
56.025753180025518 -2.7562687620651913 401.3359822144763
55.552426188554932 -2.4897705535075931 401.08114841769691
55.097004929932893 -2.1845804513775784 400.83732372912539
54.659618356983835 -1.8523509385031676 400.59583555844387
54.222231784034776 -1.5201214256287507 400.3543473877624
53.738179666582958 -1.2869766690677984 400.08725738405849
53.283962204624274 -1.0067301553510304 399.81312531953222
52.829744742665596 -0.72648364163424994 399.53899325500601
52.331863236640856 -0.51085417192778781 399.28283327032329
51.833981730616117 -0.29522470222133068 399.02667328564058
51.399342753852579 0.036426544385978768 398.77949640463879
50.964703777089049 0.36807779099328963 398.53231952363706
50.488624785667 0.55157375052767554 398.21660125245035
50.017772606457257 0.81125177992777453 397.95039541784047
49.543977374967497 1.0727524014063285 397.69129021993069
49.083296858608726 1.3414979657401134 397.41642792077283
48.589823709838754 1.5397646983152373 397.13862483548212
48.151676326820265 1.8796060360069711 396.90942026321108
47.686620951240023 2.0330670995783242 396.56276019973177
47.666605001806957 2.3205372296344349 396.03649003518342
47.646589052373898 2.6080073596905384 395.51021987063496
47.480314168590624 2.9872272059448397 395.07600221642258
47.314039284807336 3.3664470521991361 394.64178456221015
46.764845152656719 3.2149932736449585 394.83005978143194
46.215651020506101 3.0635394950907795 395.01833500065362
45.642036927821529 3.2378091368342146 395.04276786050002
45.107872323082077 3.4682732900436677 394.89595352492955
44.612018567455777 3.7337996243436118 394.6870879729002
44.116164811829478 3.9993259586435577 394.47822242087085
43.686268672496226 4.2018484405059002 394.11192479089397
43.256372533162974 4.4043709223682495 393.74562716091708
42.796095933269427 4.6621963028784101 393.45984485783441
42.318234894872248 4.8146872321006171 393.13061037530423
41.84273137166727 5.0052534358296326 392.81823092428999
41.367227848462292 5.195819639558648 392.50585147327575
40.965167781418458 5.5905986960545775 392.29970298543049
40.459627917785483 5.7024973362871583 391.99653943123565
39.985252827748873 5.8343230723258035 391.65362508439279
39.593605192427432 6.1134494076801378 391.29487639985337
39.175627845053057 6.4712762408920614 391.05559644976267
38.674475400644084 6.5507079971991189 390.73538273432735
38.181723756412808 6.7178875394462123 390.43664067541795
37.61274887056252 6.6327758074509742 390.6070037358167
37.077180118714338 6.5093118928166742 390.84767524187208
36.949615640898642 6.7910069646412863 390.33350096158443
36.882195376431042 7.0579776047501896 389.8004144908698
36.814775111963442 7.3249482448590983 389.26732802015516
36.423573484989149 7.6708258237920175 388.97181154439761
35.930816580351376 7.689034082857046 388.62996495273171
35.507363605446201 7.9560832440431213 388.29925008527971
35.083910630541013 8.2231324052292045 387.96853521782776
34.586583217678076 8.2983079478972108 387.6414051485898
34.168972145994921 8.5448105503323095 387.28808169932506
33.735024599978416 8.792916596351052 386.95621890051325
33.303023832016528 9.0549550616605394 386.63262783268448
32.81358689414391 9.1882895643685263 386.31220093894194
32.34984491857314 9.4299922742168203 386.01805271075466
31.886102943002363 9.6716949840651161 385.72390448256743
31.42236096743158 9.9133976939134083 385.42975625438015
30.983627286004044 10.31441922123788 385.34793638269002
30.580872645693638 10.334037524508222 384.90363488383457
30.169076091084122 10.462637070662874 384.48663877553071
29.731159027301754 10.747395904796681 384.1914421433836
29.260317186197689 10.959592481762675 383.8860234579866
28.788411502222885 11.168978421033099 383.58030699806312
28.316505818248071 11.37836436030353 383.27459053813971
27.837713888692726 11.605104682568932 382.99290433959311
27.388440311723294 11.910372351069748 382.73802220290014
26.92786568836533 12.105725592785396 382.4068000308315
26.438076138109153 12.269479092720719 382.10136429664374
25.95789360503635 12.468505572397497 381.80167579950171
25.468947356827577 12.676430473291191 381.52293075120326
25.019818696693623 12.942447888072319 381.22709603099713
24.529588226450755 13.133961030769788 380.9390043750617
24.051543740547825 13.333447779229616 380.63621978713371
23.574927430315785 13.584574819152653 380.37207569266957
23.053953127766562 13.736189900661472 380.11595337200532
22.561943998739295 13.918244167423088 379.82477771899204
22.071281936112253 14.162938054209679 379.58110654287992
21.580619873485212 14.407631940996264 379.33743536676786
21.08595333440342 14.633800903111759 379.08415170032163
20.591286795321643 14.859969865227248 378.83086803387539
20.120752464989202 15.04071343983612 378.50540036387389
19.650218134656768 15.22145701444499 378.17993269387233
19.244636227884207 15.529943612788017 377.86316884564866
18.686813462465061 15.648449770718326 377.67664792748468
18.19201683002418 15.872787084287193 377.4219931371
17.697220197583309 16.097124397856053 377.16733834671533
17.185239497363025 16.294002047999065 376.92420267784689
16.676300809894173 16.486518733803546 376.67138112401028
16.186653402952388 16.740901155414541 376.43572247161131
15.697005996010613 16.995283577025525 376.20006381921229
15.187681756745889 17.200193808185034 375.95798817718367
14.67835751748116 17.40510403934454 375.7159125351551
14.168688009694964 17.599529198431203 375.46604086739922
13.669802668650579 17.834716107367704 375.22981950012706
13.18764229763365 18.076318859306141 374.96685659993659
12.705481926616709 18.317921611244579 374.70389369974612
12.169573988583181 18.510837390294448 374.51525069259708
11.672418435569201 18.713569208318884 374.24741461200324
11.186103796096951 18.965751399576813 374.00266532426713
10.699789156624663 19.217933590834754 373.75791603653113
10.199706029202966 19.42001526372076 373.49508555285058
9.6959952258989031 19.635776600715126 373.25070373664249
9.1967939584519289 19.885108173284287 373.03017740828346
8.6834604346845019 20.088386477844054 372.79530164480025
8.2049383827812559 20.335533479962248 372.53084937087112
7.7264163308780116 20.582680482080445 372.26639709694194
7.2000134328568723 20.754774465982372 372.03556458263836
6.7000146146948705 20.987409756981897 371.79917083648979
6.1888631532765439 21.180751029636223 371.55149496810873
5.6777116918582156 21.374092302290549 371.30381909972766
5.1766429428723608 21.611414031820438 371.07445365882018
4.6636035043811876 21.817054256241668 370.84099566976727
4.1505640658900251 22.022694480662892 370.60753768071424
3.6772159692955979 22.275398039793981 370.3390558551601
3.1397405178068825 22.468849443749306 370.15548926409645
2.602265066318159 22.662300847704635 369.97192267303291
2.0975966213758785 22.896909263744778 369.74771595635679
1.5655587975014371 23.002987282932725 369.49142860237282
1.0335209736269941 23.109065302120676 369.2351412483888
-0.5625924979963407 23.427299359684522 368.46627918643691
-1.0946303218707736 23.533377378872469 368.20999183245289
-1.6143874983840003 23.74000590034732 367.99283490399768
-1.8047764542284095 24.303410361076828 367.91328957652604
-2.3509234688609948 24.401003462188555 367.68481851703859
-2.8970704834935814 24.498596563300282 367.45634745755115
-3.4432174981261703 24.596189664412012 367.2278763980637
-3.989364512758768 24.693782765523743 366.99940533857631
-4.3077899441664691 25.055156180885724 367.35719647779359
-4.7649409321954499 24.986613093292387 366.9746852762749
-5.2704307895990192 24.976289266909028 366.65161651784888
-5.8096102004872865 24.936480619492279 366.39142267767386
-6.3487896113755564 24.896671972075531 366.13122883749878
-6.887969022263829 24.856863324658782 365.87103499732376
-7.4271484331521069 24.817054677242034 365.61084115714874
-7.9663278440403715 24.777246029825285 365.35064731697372
-8.4929585843868907 24.936345443547118 365.11117406194205
-9.0079968469496041 25.181111127699602 364.92455855358935
-9.5240372009493797 25.392661348431901 364.70331466745483
-10.011189757884408 25.671376295540334 364.49118177389516
-10.498342314819435 25.950091242648767 364.27904888033544
-11.02075086065781 26.093856613105306 364.02132649191617
-11.50960963364823 26.378259754276296 363.82099688012011
-11.998468406638649 26.662662895447291 363.62066726832398
-12.487327179629053 26.947066036618271 363.42033765652786
-13.031557041950382 27.000692550407216 363.17348131373603
-13.481340342267544 27.334539075272858 362.95844299019598
-13.931123642584703 27.6683856001385 362.74340466665586
-14.463578533814081 27.839395704525572 362.5260401502245
-14.980505645930332 28.043506272022448 362.2999312450587
-15.497432758046591 28.247616839519328 362.07382233989296
-15.980666747009787 28.534141758742084 361.86313683356872
-16.447983803097973 28.848655484423141 361.65650700646893
-16.971677871402953 29.045878158321393 361.44006361959237
-17.469383019635142 29.371696805163065 361.36175784206966
-17.967088167867338 29.697515452004733 361.28345206454696
-18.429224016200514 29.792247569132588 360.91270109196586
-18.891359864533676 29.886979686260435 360.54195011938469
-19.350150602518511 30.242692587310614 360.39036057236444
-19.808941340503349 30.598405488360793 360.23877102534425
-20.335881348018461 30.671946160712917 359.9614156612534
-20.824010341873826 30.977270441983542 359.7925750007941
-21.281738890258559 31.274360282059838 359.54313121370564
-21.779195916759011 31.543526991204867 359.34291685489649
-22.276652943259464 31.8126937003499 359.14270249608728
-22.833852627344019 31.941005132010616 358.96086551260692
-23.30122145454326 32.224839906981899 358.71387522964136
-23.768590281742494 32.508674681953174 358.4668849466758
-24.232241297316833 32.825472708929695 358.25553985952996
-24.742361195109449 33.052227892227464 358.03563129506819
-25.233227315757375 33.322268437921437 357.82085570222455
-25.666800467330745 33.691661642526824 357.63227420094165
-26.206274068003875 33.832315438609101 357.41049786355546
-26.709930508081424 34.075696738010947 357.19348234920255
-27.206802026993937 34.328031757856884 356.971118387525
-27.703673545906458 34.580366777702821 356.74875442584749
-28.196213728685969 34.850638110831724 356.53814204530863
-28.696509588963885 35.061871028622328 356.28302500034607
-29.205574120444936 35.305113603399903 356.0788526403079
-29.714638651926009 35.548356178177485 355.87468028026979
-30.176240876844965 35.863769793060335 355.65687844947763
-30.682936023436689 36.095934504138974 355.4347082999297
-31.203097746539072 36.294232765730023 355.21085660512011
-31.705952953214272 36.561515092509644 355.02192064001315
-32.217932496792017 36.782870418160485 354.80083521135737
-32.729912040369761 37.004225743811325 354.57974978270147
-33.117372048793236 37.160638976422405 354.14915758289214
-33.60492040949304 37.508817033132551 354.18184759366733
-34.096371444967517 37.759220346162564 353.94568226904352
-34.628146890051497 37.919480676645136 353.71867675704141
-35.060967219076772 38.293602327237025 353.53784657886069
-35.554492681136324 38.561828774357302 353.32692670932698
-36.061661670173159 38.785498751460956 353.09725007163428
-36.539585430120873 39.076157309619717 352.88020979369833
-37.061439145784874 39.272726334170216 352.65878414469864
-37.561494030242926 39.495726201622148 352.41339430862951
-38.061246074737753 39.699403466505693 352.15116641958491
-38.545323850998145 40.02541986365987 352.01194711303083
-39.065602205824163 40.217100015038987 351.78266747357975
-39.598381833890542 40.375948719229186 351.55702847629749
-40.100606401142947 40.642875743155294 351.36592523732418
-40.472440860578615 41.08505780326562 351.20401736076235
-41.023857819778087 41.256446234307631 351.04102857951597
-41.539099193861531 41.493386390528919 350.84510591925834
-42.054340567944998 41.730326546750206 350.64918325900072
-42.591927960350894 41.91217589047956 350.45442543063064
-43.12951535275679 42.094025234208921 350.25966760226055
-43.667102745162687 42.275874577938275 350.06490977389046
-44.072288633489606 42.690707266088737 349.91083759358986
-44.561925845623591 42.98291644710492 349.72410464249788
-45.092174773370154 43.205040796937503 349.55235817867668
-45.585022334369384 43.464028902357015 349.32869226069113
-46.077869895368629 43.723017007776534 349.10502634270563
-46.594969492972162 43.97018047754846 348.92749261247798
-47.112069090575687 44.217343947320373 348.74995888225021
-47.584342616653572 44.531844734003442 348.55490255258695
-48.056616142731457 44.846345520686512 348.35984622292369
-48.528889668809356 45.160846307369582 348.16478989326049
-49.087348185492743 45.240179376674561 347.96026520218766
-49.589287818692547 45.52772434774419 347.80097146647961
-50.090245223175074 45.792444455527772 347.60357606777649
-50.59120262765758 46.057164563311353 347.40618066907325
-51.071586320354456 46.364887952730598 347.22033712359683
-51.551970013051331 46.672611342149835 347.03449357812042
-52.07923296960432 46.892247383076317 346.85077154848557
-52.585902225959259 47.14388287099213 346.65085695200474
-53.11062173907321 47.352042585273111 346.44753709092885
-53.59377596478955 47.653715386117639 346.25897538908282
-54.076930190505891 47.955388186962182 346.07041368723685
-54.57735255255794 48.223484198070601 345.87624368856046
-55.083882705439088 48.478650048707784 345.68049488807679
-55.56859541610855 48.779265919926701 345.49425932196021
-56.053308126778028 49.079881791145624 345.30802375584369
-56.584454641209575 49.255490356250426 345.09112513420439
-57.070747795597619 49.546909007515183 344.89467122691224
-57.568638300872934 49.827165293583356 344.71147335881335
-58.066528806148241 50.107421579651536 344.52827549071446
-58.583668556125346 50.329658541616261 344.32048422109449
-59.066798161072043 50.637509813482623 344.14212116652789
-59.580426609650758 50.871210266760741 343.93823415137433
-60.070362360838956 51.157465875011717 343.7432452120662
-60.560298112027169 51.443721483262685 343.54825627275807
-61.076991980677477 51.683170812692218 343.35933442453791
-61.593685849327777 51.922620142121744 343.17041257631769
-62.106743931564779 52.162371584713775 342.97219388389357
-62.565669189296216 52.498420306075005 342.78125183853001
-63.083033746861396 52.733666105966144 342.5889153411901
-63.600398304426577 52.968911905857269 342.39657884385025
-64.097569826372904 53.244152887172916 342.20406162391924
-64.602885537428833 53.483643437299392 341.98657528283053
-65.108201248484775 53.723133987425889 341.76908894174181
-65.62967804064634 53.972864881505245 341.60878786320768
-66.15614351637457 54.195295149726846 341.42614373205339
-66.6826089921028 54.417725417948454 341.2434996008991
-67.16528810354697 54.706456687629938 341.0345615017319
-67.682187346106758 54.918087293994937 340.81540936395839
-68.198087010078609 55.15537083631618 340.62164647469109
-68.686999906120604 55.427908319883898 340.40557357001671
-69.18986836933 55.701790443180371 340.22637565918058
-69.703391566037709 55.95867354835714 340.05229235522
-70.196357096735682 56.213626022222059 339.82429186922531
-70.717709536314217 56.436899631486483 339.62848449155138
-71.224279707733515 56.663211403888546 339.40007774230685
-71.723696727978421 56.916907915645837 339.18508769646314
-72.208936438975641 57.196685932294578 338.96999077814161
-72.698952372997113 57.468227583868895 338.75516639436421
-73.18784201174546 57.732883259242463 338.52945796603893
-73.676731650493821 57.997538934616031 338.30374953771366
-74.189509510344848 58.208788155590661 338.07476780681748
-74.672442815830493 58.475313879411829 337.83867574639544
-75.15537612131611 58.741839603232997 337.6025836859734
-75.6317389174732 58.927143415700016 337.50549976872253
-76.108101713630305 59.112447228167049 337.40841585147172
