-155.86355413161476 -131.86244081481351 174.98983086558363
-61.719044807496765 -67.004157677292042 130.82192093162277
-155.86355413161476 -131.86244081481351 174.98983086558363
-155.45747531121091 -131.50918431272993 174.72467084718886
-155.05139649080712 -131.15592781064635 174.45951082879409
-154.67770177529775 -130.78739068410835 174.16876584437736
-154.24287736280914 -130.46743901020875 173.90692876397659
-153.79879580429355 -130.1303477033197 173.68520591850009
-153.36089818117154 -129.76027781917747 173.50830495039907
-152.92300055804952 -129.39020793503531 173.33140398229801
-152.52258035848516 -128.94811914480539 173.26643348642591
-152.03984478256979 -128.61958882315795 173.12846902903237
-151.55710920665442 -128.29105850151052 172.99050457163884
-151.1397201729099 -127.87360168713784 172.88319100006649
-150.72233113916533 -127.45614487276517 172.77587742849417
-150.31275297779558 -127.02425701001457 172.70025597824571
-149.82603264053574 -126.7189133838029 172.52743068140069
-149.47993063662412 -126.25862124427097 172.35907228638138
-149.02636632080402 -125.88640133062867 172.2336460239689
-148.57280200498386 -125.51418141698643 172.10821976155643
-148.17317670862769 -125.10769350899548 171.92095737032585
-147.77355141227153 -124.70120560100452 171.73369497909525
-147.2858869299607 -124.37197051817466 171.61627431257301
-146.94498853826391 -123.89624322713959 171.48409325832168
-146.60409014656713 -123.42051593610454 171.35191220407032
-146.08112348737899 -123.15993333465897 171.21552092428513
-145.65965199282829 -122.74875998180514 171.10020287199433
-145.23818049827759 -122.33758662895131 170.98488481970347
-144.82363435556255 -121.91816468543239 170.87426507076651
-144.40908821284751 -121.49874274191345 170.76364532182956
-143.93019095913255 -121.17015839072508 170.61301416788595
-143.53426870769766 -120.74072870107685 170.47577090769681
-143.1614689254624 -120.28985227064308 170.34261398206141
-142.78866914322717 -119.83897584020933 170.20945705642595
-142.26524589156938 -119.61260357793894 170.02295317309216
-141.92131756280816 -119.13311263188714 169.91431737176563
-141.48595969967494 -118.74656654401579 169.76924617214476
-141.01978253569388 -118.39908273295734 169.62114535231285
-140.59731145845555 -118.00057374507796 169.47045104095236
-140.17484038121722 -117.60206475719856 169.31975672959183
-139.74157237456876 -117.22108468666981 169.15503569184983
-139.3083043679203 -116.84010461614108 168.99031465410789
-138.85368211689433 -116.46694909647121 168.87168258840893
-138.36627405763016 -116.14960719537828 168.72428007291114
-137.87340391836702 -115.85311792846611 168.55347860796252
-137.38362262110383 -115.52679877910813 168.43673061605915
-136.9118664008198 -115.18789242471587 168.28643573399097
-136.44011018053578 -114.84898607032362 168.13614085192282
-135.98135417029275 -114.53229454138095 167.91421879677316
-135.51279845271205 -114.21771629220162 167.71051296802565
-135.04424273513138 -113.90313804302227 167.50680713927815
-134.53283630894035 -113.69224412587633 167.27445563194209
-134.05263919203259 -113.40961182953504 167.05190291014716
-133.57244207512483 -113.12697953319373 166.82935018835224
-133.17041631323059 -112.70892774770512 166.67570126572951
-132.62952496639912 -112.58523530124357 166.44736657802045
-132.09810159433374 -112.36791080963619 166.27312747514662
-131.64853528774512 -111.99314711025447 166.14105815393239
-131.15960051879591 -111.75053892719056 165.89189142015155
-130.67066574984668 -111.50793074412668 165.64272468637071
-130.21045174784356 -111.18951274974313 165.42636144269699
-129.71068297153386 -110.92419762964694 165.22676420505519
-129.21091419522415 -110.65888250955072 165.02716696741339
-128.7064153042399 -110.41011343412262 164.81837325077828
-128.20191641325567 -110.16134435869454 164.60957953414317
-127.69741752227139 -109.91257528326648 164.40078581750802
-127.25954591668858 -109.54683150539384 164.2150442067371
-126.75215713156717 -109.31260197750764 163.99665659491072
-126.25520520625271 -109.03378661506846 163.80877158328352
-125.74834265468057 -108.80044342453876 163.58822383505836
-125.23828003565332 -108.54520029251837 163.40197918888705
-124.88891434345028 -108.07846894631015 163.26018545285416
-124.37151671858214 -107.86941665790548 163.03973854656243
-123.87360892348211 -107.60490690412466 162.83450107987218
-123.37570112838208 -107.34039715034385 162.62926361318193
-122.87966236950069 -107.05779080377206 162.44465808085758
-122.4107924180167 -106.72567317028684 162.27186095668134
-121.89015558602532 -106.51477588650002 162.06100644554789
-121.38165861638672 -106.26871848837345 161.85880212142115
-120.91706843885235 -105.9327210280117 161.68199241136813
-120.4205782485222 -105.6483476656509 161.5013566405874
-119.92408805819204 -105.36397430329012 161.32072086980668
-119.41265191740942 -105.12543862083476 161.11692243483492
-118.97964489878332 -104.74447453721177 160.9514797293148
-118.48350326197036 -104.46712370797434 160.75933396760803
-117.98431356817173 -104.19341764259882 160.5698751610513
-117.50636790179411 -103.88490800363687 160.37911420420113
-117.04275216486299 -103.56263501001055 160.17613497854251
-116.5791364279319 -103.24036201638421 159.97315575288391
-116.1020981128875 -102.93125304789132 159.7810982313523
-115.62812494786559 -102.61719156184495 159.58948711001159
-115.13233253630017 -102.34495164244518 159.38929892125074
-114.63654012473474 -102.0727117230454 159.18911073248992
-114.25042269828036 -101.64343609669612 159.02590604624999
-113.740482563291 -101.39289464158831 158.83305885804259
-113.27637605953755 -101.05819190522867 158.65256167954075
-112.79822710647588 -100.74802753944479 158.46502063101025
-112.34903837220054 -100.37338291036629 158.33133860939648
-111.86404054457694 -100.06671223640724 158.15603828157617
-111.36697622971337 -99.787754680565655 157.96866232546625
-110.89386332282083 -99.471467895481084 157.77859168882674
-110.43127736144413 -99.133404260596876 157.60047036190019
-109.96869140006743 -98.795340625712669 157.42234903497368
-109.50610543869072 -98.457276990828476 157.24422770804711
-109.01666378678586 -98.175039843266518 157.04226468688552
-108.62634347581766 -97.761183365311069 156.85154795846353
-108.17191743323615 -97.454599249118218 156.60761528020583
-107.63613858831657 -97.243781937738532 156.43880446728417
-107.1337735429131 -96.962840179869062 156.2693905072868
-106.63140849750967 -96.681898421999577 156.0999765472894
-106.18802705306855 -96.335892300698433 155.89094865740998
-105.72089135276977 -96.020370045169287 155.6854494024912
-105.26331584019108 -95.692768849411664 155.47735781970488
-104.80574032761236 -95.365167653654055 155.26926623691861
-104.37134354662676 -94.995482859573031 155.08316790351759
-103.91226000185563 -94.666172039480728 154.88118601648188
-103.45317645708448 -94.336861219388453 154.67920412944616
-102.95277377630927 -94.093641575700801 154.45461258464218
-102.49155340148738 -93.776553561533575 154.2384391424236
-101.96021910505661 -93.552843749945879 154.07219298266102
-101.51179053760436 -93.232216262473017 153.83531783797599
-101.04441688474505 -92.910052949877027 153.64096591843281
-100.56242566915206 -92.616301289245968 153.43750970700714
-100.05924077659725 -92.367497342542933 153.22560982496472
-99.556055884042422 -92.118693395839927 153.01370994292228
-99.088343775578963 -91.801947481207762 152.81142942196067
-98.620631667115504 -91.485201566575597 152.60914890099903
-98.122039688855864 -91.224236079582155 152.40105504281621
-97.623447710596224 -90.963270592588714 152.19296118463336
-97.185936747345011 -90.59059771596165 152.02062696266483
-96.665227087109983 -90.384316190150756 151.80543081528518
-96.178113207332203 -90.092674751154817 151.61135521355169
-95.690999327554422 -89.801033312158879 151.41727961181817
-95.225282494859414 -89.469473508427228 151.23513700753804
-94.759565662164391 -89.137913704695578 151.05299440325794
-94.252419634894849 -88.884199284267254 150.85695384650643
-93.745273607625307 -88.630484863838944 150.66091328975489
-93.317863988896903 -88.246895554247985 150.48718862430414
-92.816741280058437 -87.982140536879939 150.29026018180573
-92.315618571219971 -87.717385519511907 150.09333173930733
-91.825826254088994 -87.416365321086772 149.92160426270684
-91.336033936958017 -87.115345122661665 149.74987678610637
-90.832225622533485 -86.846184592575824 149.56622006458323
-90.401740155774178 -86.482488367345269 149.3602896912478
-89.920539420205884 -86.169510133940861 149.18567446423828
-89.383874446177373 -86.0126600767139 148.96798485677184
-89.014359258090408 -85.569302058653406 148.80399646207724
-88.53721707700231 -85.282314739774719 148.58044866443805
-88.060074895914212 -84.995327420896018 148.3569008667989
-87.597512080732173 -84.666960009706472 148.16142584210385
-87.134949265550119 -84.338592598516925 147.96595081740881
-86.667345004820277 -84.025217085209107 147.75824419015208
-86.199740744090448 -83.711841571901317 147.55053756289536
-85.742679371330311 -83.370982514380472 147.36369537163057
-85.311303580371188 -83.019302166830954 147.13956179511462
-84.829773982770462 -82.693400993015942 146.9915156146827
-84.427044320152575 -82.314999505823977 146.75780396897673
-83.995197587074173 -81.958048711440171 146.54310760310563
-83.563350853995786 -81.60109791705635 146.32841123723449
-83.113201749789127 -81.263326691331955 146.12038147240602
-82.681405458107321 -80.899133079751735 145.9181069664148
-82.192019645600439 -80.620687813659558 145.71081548007768
-81.702633833093572 -80.342242547567395 145.50352399374057
-81.302723769431168 -79.932595363632331 145.32391017000862
-80.90281370576875 -79.522948179697295 145.14429634627666
-80.475871988040126 -79.139553029315167 144.96899965969533
-80.001247758183837 -78.833802645656704 144.76590228569452
-79.604059399008207 -78.476668918060412 144.49259493499105
-79.206871039832592 -78.11953519046412 144.21928758428754
-78.653478935536342 -77.978982184487137 144.03489118678101
-78.282487984124401 -77.530882348081292 143.88801623798605
-77.911497032712447 -77.082782511675447 143.74114128919109
-77.488011859877787 -76.72704467808731 143.50852378739211
-77.029580834941797 -76.40770649876545 143.28974508046764
-76.609580492845808 -76.033455015783971 143.08109336078763
-76.189580150749833 -75.659203532802465 142.87244164110766
-75.824765957301892 -75.203040179308786 142.73523523022124
-75.459951763853965 -74.746876825815121 142.59802881933484
-75.095137570406024 -74.290713472321443 142.46082240844839
-74.52632801804171 -74.416231558406309 142.31694432392993
-74.429447713979059 -74.267996296048779 141.74367256143111
-74.332567409916408 -74.119761033691233 141.17040079893229
-73.759243269762791 -73.95085822757359 141.2230436750192
-73.491681395327831 -73.496764383741805 140.93632181616829
-73.11844567637911 -73.180944327989479 140.58853913907606
-72.737860678149474 -72.971285709449063 140.17477794853946
-72.368639575747025 -72.713797624752061 139.77807193172123
-71.973075526131595 -72.472707663363437 139.39675223229636
-71.57751147651615 -72.231617701974827 139.0154325328715
-71.194932655138629 -71.942227326278172 138.65503461960404
-70.81235383376108 -71.652836950581531 138.2946367063366
-70.428349866092802 -71.345857420816145 137.95068246356578
-70.074549432517003 -71.201147005737141 137.4882063571892
-69.710902630090672 -70.938557067352733 137.08969973573306
-69.347255827664341 -70.675967128968338 136.69119311427693
-68.944662193466542 -70.501684003861811 136.28187202026086
-68.542068559268756 -70.327400878755299 135.87255092624477
-68.113946586864756 -70.130334182525061 135.5012339538589
-67.731469640461782 -69.872315900701381 135.11764830277818
-67.388578557242667 -69.704892833055226 134.65461998672313
-66.953460414248667 -69.477505572032925 134.30970371403913
-66.518342271254653 -69.250118311010624 133.96478744135513
-66.076394783598673 -69.007945363284222 133.6391577720311
-65.627120304233443 -68.791981510064005 133.3052235625027
-65.14854087112181 -68.57356877391743 133.01667962669478
-64.669961438010205 -68.355156037770854 132.72813569088686
-64.207133245235241 -68.166117816618822 132.39639088698431
-63.725868072853373 -67.956633290946343 132.10570193405346
-63.209800442117583 -67.781916793845554 131.85440858725025
-62.673702699565318 -67.613180229672025 131.64434387735997
-62.173514406662569 -67.399277897371007 131.39124811706512
-61.719044807496765 -67.004157677292042 130.82192093162277
