122.67032505445476 -102.86997123578246 267.82609719902769
168.21196706963923 -177.34060689209528 256.97260987658473
122.67032505445476 -102.86997123578246 267.82609719902769
122.83440456629528 -103.44610473428163 267.79221349053381
122.86945082373833 -104.04505217839191 267.78640668134113
122.9353029291329 -104.64096381949621 267.76289463737464
122.94193317214061 -105.24092555392829 267.76149567529382
123.03962316513802 -105.83251028237439 267.78349963715311
123.25156919806025 -106.39307008812196 267.81268153751614
123.46351523098247 -106.95362989386952 267.84186343787923
123.70572673056294 -107.49836267340223 267.90968517756158
123.73776871957443 -108.09748232081306 267.91506653672894
123.84097831165961 -108.68743401044722 267.95118833069631
123.94418790374485 -109.27738570008134 267.98731012466374
124.15991465421867 -109.83334951780451 268.0533873712219
124.26674916537247 -110.4228934014521 268.08539356562591
124.54431115109234 -110.94809384269809 268.16979641272394
124.8218731368122 -111.4732942839441 268.25419925982203
124.90645293830676 -112.06720662574484 268.24350405361065
124.98798583196117 -112.66141931118652 268.25974202492858
125.06951872561558 -113.2556319966282 268.27597999624652
125.2858357555497 -113.81526982525104 268.27950750738069
125.40498662357041 -114.40331812825393 268.28101216193159
125.52413749159112 -114.99136643125682 268.28251681648248
125.93858441871001 -115.425095131541 268.29315444551816
125.8484431105616 -116.01828007804579 268.29067174428826
126.04204655799171 -116.58593445660063 268.30758953524048
126.23565000542183 -117.15358883515546 268.3245073261927
126.32022178993687 -117.74695791768451 268.35208893532911
126.5976325866415 -118.2762772367885 268.40560816827394
126.91870402604704 -118.77751320232782 268.48094499623937
127.23977546545261 -119.27874916786716 268.55628182420475
127.27358243288407 -119.87779525744688 268.55534827595369
127.30738940031549 -120.47684134702661 268.55441472770264
127.5422469956485 -121.02889772965496 268.56311302142683
127.77710459098151 -121.58095411228328 268.57181131515097
127.89159185840701 -122.16991325637248 268.56736247359788
128.00607912583251 -122.75887240046168 268.56291363204474
128.34703655282308 -123.25202500653506 268.53949269903569
128.59192001076167 -123.79843837239989 268.50122357790258
128.88542620590809 -124.31923521477552 268.44999114303698
129.01893702120759 -124.90408753967908 268.43891774008449
129.15244783650704 -125.48893986458268 268.42784433713189
129.4576537245278 -126.00017421009963 268.35375783443885
129.76285961254862 -126.51140855561657 268.2796713317457
130.03062297531579 -127.04806655732837 268.2623228229246
130.1981273403949 -127.6239372170738 268.2445669528027
130.51837528564226 -128.12452966563833 268.16181156624077
130.8115860257227 -128.64253125001738 268.08630116641211
131.1047967658032 -129.16053283439641 268.01079076658345
131.34989778384195 -129.70654806916951 267.96844865572422
131.59499880188071 -130.25256330394265 267.92610654486492
131.87698199707222 -130.77414163976314 267.83422881506976
132.15896519226374 -131.29571997558361 267.74235108527461
132.51199305561857 -131.77240407423702 267.65210920039777
132.85159677306359 -132.25580082979235 267.54724313431279
132.97444317809806 -132.84267774698193 267.52523757046754
133.25988697886109 -133.36472230768658 267.44783399661816
133.54533077962412 -133.88676686839122 267.37043042276872
133.89150065262118 -134.37510669973625 267.32931317394167
134.22806727963149 -134.86403092590052 267.24170035152076
134.5646339066418 -135.35295515206479 267.15408752909991
134.8596511206502 -135.86717551005518 267.06166314450917
135.15466833465854 -136.38139586804556 266.96923875991831
135.63164223129462 -136.72878063293814 266.86052019182478
135.84636833231042 -137.28720712670537 266.81521508613662
136.06109443332619 -137.84563362047257 266.76990998044846
136.39478229498155 -138.34428153932407 266.76827780124916
136.72847015663689 -138.84292945817558 266.76664562204985
137.02379576172206 -139.36086948129733 266.69940783929547
137.31912136680725 -139.87880950441905 266.6321700565411
137.7182988980932 -140.32173283715073 266.56526549886121
138.12305781279028 -140.7567113426756 266.48181538978656
138.4681086390955 -141.24519508562838 266.43361206897839
138.8375562729546 -141.71368756076626 266.37018300170547
139.19771278327448 -142.18575320422195 266.28391993693867
139.54718664086187 -142.66765696922047 266.20884141708609
139.85466115085561 -143.18155994295978 266.17192043001893
140.16213566084923 -143.69546291669914 266.13499944295165
140.61423562395134 -144.06207092756767 265.98938285828473
140.95579799301225 -144.55134789123292 265.92658794712139
141.3235955681366 -145.02126594728358 265.86412224188877
141.69139314326097 -145.49118400333424 265.80165653665608
142.05919071838534 -145.9611020593849 265.73919083142346
142.52760719886638 -146.31462224962522 265.61425294323016
142.64860467544923 -146.90197185915812 265.59475815310259
143.09996329837651 -147.28387649744937 265.49265898189702
143.45120745327901 -147.75971213577608 265.3916243890834
143.84049910125233 -148.20995326842242 265.31589503353632
144.22979074922563 -148.66019440106876 265.2401656779893
144.64529595141209 -149.08470326213731 265.15562187969334
145.02055260094451 -149.53705926821945 265.03497159687925
145.32059390428043 -150.05373115088113 264.97996812463168
145.62063520761637 -150.57040303354285 264.92496465238412
146.08180818364309 -150.93270915764501 264.79826122456649
146.49389630235027 -151.35999611798132 264.71103028999102
146.84755295236684 -151.83134283210251 264.59807344430993
147.17995188485716 -152.32710605728093 264.53700156665747
147.60792367390417 -152.73803720578081 264.44769457380437
148.02223403109494 -153.15292886897299 264.32036886650968
148.43654438828571 -153.56782053216517 264.19304315921494
148.71719729821493 -154.09182040989998 264.11144614773696
149.1527831199252 -154.49990978921124 264.05038838477134
149.53310743568119 -154.95107288932783 263.9417363165079
149.9134317514372 -155.40223598944445 263.83308424824452
150.3126882039376 -155.84031444093097 263.73990938317905
150.71194465643794 -156.27839289241754 263.64673451811359
151.11837192447447 -156.69871508063798 263.5120269315197
151.52479919251101 -157.11903726885845 263.37731934492587
151.50499295307952 -157.71817657092996 263.35202488717647
152.06175959215329 -157.87389000807681 263.19151247299487
152.47024312874836 -158.29254119568762 263.05782483915078
152.87872666534344 -158.7111923832984 262.92413720530664
153.22040138222911 -159.18632268255777 262.79181341089759
153.6168484652259 -159.61742738550984 262.66151204683729
154.00353746214165 -160.0533416226794 262.51850716056703
154.39022645905737 -160.48925585984895 262.37550227429676
154.77691545597312 -160.92517009701851 262.2324973880265
155.13195666549296 -161.38928540479523 262.09632572933793
155.5165044625117 -161.82607778022725 261.95025926305453
155.90105225953042 -162.26287015565924 261.80419279677108
156.17140734876742 -162.7925173558462 261.72430556964571
156.6432245654359 -163.09656197662702 261.51230230875228
157.02420668838406 -163.53400866031376 261.35902797650652
157.40232318211449 -163.9724693921095 261.20161100206548
157.78043967584492 -164.41093012390519 261.04419402762443
158.19533208413438 -164.80510220198204 260.86393681581762
158.61022449242384 -165.19927428005889 260.68367960401088
158.92701409693626 -165.68970299458877 260.54538997158164
159.27394642778521 -166.15138608032623 260.38264266390604
159.69300368963883 -166.5481540355477 260.21842877595151
159.89861279750932 -167.1046071258005 260.12851296472337
160.315160259604 -167.50481871579862 259.96628197183469
160.72176352115417 -167.89710062659051 259.76431987102808
161.04797545256272 -168.37882036739518 259.61758246228106
161.4518111933221 -168.7917960119353 259.45520077765502
161.85564693408145 -169.20477165647543 259.29281909302898
162.22244692591582 -169.65826800542067 259.15211078665141
162.6107663407609 -170.08871879527194 258.99744938367445
162.99908575560602 -170.51916958512319 258.84278798069749
163.37103600709406 -170.97057010057193 258.709032288966
163.74340181976251 -171.41895013545604 258.56655756884663
164.11870613749349 -171.86667861211725 258.42986126209644
164.43202968512011 -172.36433321924451 258.31083081847942
164.89005400192138 -172.71238046206008 258.14031148823437
165.3144604588941 -173.10488716866786 257.97963278850176
165.73886691586685 -173.49739387527563 257.81895408876915
166.08269067527414 -173.97323793794129 257.69502810080502
166.42651443468145 -174.44908200060692 257.57110211284095
166.77033819408877 -174.92492606327258 257.44717612487688
167.18271363734158 -175.33352972789723 257.29555310862492
167.57800821429061 -175.76640862174779 257.16765447417794
167.97330279123963 -176.19928751559831 257.0397558397309
168.09263493043946 -176.76994720384681 257.00618285815779
168.21196706963923 -177.34060689209528 256.97260987658473
