-82.138890027666122 -23.629126419230523 402.70009381529752
1.7325366338645012 110.87159520876503 231.38539105435794
-82.138890027666122 -23.629126419230523 402.70009381529752
-81.625502147550634 -23.45850980715506 402.44062733146114
-81.112114267435146 -23.287893195079608 402.18116084762477
-80.646542460586531 -23.064720050753046 401.87548677231069
-80.171599900116945 -22.804651152391344 401.61704193804326
-79.729323914460338 -22.611885221756438 401.26034423900677
-79.28704792880373 -22.419119291121536 400.90364653997028
-78.884186985790294 -22.191902383295719 400.52144824406565
-78.579822794798559 -21.934214610390264 400.07316323323329
-78.250495379798252 -21.660930436890165 399.65261690493691
-77.921167964798002 -21.387646263390089 399.23207057664047
-77.682463739122866 -20.97069221556783 398.87266883116683
-77.443759513447745 -20.553738167745578 398.5132670856932
-77.171350963592957 -20.216214895606615 398.09869306005896
-76.898942413738183 -19.878691623467656 397.68411903442467
-76.734601931318508 -19.651456993743007 397.15368842737792
-76.546052137029776 -19.287577548513319 396.71546391367178
-76.357502342741057 -18.923698103283638 396.27723939996559
-76.294662082349106 -18.54498084749082 395.81612732916432
-76.109560529179703 -18.418515088802032 395.2595809906681
-75.995941156746795 -18.077623441648903 394.7790775847393
-75.882321784313874 -17.736731794495761 394.2985741788105
-75.662088867882545 -17.592790193410391 393.75933556929044
-75.581587241465115 -17.463514702313379 393.17898452419297
-75.501085615047685 -17.334239211216367 392.59863347909544
-75.422125798030436 -17.020405858309726 392.09338703041919
-75.343165981013172 -16.706572505403074 391.58814058174295
-75.186446749415182 -16.487449315439189 391.0520210894025
-75.080139321038786 -16.372387278427688 390.47283246873496
-74.943952504886681 -15.972564049264372 390.0466933640663
-74.807765688734591 -15.572740820101057 389.62055425939769
-74.661031759441784 -15.415814925590695 389.06033696438942
-74.514297830148976 -15.258889031080329 388.50011966938109
-74.293020010282333 -15.06449952655179 387.97738757072614
-74.071742190415677 -14.870110022023272 387.45465547207118
-73.887737997192389 -14.40556006857209 387.12248714482615
-73.83704769648169 -13.95502508163241 386.72948750238726
-73.611454488025743 -13.816596855122137 386.19102178351204
-73.388843105354596 -13.502648091403765 385.73071716039283
-73.166231722683435 -13.188699327685407 385.27041253727356
-72.939736992724249 -12.918611559272643 384.78486878573869
-72.698370429461391 -12.573187664683163 384.35775695590337
-72.448261692028424 -12.227808800943745 383.93566803169222
-72.271940491070239 -11.949195653015652 383.43438413219582
-71.992338288950151 -11.55912940361655 383.07428563226938
-71.829643186367548 -11.334735573590558 382.54214118511061
-71.55797173765805 -10.987568338415254 382.13511595889383
-71.288281467943762 -10.753594009657883 381.6529093932977
-71.018591198229473 -10.519619680900501 381.17070282770158
-70.803191584032831 -10.243718496955101 380.68338204741264
-70.522375298092214 -9.939227386589307 380.24929982333663
-70.241559012151583 -9.6347362762234994 379.81521759926073
-70.042398085144271 -9.3703015086532737 379.31480858769748
-69.801563585724409 -9.1867572522524874 378.79682186023103
-69.59058706270973 -8.8149908955137555 378.37577710876883
-69.379610539695051 -8.443224538775004 377.95473235730663
-69.010573676564348 -8.2567719348651671 377.51993674998533
-68.641536813433603 -8.0703193309552876 377.08514114266416
-68.522262599020692 -7.6418056263520215 376.68246302463018
-68.402988384607767 -7.2132919217487457 376.27978490659621
-68.142672991482726 -6.8881422920585678 375.84791268658836
-67.882357598357672 -6.5629926623683854 375.41604046658051
-67.581533402107354 -6.4652467581668898 374.90618701590847
-67.32059645509743 -6.2697359137077004 374.40251309422501
-67.13750575477988 -5.8548966712615478 374.00959300262377
-66.954415054462316 -5.4400574288153871 373.61667291102253
-66.682588474520827 -5.2181827934983849 373.12996770595453
-66.449157263021362 -4.860901507391497 372.70823324910322
-66.185336780154501 -4.6201555075157641 372.22611281149068
-65.954315818276228 -4.3159450147239795 371.76341929386996
-65.72329485639797 -4.0117345219321923 371.30072577624924
-65.492273894519613 -3.7075240291403615 370.83803225862863
-65.218727167895423 -3.4621611926068439 370.36372300634542
-64.927729105207021 -3.1900588300259551 369.91508012855786
-64.682918055970319 -2.918790132816496 369.43918009274586
-64.438107006733645 -2.6475214356070427 368.96328005693374
-64.097733993709156 -2.3285945365320488 368.58587861940202
-63.883526816322444 -1.9998067607071675 368.13199109630386
-63.630560855783344 -1.6308225288730971 367.73216756089562
-63.377594895244201 -1.2618382970390027 367.33234402548737
-63.117860558875783 -1.0731400632719752 366.82546035926362
-62.85812622250738 -0.88444182950496142 366.3185766930398
-62.644554258420399 -0.50047124099701956 365.90997712950985
-62.394986745267218 -0.10214507707148748 365.53707992717261
-62.114832105318023 0.17715710375640042 365.08596611725352
-61.915615771246209 0.44415993731408215 364.58694473583671
-61.620498385359419 0.70664977480754909 364.13527581532082
-61.383244701170909 1.1647170071692599 363.82886905956065
-61.200895266370672 1.5363255534110851 363.39452383742957
-60.941975243802951 1.7812167848483955 362.91183480018242
-60.683055221235236 2.0261080162856966 362.42914576293515
-60.411524818904013 2.2283982117814487 361.93381767225571
-60.139994416572776 2.4306884072772119 361.43848958157628
-59.900124223987419 2.8024785725097288 361.03323119024373
-59.658599932019328 3.0790957114804174 360.55873253395799
-59.417075640051259 3.3557128504510927 360.0842338776722
-59.215139524005906 3.774326465401745 359.7047810526538
-59.013203407960546 4.1929400803523817 359.3253282276354
-58.744989057777822 4.4025361635738003 358.83123254433679
-58.476774707595084 4.6121322467952286 358.33713686103818
-58.333963237702825 5.1574007275934521 358.13149842125802
-58.064781835040925 5.5376051639117012 357.75336357882099
-57.859041207917414 5.8825688480109299 357.30763849426381
-57.607672306149631 6.2039130388291657 356.86769351332703
-57.356303404381855 6.5252572296474209 356.4277485323903
-57.148585300535593 6.8731442654012067 355.98522418312916
-56.940867196689304 7.221031301155004 355.54269983386814
-56.721875555127255 7.6773813688409263 355.22053950631522
-56.502883913565199 8.1337314365268316 354.89837917876224
-56.248781403104509 8.3806101450990198 354.41414491992538
-55.994678892643819 8.6274888536712115 353.92991066108846
-55.790846086094497 9.0702105060448304 353.57998248918204
-55.68700331978097 9.6350277010235175 353.40620614976621
-55.446242601283622 9.922715154605438 352.93794318360273
-55.22050465832924 10.311942918090802 352.54102489321679
-55.01366955907929 10.735587297729152 352.16988518728505
-54.806834459829339 11.159231677367492 351.79874548135325
-54.569232932434907 11.310753259073659 351.26904110676577
-54.326125151316759 11.684459383884203 350.86749118578598
-54.111037309887834 12.049522030106388 350.44267771518656
-53.87720214770038 12.397045381364716 350.01308647079844
-53.695630954694494 12.832201005141801 349.64204538821377
-53.478450652366725 13.200724071444057 349.22130382159122
-53.240154934903821 13.506362059396031 348.76326389826625
-53.001859217440924 13.812000047348013 348.30522397494133
-52.863006389398798 14.243754354235193 347.91240326440141
-52.681118017856626 14.603877569853228 347.46829979687311
-52.499229646314461 14.964000785471256 347.02419632934482
-52.297151489682847 15.311571972492789 346.57882155618768
-52.095073333051246 15.65914315951431 346.13344678303048
-51.736958779576888 15.953595367238895 345.75259003311527
-51.653152122315248 16.381493448671339 345.34042541053702
-51.56934546505363 16.809391530103813 344.92826078795878
-51.283146155715578 17.202527168387608 344.57678628640053
-50.996946846377533 17.595662806671395 344.22531178484229
-50.810243238582238 17.821174569840828 343.70158837739478
-50.623539630786958 18.04668633301026 343.17786496994728
-50.401717616617361 18.500070271473614 342.85346090342961
-50.179895602447772 18.953454209936975 342.52905683691193
-49.916169133958668 19.213906285995229 342.05723794592171
-49.652442665469565 19.474358362053483 341.58541905493155
-49.38871619698044 19.734810438111772 341.11360016394138
-49.212617121836303 20.272220717847254 340.9131523977577
-48.989082417095254 20.623204322389874 340.48089929468199
-48.760907916657821 20.909437378380538 340.0054973226537
-48.596079811187224 21.36106027785172 339.64651479895622
-48.431251705716633 21.812683177322889 339.28753227525868
-48.116027902326948 22.090387682346481 338.85914674601412
-47.937572401111979 22.572471238106303 338.54971326470985
-47.713389830368705 22.899847753143455 338.09963905707616
-47.489207259625417 23.227224268180635 337.64956484944253
-47.25643618957271 23.623811575237731 337.26416098746438
-47.023665119520018 24.020398882294824 336.87875712548612
-46.8516984810148 24.469608211628138 336.52009509281311
-46.679731842509582 24.918817540961467 336.16143306014015
-46.390246085610336 25.215915859741557 335.7279234460247
-46.215343967530359 25.634624004485506 335.33537696646306
-45.982459364564271 25.932231856877927 334.86933584392591
-45.731189272609925 26.322816428276713 334.48945818799643
-45.548650197125468 26.764794966691511 334.12705722566051
-45.366111121641012 27.206773505106305 333.76465626332458
-45.136264704712708 27.551488744318583 333.33067235984424
-44.906418287784405 27.896203983530853 332.8966884563639
-44.675765724356879 28.323417571518917 332.54414350146783
-44.445113160929353 28.750631159506973 332.19159854657175
-44.347594349145837 29.24220382239897 331.86167977104424
-44.124195632008387 29.477816583823078 331.35712091438285
-44.033141298884452 29.939064702549331 330.98434848864451
-43.734909441436521 30.21031205882948 330.53995830995672
-43.544800845407522 30.713539759264069 330.27421293703145
-43.354692249378516 31.216767459698652 330.00846756410613
-43.167534774186514 31.439911536392611 329.48389268811974
-42.973850282219161 31.78611986888459 329.03375258983425
-42.780936277105255 32.117847289274223 328.57251392580815
-42.588022271991335 32.449574709663878 328.11127526178211
-42.279376152835638 32.829562877513361 327.76436523681235
-42.04981053246506 33.203297813914773 327.35494879447413
-41.820244912094481 33.577032750316185 326.9455323521359
-41.590679291723923 33.950767686717576 326.53611590979762
-41.404773429039167 34.408992556591762 326.19630864258841
-41.262629174888858 34.812843253104596 325.77595209638247
-41.015095355628205 35.179718561440801 325.37082308426977
-40.76756153636758 35.546593869776963 324.96569407215691
-40.601573578944482 35.989251286752832 324.5962317477086
-40.416975342165941 36.397006316807648 324.19665781657284
-40.2033460291536 36.734406500360102 323.74885916454201
-39.989716716141267 37.071806683912563 323.30106051251113
-39.772913784224116 37.344990827246484 322.81283217193368
-39.582285370244712 37.768764877603893 322.43325825024334
-39.391656956265301 38.19253892796133 322.05368432855306
-39.160631622196924 38.238147125318662 321.50182638727432
-39.062569056039422 38.706559610723687 321.13992380834554
-38.797007538410398 39.106151375895159 320.77964127815335
-38.531446020781367 39.505743141066638 320.41935874796116
-38.476145046339688 39.816168451898044 319.90889040553327
-38.19186774531439 40.145231368591745 319.49548501976915
-37.907590444289092 40.474294285285438 319.08207963400503
-37.712640918785333 40.87560907320146 318.68090495446279
-37.517691393281567 41.276923861117503 318.27973027492061
-37.271249945400399 41.613718272119897 317.8486431172787
-37.086877584919094 41.919805512457394 317.36664992853724
-36.848781255764109 42.26730745663707 316.93938825598252
-36.610684926609117 42.614809400816746 316.5121265834278
-36.441986884907251 43.049429677575731 316.13444128353393
-36.230788274206645 43.398813283992673 315.69475248176025
-36.019589663506054 43.748196890409595 315.25506367998645
-35.806846277499048 44.158400690895206 314.8723456456878
-35.563704409490612 44.526117738779988 314.46532451022154
-35.320562541482182 44.893834786664748 314.05830337475521
-35.041469030491335 44.994620859966396 313.53681609825537
-34.868243389542315 45.413454072123017 313.14366012702715
-34.695017748593287 45.832287284279644 312.75050415579898
-34.394383105605527 46.149579497661939 312.3394756132833
-34.136313464218503 46.442413568603286 311.88379121911305
-33.878243822831465 46.735247639544653 311.4281068249428
-33.674619133676835 47.134034382915758 311.02872465298452
-33.470994444522205 47.532821126286855 310.62934248102619
-33.238153721916518 47.737222219460577 310.11552793179095
-33.005312999310846 47.941623312634263 309.60171338255566
-32.771129030248545 48.379706303310144 309.26520014074379
-32.536945061186245 48.817789293986017 308.92868689893197
-32.379811142736834 49.247754676467515 308.54082261655958
-32.110714393264807 49.58335194812441 308.12253872889471
-31.885939143480488 49.850488448549754 307.6345692859735
-31.661163893696177 50.117624948975092 307.14659984305223
-31.448757105196499 50.592571056310135 306.84775280638206
-31.295977809645926 51.056449976129031 306.4992204053076
-31.017215328135649 51.338782763810421 306.04913188523375
-30.827209725161016 51.660702219527863 305.57980712041854
-30.637204122186382 51.982621675245319 305.11048235560338
-30.348888349183898 52.286181648497063 304.68068547604582
-30.060572576181396 52.589741621748814 304.25088859648838
-29.919384080175728 53.064873457824163 303.91278277438039
-29.692377431323916 53.308646258675388 303.41374088942257
-29.552477865211699 53.803615916181876 303.1048183270392
-29.200642532303039 54.058105217320261 302.69075662375917
-28.976849871424385 54.413649706483469 302.26238183322812
-28.796681540129157 54.742842595665522 301.79422436601192
-28.575748923948833 55.123813499670504 301.38673209687136
-28.354816307768516 55.50478440367548 300.97923982773079
-28.106229755315145 55.823896488152819 300.53610079370208
-27.857643202861777 56.143008572630151 300.09296175967341
-27.632151674956674 56.500348673438964 299.6669786341896
-27.386750609292555 56.826804655200547 299.22742794434487
-27.213990282502145 57.113738254892652 298.72960972565954
-26.970983277027678 57.53962231425983 298.38382024741122
-26.72797627155321 57.96550637362698 298.03803076916284
-26.500189177208291 58.247673771450046 297.56001968220392
-26.231808704414526 58.487160967963817 297.07979285608008
-26.014498863103153 58.752689683020684 296.58758260187011
-25.730246063668961 59.223927875798701 296.3485534997065
-25.62626287785838 59.398963153792977 295.78415102936629
-25.423729993379638 59.639376762577896 295.27309161264873
-25.221197108900903 59.879790371362809 294.76203219593106
-25.037823769221852 60.418823848066531 294.57277805651097
-24.924538619549548 60.886824012021805 294.21480833516353
-24.615268882492082 61.049620606116648 293.72711017165301
-24.46837251410679 61.460679909434546 293.3154650500847
-24.321476145721498 61.871739212752438 292.90381992851633
-24.112440774267064 62.088456057772703 292.38484206524532
-23.943631795320179 62.56114685648248 292.0561067044427
-23.766199900065608 62.794799581383529 291.53272889951336
-23.445259006126864 63.226142215204064 291.26638236800494
-23.438821994037955 63.499310862577524 290.73221249336996
-23.178441572022138 63.863639271312437 290.33287949145358
-22.918061150006327 64.227967680047342 289.93354648953721
-22.738418949147597 64.574341274440059 289.47774608061013
-22.549041707038903 64.850043776974744 288.97962522151323
-22.359664464930198 65.125746279509457 288.48150436241633
-22.173426313349665 65.545003192954411 288.09480164530089
-21.971585159634188 65.876609529672635 287.63731133270937
-21.769744005918714 66.208215866390873 287.1798210201178
-21.588015765908828 66.652912213065775 286.82034917694102
-21.406287525898939 67.097608559740678 286.46087733376424
-21.157813955960979 67.368305856317008 285.98655269950143
-20.909340386023022 67.639003152893338 285.51222806523867
-20.783202820330196 67.950806300584659 285.01536982427763
-20.592517140617339 68.360656747035449 284.62083011385988
-20.44197949070432 68.773388144683537 284.21218453471567
-20.037523849167648 68.984326893913675 283.8224147589475
-20.163740529917892 69.426526151033471 283.4370199399591
-19.990414120962583 69.856883516794042 283.0565590435528
-19.817087712007275 70.287240882554585 282.67609814714649
-19.370083269535552 70.116827541568469 282.31395684651307
-19.242254765794037 70.546161438336 281.91479237074202
-19.126659273046975 70.939731339421655 281.47691063440675
-18.97202723122167 71.345623509794038 281.06297769579066
-18.817395189396365 71.75151568016642 280.64904475717464
-18.597137574116804 72.141098864098169 280.24940551271914
-18.376879958837257 72.530682048029917 279.84976626826364
-18.255247308710139 73.015539219821548 279.51792440624911
-18.030760802991679 73.245747816979076 279.01135771711029
-17.927929384559548 73.737044134089871 278.68264260006117
-17.68377134051449 74.080449916335709 278.25549002983809
-17.450851930460438 74.317630184288689 277.75599621714986
-17.321075683636529 74.762709908680264 277.37512594435896
-17.191299436812624 75.207789633071826 276.99425567156806
-16.981586888072737 75.514108900138737 276.52288622673245
-16.77187433933285 75.820428167205634 276.05151678189685
-16.479639994006252 75.571598464564232 275.59034125512323
-16.541642303315339 76.166907678671109 275.63232521920247
-16.350124772744842 76.580936983960143 275.24258072617397
-16.141846613991326 76.90712794219472 274.78408354259238
-15.933568455237818 77.233318900429282 274.3255863590108
-15.762541157675079 77.583255397437455 273.86919386175646
-15.573337903342075 77.918475838207726 273.40894459816161
-15.355624800184273 78.183210257915761 272.91648476047408
-15.137911697026471 78.447944677623809 272.42402492278654
-15.020419783302454 78.996762816809849 272.21190632315449
-14.856958754968744 79.409738925289986 271.80850673708545
-14.637516053399807 79.578563849658778 271.27620696661774
-14.418073351830884 79.747388774027556 270.74390719614996
-14.295011996170512 80.299569167396868 270.5440254413009
-14.079344978965571 80.499722039901059 270.02112338037716
-13.863677961760619 80.699874912405264 269.49822131945348
-13.723020394631316 81.18904858104905 269.18053504226344
-13.491759362617069 81.516390524778714 268.73403130549639
-13.472450273921845 82.112776601484626 268.67117586336849
-13.233916250350253 82.11314749009054 268.12062942387371
-13.115648439157443 82.596129605211601 267.78486015591005
-12.918015685925237 82.86567184575361 267.2865748205715
-12.735647446269992 83.259568056738232 266.87234348407344
-12.55327920661475 83.653464267722853 266.45811214757532
-12.376014127204092 83.996127146659717 265.99859148098869
-12.198749047793431 84.33879002559658 265.53907081440201
-12.025622991188447 84.753746913717606 265.1417823178088
-11.849775923829483 85.099549620678857 264.6840724787628
-11.673928856470521 85.445352327640109 264.2263626397168
-11.437550208332819 85.508620316334259 263.67852845283977
-11.351170573478329 85.971060342070786 263.30612036850323
-11.014980329599606 86.396399682742654 263.04909397842317
-11.018881115386904 86.892778355682225 262.71205837656339
-11.022781901174202 87.38915702862181 262.37502277470361
-10.772712534567471 87.275377284114057 261.8416190986527
-10.703629125686216 87.754667242076621 261.48734714264492
-10.521523422340771 88.099118542568462 261.03106782643766
-10.410700616521044 88.351310051219542 260.49804085838207
-10.224472358961926 88.685170348262233 260.0355948202922
-10.100973980430254 89.095766300741047 259.61588168694027
-9.9774756018985826 89.506362253219848 259.19616855358839
-9.7422635056517493 89.480891840151912 258.64478254738464
-9.7462004582487332 90.068364393556493 258.52287889936474
-9.5421311364636914 90.314378748180303 258.01510665787725
-9.4792539682505996 90.756810995001018 257.61473162282806
-9.2758175186809275 90.93361068955457 257.07867614156487
-9.1245335802477463 91.169764191000354 256.54825678508644
-8.9732496418145615 91.405917692446181 256.01783742860795
-8.8877860914582367 91.907983670057476 255.70062183049572
-8.8023225411019155 92.410049647668785 255.38340623238349
-8.6732750547904782 92.483672513792143 254.80209184252163
-8.5442275684790392 92.557295379915516 254.22077745265975
-8.5305884236041098 93.111351742868479 253.9909176684468
-8.5169492787291805 93.665408105821442 253.76105788423388
-8.2419199277575057 93.869677880680072 253.26848026072335
-8.0543934215882924 94.22046850455564 252.81928125395135
-7.8668669154190791 94.571259128431208 252.37008224717934
-7.9087993339155975 95.168457744226686 252.33013871740292
-7.7633656236866582 95.39758523641089 251.79502225507491
-7.6179319134577188 95.626712728595095 251.25990579274691
-7.4724982032287768 95.855840220779314 250.7247893304189
-7.3270644929998312 96.084967712963532 250.1896728680909
-7.1876447086250348 96.360325422577446 249.67514370907162
-6.9562870802588694 96.481045192154028 249.13486564637597
-6.8326019214169875 97.023133823379709 248.90938416736239
-6.6391383926597047 97.317496106515478 248.423665412003
-6.4716396484411067 97.492128012917135 247.87462272882462
-6.3642517825808129 97.939851755664307 247.48990036601418
-6.2568639167205049 98.387575498411508 247.1051780032038
-6.0979688021477667 98.223008879755625 246.5504977614527
-5.8543842888341819 98.656797173815022 246.21509606078493
-5.6506949638214961 98.937489281380294 245.72548131465646
-5.4470056388088084 99.218181388945567 245.235866568528
-5.3001017709450045 99.499857463953873 244.72686967033059
-5.15742388133134 99.797071044948524 244.2255642673199
-5.0147459917176773 100.09428462594317 243.72425886430921
-4.8933877541274429 100.1104068737944 243.13688142918491
-4.7727009869062975 100.31004014093807 242.58408737814307
-4.6462333471521164 100.76994337774079 242.22008882200117
-4.5197657073979389 101.22984661454346 241.85609026585922
-4.5015347081327146 101.82537608532841 241.78529280762524
-4.4833037088674903 102.42090555611337 241.71449534939129
-4.5412199258554375 103.00676592859774 241.83031130581466
-4.599136142843383 103.59262630108212 241.94612726223804
-4.3618805966058183 104.3364866724434 241.57828775610278
21.461622242324964 147.95819767071023 178.70808239038155
21.27902964683242 147.64697360466735 179.18745648729026
21.096437051339876 147.33574953862447 179.66683058419898
20.787492219778649 147.06750621742424 180.10569116762275
20.737233538864587 146.70181236871878 180.57870498772928
20.547251209977414 146.43889388140309 181.08346293342032
20.360737721800248 146.07267416378656 181.52060803193666
20.174224233623079 145.70645444617008 181.95775313045303
20.062888694273688 145.40803008459989 182.46622859505209
19.951553154924291 145.10960572302969 182.97470405965109
19.709631262178402 144.6292265579772 183.2406169318362
19.467709369432509 144.14884739292472 183.50652980402131
19.224316222435256 143.94062579623488 184.01387933113918
19.187550011418793 143.7445135689054 184.57973111386974
18.998492068348625 143.37828300825817 185.01577270662216
18.837850204132177 143.1058934266118 185.52567280200515
18.658059742609279 142.78147703988023 185.99729701466327
18.516611558780628 142.42828093284447 186.4612419696594
18.375163374951978 142.07508482580872 186.92518692465555
18.031167302489344 141.58354726955852 186.91760187845549
17.970203458336535 141.46617925953595 187.50284384544815
17.847222740621376 141.25195044254767 188.04963608848209
17.724242022906218 141.03772162555941 188.59642833151602
17.525844726586755 140.68732316772522 189.04124226290818
17.327447430267288 140.33692470989106 189.48605619430037
17.252911394934721 140.00642243276096 189.98124567747698
17.075630161367094 139.71148051675169 190.47275420273928
16.951914911185902 139.35459993873621 190.9389417078356
16.755881725476449 138.93679965851067 191.32236564546082
16.6148776370169 138.51988897438065 191.73016869657246
16.34198866352471 138.28922210763312 192.21216911641798
16.120426581321169 137.96529040199565 192.6660176526197
16.035369056018656 137.63808333692663 193.16169976240209
15.839282852492545 137.29400464035211 193.61243255613948
15.661176597247046 136.97767992956602 194.09015301748536
15.48307034200155 136.6613552187799 194.56787347883125
15.344991057957776 136.25289470557138 194.98511935414624
15.161628750802198 135.92158672191414 195.45053667685733
14.974833111974638 135.6764651830095 195.96534034863913
14.78803747314709 135.4313436441048 196.48014402042091
14.640680988870717 135.10121905955592 196.95900081030501
14.493324504594341 134.77109447500703 197.43785760018915
14.345968020317972 134.44096989045812 197.91671439007325
14.112365176725755 133.94223908391103 198.15482632607507
13.956761273010233 133.65392292310557 198.65748049801329
13.801157369294708 133.3656067623001 199.16013466995147
13.653516998009616 133.00751976177347 199.61836607527047
13.505876626724525 132.64943276124683 200.07659748058947
13.353841238932739 132.29117428943024 200.53325501992356
13.179622969873055 131.98613745850034 201.01967102141003
13.005404700813369 131.68110062757043 201.50608702289648
12.864405252489949 131.44434379389483 202.03906484352356
12.691154196783675 130.9864201109869 202.38589329150426
12.517903141077396 130.52849642807899 202.73272173948496
12.360610103886783 130.27742542984439 203.25447096497248
12.203317066696172 130.02635443160975 203.77622019046001
12.045612577451001 129.57517317404384 204.13893876855209
11.892925602682944 129.24895554144496 204.61880202398822
11.751123230520466 128.90976639949093 205.09297795466122
11.539789624726319 128.52938939969363 205.50607775505722
11.417793208504973 128.25465893843898 206.0253465179228
11.235967674700346 127.90567333854867 206.47827976501986
11.042559852161084 127.54963415526379 206.92080605141024
10.849152029621822 127.19359497197891 207.36333233780061
10.655744207082558 126.83755578869395 207.80585862419093
10.584292271232616 126.72130536097502 208.39013634832432
10.518908470851212 126.43827944032446 208.91513281201486
10.261632038286416 126.01093049396543 209.2485720348015
10.08096866534123 125.66957359574175 209.70774108178875
9.9003052923960446 125.32821669751809 210.16691012877601
9.736358677503997 125.10705330998071 210.70002199647212
9.5407190946431477 124.72598483609704 211.12015527512307
9.3877083458091555 124.41822612557307 211.61196040608237
9.2346975969751632 124.1104674150491 212.10376553704168
9.0816868481411603 123.80270870452514 212.59557066800099
8.9278308215834876 123.38568112533976 212.99857975138579
8.7205800004722711 123.10651834741277 213.48757386236139
8.5133291793610582 122.82735556948577 213.97656797333698
8.3521223867560899 122.46977983449536 214.4306075792791
8.1909155941511216 122.11220409950492 214.88464718522124
7.9654002587721333 121.70712093314462 215.26550209439324
7.8229243845039536 121.38380388085859 215.7504419968065
7.680448510235772 121.06048682857258 216.23538189921979
7.4978907613618535 120.90484583469501 216.78533512391337
7.4970256739695271 120.45646936728588 217.18403023938066
7.1600113765296154 120.23131950127095 217.62644283092226
6.9762885455039294 119.83564387715236 218.03837331272507
6.8157306239133488 119.50707689782821 218.51404640836145
6.6551727023227754 119.17850991850405 218.98971950399783
6.4736655622805284 118.86052495183529 219.4650517236993
6.2474300795275237 118.55223004246447 219.9274063010526
6.0527726616055562 118.18493291328946 220.36007396629665
5.8919571380587126 117.83833774991425 220.82268628791297
5.7396702011755387 117.51375557585361 221.30378409619817
5.5873832642923755 117.18917340179306 221.78488190448337
5.3949385508393934 116.88417719497063 222.26440494468889
5.2024938373864131 116.57918098814821 222.74392798489438
5.0275347380474384 116.25557661158514 223.21792115048615
4.8525756387084691 115.93197223502209 223.69191431607797
4.6661416316177569 115.62914085306666 224.17516944031678
4.4690807560987214 115.38842018816092 224.68821970376766
4.2962290539273216 114.96417062395729 225.07569176254029
4.1233773517559129 114.53992105975365 225.46316382131289
3.9273249273778377 114.30336611608229 225.97853282069113
3.7312725029997624 114.06681117241094 226.49390182006937
3.5468745631019125 113.67037692874297 226.90479997072089
3.3670623691548291 113.41452285435335 227.41686077524136
3.1872501752077502 113.15866877996373 227.92892157976183
2.9653871635104823 112.78713052959685 228.34453694588169
2.8388341838526299 112.454379951446 228.82750836954978
2.6432136630925123 112.15912223046811 229.31181766128444
2.447593142332388 111.86386450949026 229.79612695301907
2.2519726215721798 111.56860678851203 230.28043624475345
2.0595572143100007 111.23063148959859 230.73732683162575
1.7325366338645012 110.87159520876503 231.38539105435794
