15.461125970001039 -59.7358493625919 202.7460271046514
59.466582411293246 -33.063365052322219 202.68779581236191
15.461125970001039 -59.7358493625919 202.7460271046514
15.920641234848734 -59.350605002730092 202.76682384878637
16.38015649969643 -58.965360642868276 202.7876205929214
16.839671764544136 -58.580116283006475 202.80841733705637
17.119967262120831 -58.050054825247024 202.83008032475806
17.400262759697526 -57.519993367487572 202.85174331245975
17.903833662472081 -57.193900093408857 202.84282577471424
18.366100964854724 -56.811419366069416 202.83865032722173
18.865815293148263 -56.47933336813054 202.83653370938205
19.365529621441798 -56.147247370191657 202.83441709154241
19.754604769421945 -55.690498315624538 202.83532834138163
20.271339474391819 -55.385563862423147 202.83580155429436
20.785620739994947 -55.076509215076648 202.83587085924285
21.278896467876905 -54.73494538233092 202.83223706748009
21.742803703653845 -54.354596648601238 202.82106042469127
22.226208165460626 -53.999685914472558 202.80212640489785
22.709612627267411 -53.644775180343878 202.78319238510443
23.219570819750636 -53.330096153154308 202.75286497561621
23.729529012233861 -53.015417125964731 202.72253756612798
24.192881300506681 -52.636319220540869 202.68266984665996
24.689440075491866 -52.302973842262304 202.63460487224478
25.283018254893854 -52.274720871365574 202.55173923055094
25.492328439133427 -51.71296625289655 202.57665900989016
25.984168671571133 -51.369724444364159 202.55997828355578
26.457782094492245 -51.003778620113358 202.51785964940944
26.922356317876847 -50.638314945455512 202.41486890481468
27.414382262173227 -50.301518430311653 202.34794672966919
27.90640820646961 -49.9647219151678 202.28102455452364
28.352375436790833 -49.566726085805591 202.22894241468757
28.82649490509133 -49.206093342610743 202.15714579698022
29.341785388066427 -48.913146494302239 202.06409816282761
29.846085120459009 -48.594821111132987 201.99813809658352
30.355506878872649 -48.27806924724031 201.98557908486808
30.888288559031668 -48.002148603072186 201.98896721248951
31.398658190028033 -47.686677188419551 201.9897585996892
31.934429554262771 -47.416696627164555 201.98204226568402
32.44644506215888 -47.103919169815534 201.97882017813575
32.983194344920747 -46.835828270245081 201.98406203106484
33.517263474043638 -46.562396644938012 201.98175734022806
34.002207865398375 -46.209129160510422 201.98732705653893
34.54025010886027 -45.943645505098658 201.98194440294611
35.078292352322158 -45.678161849686887 201.97656174935329
35.616281201403048 -45.412703933229139 201.96655710770392
36.154219671799751 -45.166781965582686 201.86583676270774
36.673973228961408 -44.885651744101409 201.76180773604841
37.194350009295185 -44.590744630799861 201.71450233452171
37.749086606032755 -44.362704531253371 201.69822286159285
38.303823202770324 -44.134664431706874 201.68194338866397
38.797801796032218 -43.794115312923594 201.68532674423722
39.337812457079004 -43.53261406894088 201.68296340945224
39.877823118125789 -43.271112824958166 201.68060007466724
40.43791953808509 -43.055958984851038 201.67969153961985
40.993028679164539 -42.828247034804861 201.67863830830498
41.53273893768867 -42.566126355695332 201.68100187065369
42.093790144092807 -42.354185702412636 201.66360350065645
42.640594199717086 -42.124923727844916 201.57171078184723
43.180966866081533 -41.885191975636872 201.46911415212946
43.733484969588851 -41.653505420280418 201.4367863720675
44.286003073096175 -41.421818864923971 201.40445859200551
44.859045539368921 -41.247308826543829 201.43864306732127
45.409219780190462 -41.011066705486343 201.39993951483959
45.959699473117169 -40.772393491053521 201.39725541580549
46.510179166043869 -40.533720276620706 201.39457131677139
47.079325967004465 -40.390631821746261 201.51946172087818
47.64847276796506 -40.247543366871824 201.64435212498501
48.217557139389491 -40.058160101679817 201.66099415207538
48.785932216619003 -39.86641511825281 201.67454527435063
49.352521891954559 -39.669014694067229 201.67758045712975
49.919111567290116 -39.471614269881648 201.68061563990889
50.475032545609288 -39.245922107775137 201.68447748251884
51.033878995754314 -39.034127879546659 201.73771140074217
51.594323087427583 -38.842208715941084 201.83294508569375
52.148697843876938 -38.629208569521708 201.91838258938529
52.703072600326287 -38.416208423102333 202.00382009307685
53.201528648765326 -38.082453724313623 201.99159843971108
53.699984697204364 -37.748699025524914 201.97937678634534
54.230868034799947 -37.469124172250602 201.97849175525511
54.763171785968552 -37.192277237231544 201.98140569801075
55.265462703360996 -36.867715854313218 201.93278735761118
55.756522762266982 -36.527455494923487 201.87726343146022
56.26682771885163 -36.212660473242181 201.85506105298833
56.788170887878643 -35.91958713023481 201.80700571272982
57.218185633058695 -35.501374689870161 201.82063192467515
57.68652670498777 -35.12636970417325 201.82591406882119
58.24074540600202 -34.896977040102051 201.8407679274581
58.638652494589664 -34.456904072058272 201.93024268171226
58.776542802978156 -33.875745430085992 201.98717154709237
59.121562607135708 -33.469555241204105 202.33748367972711
59.466582411293246 -33.063365052322219 202.68779581236191
