94.772929674897313 -44.131989015406027 342.49302443748809
179.16183648133639 -68.355092691935539 47.566287620546333
94.772929674897313 -44.131989015406027 342.49302443748809
95.064981959841717 -44.068109794052347 341.97280822480536
95.357034244786121 -44.00423057269866 341.45259201212258
95.458569649815928 -44.057821935727915 340.86367900722792
95.628005289811483 -43.889284721551256 340.31332750924059
95.818313262879428 -44.14209216314709 339.80355180085451
96.008621235947373 -44.394899604742918 339.29377609246842
96.178466750576945 -44.575019325746446 338.74723296766871
96.348312265206502 -44.755139046749967 338.200689842869
96.498226021872185 -44.807721526675749 337.62210454374082
96.648139778537853 -44.860304006601538 337.04351924461264
96.776131624883476 -44.828136121413394 336.45821307308222
96.904123471229084 -44.795968236225249 335.87290690155186
96.974755522989867 -45.242266782208098 335.47815543402118
97.091307781731217 -45.365968862658896 334.9027309243985
97.186875919636776 -45.46290491464616 334.31837646617782
97.271704130922473 -45.562532355088855 333.73281814484602
97.357175776137851 -45.806746189080442 333.1914733368435
97.442647421353215 -46.050960023072008 332.65012852884098
97.513793919119465 -46.13571876043828 332.06042170990833
97.584940416885701 -46.220477497804552 331.47071489097567
97.659408079299055 -46.422601118917875 330.91071434718776
97.756622673464264 -46.500005574242053 330.32372382513717
97.875044613522178 -46.599898598900538 329.74407080156402
97.993466553580092 -46.699791623559015 329.16441777799088
98.017536077338349 -47.121300145336782 328.73809486739987
98.058805345437662 -47.149494788347482 328.1401802333458
98.100074613536975 -47.177689431358189 327.54226559929168
98.363211968892756 -47.637134128933965 327.26000808905349
98.334289341502654 -47.826159424195779 326.69129645792924
98.392721989729282 -47.858335801507899 326.09501606552624
98.404460956643021 -47.903080269959638 325.49680194901043
98.596097230172802 -47.906856017234858 324.92824123774017
98.737789598915512 -48.072082298269379 324.36911374897255
98.847434648243535 -48.333336990062946 323.84022439459517
98.957079697571572 -48.5945916818565 323.31133504021784
98.994237797796458 -48.495179296903601 322.72079591932436
99.048288011219725 -48.575080753438741 322.12860141439165
99.13428507110541 -48.785399829440586 321.57329033764211
99.22028213099108 -48.995718905442445 321.0179792608925
99.304174616220521 -49.069827638594248 320.42851344628355
99.388067101449948 -49.143936371746051 319.83904763167453
99.525383900512651 -49.286273288959684 319.27258112896385
99.662700699575339 -49.428610206173296 318.70611462625311
99.783476564637269 -49.46367761174708 318.1194431104243
99.904252429699199 -49.498745017320864 317.53277159459549
100.0211500478138 -49.657376849609406 316.96605218548382
100.1380476659284 -49.816008681897948 316.39933277637209
100.16809141519097 -50.000483929116697 315.82918695617008
100.23829868265503 -50.273270890902332 315.29941510614879
100.40875334466776 -50.339919974032249 314.72801060151477
100.50112412884553 -50.413527404334488 314.13975080819665
100.59349491302331 -50.487134834636734 313.55149101487848
100.87009465085609 -50.617003360430729 313.03513188497089
101.07609116119252 -50.64030609501215 312.47208444443834
101.28208767152896 -50.663608829593564 311.90903700390584
101.31074508087644 -50.815733536781089 311.32935016918157
101.33940249022392 -50.967858243968614 310.74966333445735
101.53546237091705 -50.957316343514478 310.18269826364838
101.7006296795301 -50.836520484399223 309.61866978867027
101.84408243631977 -51.017950490717425 309.06504133981963
101.97360514221064 -51.254407525197962 308.52902647108613
102.14408747149199 -51.240397061540172 307.95392692986661
102.31456980077334 -51.226386597882382 307.3788273886471
102.47711115275312 -51.2486737107007 306.80169344102421
102.61070095452169 -51.200016260926304 306.21878159739356
102.78447127715042 -51.107722731746307 305.65196083256126
102.95824159977914 -51.015429202566295 305.08514006772901
103.08957626759532 -51.222071813838411 304.53737183550277
103.1925097773495 -51.583502221738435 304.06964033900624
103.31566330684493 -51.387525516513605 303.51608244756028
103.43881683634038 -51.191548811288769 302.96252455611437
103.65048100655228 -51.333772272257669 302.41941244411674
103.86214517676419 -51.475995733226569 301.87630033211906
104.00754914514691 -51.562084319714188 301.30058647849467
104.15295311352966 -51.648172906201808 300.72487262487022
104.39852589341228 -51.490138892485128 300.20073594394688
104.53390946443544 -51.628600248209786 299.63284533681565
104.66929303545858 -51.767061603934437 299.06495472968436
104.77401375953143 -51.836004337714222 298.47820054826877
105.03821404062478 -51.737310027518149 297.94861802910384
105.18165637435175 -51.868316969597558 297.38093724026032
105.32318417381236 -51.864960806770554 296.79787753649845
105.41836654502626 -52.058905704290716 296.23812250710074
105.56654543857913 -52.509060871470581 295.87015057751006
105.69550887364467 -52.371321938406211 295.30059248676395
105.82447230871021 -52.233583005341849 294.73103439601778
105.9849665864823 -52.123587759867021 294.16345829294846
106.24089920321899 -52.197758591300136 293.62587371034323
106.30564614144573 -52.293309404407388 293.03708013352298
106.47192008969321 -52.256876182629775 292.46173189594413
106.63819403794068 -52.220442960852175 291.88638365836522
106.77566456145462 -52.470847364450854 291.35874790348959
106.91313508496853 -52.721251768049548 290.8311121486139
107.07105576222322 -52.67833746474868 290.25386053773042
107.22897643947788 -52.635423161447783 289.67660892684688
107.40461480274072 -52.66694399685781 289.10375850807651
107.60805646230392 -52.780673116212839 288.5508777084778
107.81149812186712 -52.89440223556786 287.99799690887914
108.0149397814303 -53.008131354922853 287.44511610928038
108.08400146780195 -52.897326810349568 286.85949435731294
108.15306315417358 -52.786522265776284 286.2738726053455
108.30545263837594 -52.998260607038937 285.73355388464086
108.45784212257831 -53.209998948301596 285.19323516393627
108.56260140195869 -53.450234937348043 284.65350174552441
108.76263579611415 -53.476241482916791 284.08842661711896
108.93451127653054 -53.495786087228268 283.51390348644975
109.1063867569469 -53.515330691539759 282.9393803557806
109.26023650076459 -53.62131907698798 282.369207821825
109.36632507832573 -53.524980639274794 281.78657232760071
109.52640349451777 -53.759201946399251 281.25788028117069
109.6747148637933 -53.850198441272838 280.6836648375745
109.8230262330688 -53.941194936146417 280.10944939397831
110.02683261544993 -54.069063734823658 279.55980175337066
110.19306831460642 -54.107574260408811 278.98457776939131
110.35930401376288 -54.146084785993949 278.40935378541195
110.48277067994275 -54.098545362842366 277.82412221962892
110.60623734612265 -54.051005939690775 277.23889065384589
110.82170107661668 -54.45200183109209 276.84802280415641
110.92674513570535 -54.389574213619106 276.2605974572171
111.10483035503903 -54.422729954120257 275.68859540169046
111.25324922838107 -54.511473373030796 275.11405519975858
111.42303182988485 -54.572990901632501 274.54187562838143
111.64062222323955 -54.68021231830464 273.99309699493568
111.63564019731811 -54.851883614147688 273.4182020953225
111.85813481548556 -54.861063013036414 272.86105589949722
112.05811780154806 -54.867743362405477 272.29540390558412
112.24575771112488 -54.982028986549743 271.73707599078142
112.4333976207017 -55.096314610694002 271.17874807597866
112.53331926280364 -55.203984451167614 270.59700683548419
112.71772488984689 -55.369636139450051 270.05060580795595
112.87665124939417 -55.080242127681231 269.54961327488445
113.04792472075084 -55.285242880370944 269.01236092318544
113.21919819210753 -55.490243633060672 268.47510857148643
113.35175823102404 -55.481678641635462 267.88999791784533
113.55871333236959 -55.564098870269802 267.33288348441278
113.76566843371506 -55.646519098904093 266.77576905098016
113.81133657981043 -55.881375629498123 266.22553561827226
113.97957968669655 -56.081328554933506 265.68543092046349
114.14782279358269 -56.281281480368854 265.14532622265466
114.27078457313435 -55.911852274822557 264.68881503674686
114.4466264158372 -56.02144095919806 264.12572537549238
114.6005584879284 -56.101595746261623 263.55137345611502
114.7544905600196 -56.181750533325179 262.97702153673765
114.98479495477488 -56.35399226405697 262.45043567294056
115.14519697468461 -56.37507771872265 261.87265838400441
115.30559899459433 -56.396163173388324 261.29488109506826
115.45562063860434 -56.332349513870938 260.71745462945762
115.61156420844024 -56.492062631683744 260.16052256625301
115.76750777827615 -56.651775749496551 259.60359050304839
116.07418692056255 -56.542158413019649 259.09967389960082
116.14954970719347 -56.774419100334832 258.55160873603074
116.26368134331294 -56.837979041399514 257.96600297826484
116.37781297943238 -56.901538982464196 257.38039722049899
116.59276009718148 -57.072680033340035 256.84700385976373
116.74198176612956 -57.009004603515322 256.26935488923493
116.91174079237237 -57.111055278984431 255.70299146117358
117.06380989244099 -57.166432614924418 255.12522997105117
117.2158789925096 -57.221809950864404 254.54746848092873
117.44728735977375 -57.377460058959592 254.01622163490507
117.53040870750033 -57.533368674090198 253.44282531011723
117.6135300552269 -57.689277289220819 252.86942898532942
117.97984873790101 -57.584342445115567 252.40596453014814
118.10481829377468 -57.699420632383735 251.83051720769384
118.22978784964837 -57.814498819651895 251.25506988523958
118.21185668852759 -57.707500376118503 250.66495988994862
118.1939255274068 -57.600501932585097 250.07484989465766
118.30866247307915 -57.734982682384853 249.50148233259029
118.4233994187515 -57.869463432184602 248.92811477052291
118.75540488965062 -57.972062906923647 248.43898726661791
118.95960965605813 -57.813932920763932 247.89741980004186
119.14321192965448 -58.281008240401455 247.5685872424753
119.35289417252883 -58.546192572996723 247.07289517397999
119.4880780763322 -58.573110608180606 246.488942494789
119.62326198013557 -58.600028643364475 245.90498981559799
119.76111746097146 -58.781676835790563 245.35001251823184
119.92076460055232 -58.987058075348749 244.80933577815398
120.11796214422407 -59.191401458087249 244.2807935275242
120.31515968789579 -59.395744840825728 243.75225127689436
120.37783209778954 -59.506079380181895 243.16582271478029
120.57762148500417 -59.422229772801607 242.60631092393169
120.72877967291586 -59.409178921798329 242.02581038343638
120.88322644730981 -59.736306814884379 241.54713143524208
121.07724363472512 -59.675607232324488 240.98262023813035
121.18572957961274 -59.8515356072351 240.41934410099765
121.29421552450034 -60.027463982145697 239.85606796386492
121.53943373669351 -60.098203617543604 239.31305421413794
121.69379784381901 -60.253983929142791 238.75457035855266
121.88209263464573 -60.360105339129134 238.19485318167668
122.07038742547243 -60.466226749115471 237.6351360048007
121.9814947017034 -60.767953683484578 237.12419673175822
122.30358309893859 -60.925711572662706 236.64318580384855
122.49760946972633 -61.016745580859812 236.0827693722635
122.69163584051407 -61.107779589056932 235.52235294067845
122.87491237552683 -61.227217754291551 234.96365424155783
123.0551612047738 -61.343268792128278 234.40325927711569
123.23541003402076 -61.459319829964976 233.84286431267356
123.42539605630699 -61.457199422858046 233.27374146546958
123.52090181812684 -61.902529494560802 232.8831524529559
123.7634307949339 -61.651534463087387 232.39511435036084
123.78526369133999 -61.640296843885416 231.79561702713983
123.91419182307368 -61.640497363907038 231.20963281520284
124.03534570256575 -61.619901180686135 230.62235303969481
124.15649958205782 -61.599304997465218 230.03507326418679
124.26746436094541 -61.984943613450014 229.5890130936854
124.35019310044905 -62.194844473854367 229.03304764110612
124.531243909685 -62.434977888365594 228.51385928635403
124.71229471892093 -62.675111302876829 227.99467093160192
124.70584493400513 -62.798834900668496 227.40760119841511
124.89710466214362 -62.750412428083429 226.84096641255991
125.08836439028212 -62.70198995549837 226.27433162670476
125.21585110686769 -62.988530794276627 225.76282259960311
125.35076234287831 -63.255396319759733 225.24264786962604
125.50739855114765 -63.329968036388834 224.66827503135983
125.57781709766311 -63.421308091772666 224.07946417667972
125.78368393765413 -63.54017078992289 223.52856445515084
125.91002342843312 -63.608990685189553 222.94606797010979
126.03636291921214 -63.677810580456232 222.36357148506872
126.17598893624601 -63.952465864685891 221.84872291489302
126.29779789834409 -64.038087244004998 221.267490124906
126.41960686044214 -64.123708623324106 220.68625733491899
126.67924087595017 -64.221662254263705 220.15428434295706
126.83952637679204 -64.32009586577901 219.58453055197015
126.95381697018927 -64.343561247864884 218.99598400656828
127.09488409317785 -64.448197703577534 218.42226693435617
127.25164164477057 -64.647404772657353 217.87844378879572
127.40839919636332 -64.846611841737158 217.33462064323527
127.5335242814205 -64.933479999221746 216.75427795455499
127.74218954898285 -64.910263361631777 216.19221052634717
127.75066658552839 -65.204316457738315 215.6692756197655
127.92720388074376 -64.838338004335213 215.22780721201389
128.10374117595913 -64.472359550932111 214.78633880426233
128.19422057222303 -64.908022441397776 214.38383250030819
128.19629235075314 -65.501508921924327 214.29568770371793
128.34918778411873 -65.74027508299676 213.76690258026733
128.50208321748431 -65.97904124406918 213.23811745681672
128.64439123751112 -65.917963208114642 212.65844694612989
128.81594532200302 -66.036435573968987 212.09583385116761
128.98863683325254 -66.197232629094145 211.5441800203956
129.0916279627601 -66.375574616749134 210.98063147529766
129.19461909226769 -66.553916604404122 210.41708293019968
129.37911992021355 -66.685709836116757 209.86157416468646
129.51063327507256 -66.776471316533929 209.28324329816957
129.64214662993157 -66.867232796951114 208.70491243165264
129.76314283432862 -67.073036210334095 208.15445364703618
129.90333312926495 -67.122677106493938 207.5731770668834
130.04352342420128 -67.172318002653782 206.99190048673063
130.1837028001955 -67.375779553035898 206.44513441237891
130.32388217618976 -67.579241103418013 205.89836833802718
130.47134513444954 -67.636748031169176 205.31962173613488
130.58342192824355 -67.91054357894636 204.79763055775135
130.73963872207401 -68.056982756693998 204.23713802386177
130.89585551590446 -68.20342193444165 203.67664548997223
131.03333875498615 -68.239526729398833 203.09372628223181
131.17082199406786 -68.275631524356044 202.51080707449142
131.2862401455711 -68.453613128683656 201.94955739847856
131.39632363268632 -68.923850996892583 201.59352653862666
131.530729484613 -68.879426214669607 201.010464358673
131.67529835641241 -69.016970896624883 200.44461870677446
131.82175077104733 -69.107580212957359 199.86986515781513
131.96820318568223 -69.198189529289863 199.29511160885576
132.05886099834996 -69.32984772326212 198.71679743735186
132.17809834839616 -69.428955328180223 198.13717675362727
132.35226342226449 -69.530833467764353 197.57212156011136
132.52642849613284 -69.632711607348469 197.00706636659544
132.66807750136982 -69.856274074613879 196.46859131374191
132.80972650660675 -70.079836541879317 195.93011626088841
132.86584094997926 -70.135757269001843 195.33536922094362
133.0559949818595 -70.302480561687148 194.79126924131134
133.15185154755059 -70.261407965245397 194.2004016075426
133.29862261602688 -70.421263672969346 193.64102301824337
133.44539368450316 -70.581119380693295 193.08164442894412
133.55303885876145 -70.587304654400498 192.49141205195343
133.67235753760926 -70.890038435929782 191.98731353935995
133.79167621645709 -71.192772217459066 191.48321502676643
133.9609580976142 -71.209551496958952 190.90783506492261
134.09971441227702 -71.161087382445317 190.3261152743485
134.21421095960829 -71.376799331814496 189.77806518945792
134.31431454896105 -71.33805936553496 189.18774452540205
134.41441813831381 -71.299319399255424 188.59742386134619
134.58408743281001 -71.596749422064093 188.10472952198637
134.75375672730621 -71.894179444872776 187.61203518262658
134.90134589501605 -71.935081281210728 187.03191064654928
134.98920257198387 -71.909207380231933 186.43894205921913
135.17141156524823 -72.145777510264821 185.91852448039438
135.35362055851266 -72.382347640297709 185.39810690156963
135.48353109332905 -72.507592491103097 184.82588580768157
135.61344162814544 -72.63283734190847 184.25366471379351
135.7299337119976 -72.792852064552477 183.68725065770298
135.90845802923064 -72.920007297736475 183.12871631244712
136.06085687762555 -72.98740466016389 182.55232045320997
136.21325572602052 -73.054802022591318 181.97592459397282
136.41899622038252 -73.193100831559406 181.42953252922658
136.50735874902313 -73.360218674122464 180.86009096924934
136.64468255442964 -73.467037710228013 180.28586813271795
136.78468424378508 -73.472656228683434 179.70245750611952
136.92468593314052 -73.478274747138869 179.11904687952105
137.00009687615812 -74.058770013004988 178.9873713845335
137.2284179077827 -73.964367432860712 178.44060117742634
137.34918525992455 -74.181967127495938 177.89464731531774
137.42376319977583 -73.994865615337517 177.32946490667823
137.52631938489139 -73.980892559293608 176.73845984527912
137.65821368699781 -74.285644247326701 176.23872961634271
137.79010798910423 -74.590395935359822 175.73899938740632
137.92281929467237 -74.677368049458465 175.16035998264408
138.05109554251743 -74.715082754352252 174.57544733508587
138.17937179036261 -74.752797459246068 173.99053468752768
138.35248815963854 -75.011326378804753 173.4775107890195
138.39065697738113 -75.132704891951093 172.89115731380295
138.61408143204036 -75.130343077766881 172.3343126901475
138.7878709963345 -75.364186560634636 171.80979918902219
138.86395725861186 -75.450467437356323 171.22093036576459
138.98335266045154 -75.636280874419143 170.66306111170371
139.13802634726284 -75.766224281143153 170.0980914119346
139.36823649751472 -75.799749609800642 169.5450278178883
139.48637260534252 -76.062814697958217 169.01887135881938
139.66628608552554 -76.221826269246378 168.46901095849498
139.84619956570853 -76.380837840534554 167.91915055817057
139.93528493645192 -76.392219911357444 167.32591009665157
140.05619968851619 -76.444333948001116 166.740535216837
140.21018762656044 -76.618739887484509 166.18747980983895
140.36417556460466 -76.793145826967901 165.63442440284086
140.47867486533863 -76.93289387816138 165.06227023452689
140.61238974604959 -77.081399621626517 164.49652614500025
140.74610462676054 -77.229905365091668 163.93078205547363
140.89939130964018 -77.346014865081543 163.36243200764758
141.05267799251976 -77.462124365071418 162.79408195982154
141.17013260906302 -77.755734586194464 162.28418250786581
141.24389486814434 -77.574313313634576 161.71704456080357
141.57936687052569 -77.692177267385389 161.23375725078552
141.62352353637931 -77.81017184868152 160.64713346363959
141.6676802022329 -77.928166429977651 160.06050967649364
141.80272402023672 -78.221093099517589 159.55458761382866
141.93167807642314 -78.537352603678542 159.06128164648086
142.06783412490955 -78.525931776191115 158.47704616727745
142.16431644904281 -78.561264281600657 157.88590931747757
142.26079877317611 -78.596596787010199 157.29477246767766
142.33524583208344 -79.120518090296656 157.01199321917687
142.45291148088782 -79.023378186955441 156.43171859947489
142.51598455336381 -79.057819704646207 155.83603783817097
142.68621260161197 -79.235543577049015 155.28882980024775
142.77265055556543 -79.492623794516419 154.75363054585438
142.89166313527053 -79.549889328006515 154.16834714053175
143.01067571497566 -79.607154861496596 153.58306373520912
143.12997202747317 -79.820432650280864 153.03508474415585
143.24926833997068 -80.033710439065118 152.48710575310253
143.36179379476832 -80.183769639764208 151.91717570624755
143.49996638571744 -80.191189070690768 151.33334928756204
143.63813897666657 -80.198608501617315 150.74952286887657
143.7266160505921 -80.552324160508462 150.27301784262312
143.89119991596226 -80.653353534878178 149.70494635348265
144.05578378133245 -80.75438290924788 149.13687486434219
144.18027746331367 -80.792542969423494 148.55117431546574
144.30477114529486 -80.830703029599107 147.96547376658933
144.36679742853195 -81.111904569586429 147.43909136367625
144.6170468743224 -81.178276578927012 146.89782435816264
145.10631618981316 -80.983491253073296 146.61029311855333
145.12027055979914 -81.317639888226537 146.11214658872149
145.13422492978515 -81.651788523379793 145.61400005888964
145.25020368725794 -81.808477530915795 145.04655183858011
145.34841905303401 -81.804034696610003 144.45466164340129
145.28264858773773 -81.655319288715404 143.87711686301674
145.39738072666159 -81.822610546783807 143.31244866728417
145.51211286558546 -81.989901804852209 142.74778047155164
145.65295693657205 -82.267521522283147 142.23485724127104
145.74654223713864 -82.41410825818113 141.6606150272388
145.83106812801032 -82.499563900970529 141.07277771395579
145.88135343360327 -82.491803036398963 140.47493897564712
145.9735339114124 -82.817245903672699 139.97936890022737
146.17838517608635 -82.795134880730799 139.41585575750048
146.23858148469603 -82.863056374772356 138.82275958058065
146.29877779330573 -82.930977868813898 138.22966340366082
146.35897410191541 -82.99889936285544 137.63656722674096
146.48606120231784 -83.357443474756607 137.17256831647038
146.56925585981315 -83.300259069724333 136.58112212890524
146.78078856698372 -83.365534073206589 136.02345458662086
146.83270051602022 -83.408743717529774 135.42726831020661
146.91914363666328 -83.672639919790299 134.89539766679229
147.10093261644917 -83.711735680531035 134.32493795014221
147.12999860032727 -83.723576323328274 133.72575937262181
147.31028087124432 -83.964951457942234 133.20687947593754
147.49056314216139 -84.206326592556195 132.68799957925324
147.55527854165584 -84.172083761695703 132.09248354621724
147.61999394115031 -84.13784093083521 131.49696751318123
147.71371304265432 -84.429588335733712 130.98111852195584
147.83319980579967 -84.384042006938984 130.39490316445796
147.95274984065333 -84.521249142656728 129.82316721922217
148.06604945206055 -84.674522420720933 129.2542467500119
148.17934906346773 -84.827795698785096 128.68532628080163
148.29543873374428 -84.957052311515298 128.11103026260145
148.40089032699493 -85.138487965479868 127.54892612193767
148.54043075389967 -85.100627167187895 126.96660745555994
148.67997118080439 -85.062766368895922 126.38428878918221
148.77393002945215 -85.242242070808672 125.81952316772167
148.8678888780999 -85.421717772721422 125.25475754626113
148.96362746025972 -85.561647951097513 124.67921113712832
149.05936604241953 -85.701578129473589 124.10366472799551
149.19435115360585 -86.02688811295674 123.61791537451759
149.19127420810864 -86.39079716417281 123.14088211063611
149.1881972626114 -86.754706215388865 122.6638488467546
149.18111765539521 -86.371725500001745 122.20203107879495
149.37274667267585 -86.160392396245598 121.67418958839005
149.57773752795978 -86.199492223263533 121.11165074281837
149.78272838324372 -86.238592050281454 120.54911189724669
149.99341561029109 -86.692311271350761 120.21782688280845
149.98596655984642 -86.567418190246883 119.63101666652055
150.12058450267375 -86.837092143127478 119.11221615706947
150.23813204586421 -86.739575044308722 118.53198086813242
150.35567958905466 -86.642057945489938 117.95174557919538
150.49678609063116 -86.673366901720726 117.36941517085954
150.63789259220769 -86.704675857951514 116.7870847625237
150.72657722294312 -86.896424195185531 116.22550875570066
150.71604823696768 -86.923327141838996 115.62620468269958
150.93080221809456 -87.046439604361552 115.07964814476247
151.08949848918388 -87.232383110112551 114.53170608011388
151.24819476027318 -87.418326615863549 113.98376401546527
151.35385199852885 -87.474319349296607 113.39580027355012
151.45950923678456 -87.530312082729679 112.80783653163496
151.58048553735233 -87.774794242853233 112.27342731756558
151.69877812774786 -87.831700947262235 111.68796298043578
151.81707071814341 -87.888607651671251 111.10249864330599
151.95379535022079 -88.005619477376371 110.53012236180189
152.09051998229819 -88.122631303081477 109.95774608029778
152.1593669738632 -88.315489888138757 109.39377297994444
152.30965718200406 -88.364266353479195 108.8149520147351
152.45994739014495 -88.413042818819633 108.23613104952577
152.55319663240616 -88.674474352576667 107.70419295916641
152.58645061669012 -88.736101985299825 107.10829346477647
152.71121120788246 -88.878296789588774 106.53889427921456
152.8359717990748 -89.020491593877722 105.96949509365265
152.94778362985346 -89.114164939146946 105.38749559289343
153.14554383125008 -89.620053495842882 105.13260802758732
153.29073507570786 -89.682946427894464 104.55384729841614
153.43592632016561 -89.745839359946061 103.97508656924497
153.46276138847657 -89.53136817321726 103.41537057950384
153.57937414693097 -89.591137654692517 102.82985450487408
153.69460064663718 -89.819072563417549 102.28692860647729
153.80982714634342 -90.047007472142568 101.7440027080805
153.92740552976821 -90.031539927930822 101.155839398423
154.01000961080874 -90.271172880549528 100.61200797802262
154.09261369184927 -90.510805833168234 100.06817655762225
154.26919592165197 -90.781959245318916 99.562909753649393
154.36591847864173 -90.933095917055155 98.990369402734402
154.48263430233806 -90.73868317784131 98.434868634660887
154.60521543247228 -90.929024617441684 97.879221261855193
154.72779656260653 -91.119366057042058 97.323573889049499
154.87121836385978 -91.092399019942377 96.741591959918239
155.00458294357779 -91.318142793880298 96.201912761315128
155.13794752329585 -91.543886567818234 95.662233562712032
155.23177655629979 -91.662523313519969 95.081611968956821
155.32560558930373 -91.781160059221705 94.50099037520161
155.48206407041661 -91.795911024406649 93.921936705224496
155.63852255152949 -91.810661989591623 93.342883035247382
155.76706238839077 -91.978646418121144 92.781403968753096
155.89560222525205 -92.146630846650666 92.219924902258825
155.95433750776115 -92.405744408562498 91.681956196271258
156.01494586551308 -92.523434003450575 91.096741888324431
156.07555422326502 -92.641123598338652 90.511527580377589
156.39726624385463 -92.954622469512429 90.113759012513171
156.48246798243014 -93.049747761232226 89.527506641414405
156.56766972100561 -93.144873052952022 88.941254270315625
156.66721394350355 -93.516481647203051 88.480821864368721
156.86673772408835 -93.430019931737689 87.9216129295868
157.06626150467315 -93.343558216272328 87.362403994804865
157.06029482409829 -93.486211573296501 86.779639532562484
157.05432814352338 -93.628864930320631 86.19687507032009
157.29256018654795 -93.865522629425215 85.699644110774273
157.53079222957248 -94.102180328529798 85.202413151228441
157.53979143816318 -94.398827815116348 84.680954348496499
157.68825569147097 -94.581457079793182 84.129044104730937
157.79536360420846 -94.456168482914876 83.552129325477296
157.95646687475565 -94.508163280757273 82.976505944075598
158.11757014530286 -94.560158078599699 82.4008825626739
158.18429912733475 -94.634851859197326 81.809301560530486
158.33882642273892 -94.701789068944464 81.233418998781701
158.40512001298623 -94.826881704822782 80.650360689226687
158.54617993430026 -95.056958836656364 80.114481400574761
158.68006576777833 -95.04573865271648 79.529717609744438
158.81395160125635 -95.034518468776611 78.944953818914115
158.9275726473669 -95.134053828137482 78.364279236968557
159.04119369347742 -95.233589187498367 77.783604655022998
159.13636637241751 -95.429929335256389 77.224683634160726
159.25953755436169 -95.471416757745715 76.63892971508406
159.38270873630589 -95.512904180235054 76.053175796007409
159.55107015612154 -95.562748195774162 75.479442402842437
159.71943157593716 -95.612592211313228 74.905709009677452
159.79296739171474 -95.750284543175013 74.326370330195061
159.86650320749229 -95.887976875036799 73.747031650712671
159.99513153758136 -96.088896779349767 73.196499231368122
159.96310993226254 -96.259335531905407 72.622108033298304
159.93108832694375 -96.429774284461061 72.047716835228499
160.42312890035376 -96.636897768637141 71.773862975622478
160.34734610408657 -96.363832068180074 71.245003740075049
160.50875444303483 -96.516976053132481 70.687783614818571
160.59294011580113 -96.795143568661203 70.162868759051008
160.74799699852832 -96.87967847174825 69.589448133960673
160.90305388125552 -96.964213374835282 69.016027508870337
160.98007407045088 -97.105149350278282 68.43792289785064
161.06832320241546 -97.200490372218809 67.852156579048639
161.15657233438003 -97.295831394159308 67.266390260246652
161.42283662882639 -97.316630426505839 66.729109397236968
161.50609446118477 -97.319098042339405 66.134919154786729
161.57389885551876 -97.567180778874359 65.592832888642363
161.64170324985272 -97.815263515409285 65.050746622497996
161.82415110479698 -97.733404524013139 64.485050692024885
161.93525282907243 -97.880020399520191 63.913946330360282
162.0463545533479 -98.026636275027215 63.342841968695687
162.17926610310946 -97.935680088368301 62.764861439569962
162.26613967374414 -97.973297539123891 62.172376916460848
162.41878716378079 -98.093163174977889 61.604634921249271
162.57143465381753 -98.213028810831901 61.036892926037716
162.63224032643046 -98.473882500781627 60.499996266877226
162.69304599904336 -98.734736190731368 59.963099607716728
162.85788112549201 -98.671795300465604 59.38962962121245
163.02271625194064 -98.608854410199825 58.816159634708171
163.10118911191211 -98.907489670183182 58.301709450781132
163.24522404968786 -98.900271082624357 57.719299089700904
163.38925898746362 -98.893052495065518 57.13688872862069
163.4557770254213 -98.901608766393139 56.540648725897611
163.58163427603864 -99.095072096462459 55.98681491293064
163.70749152665604 -99.28853542653178 55.432981099963683
163.75385750995272 -99.408993260939511 54.84702879326737
164.06539453795568 -99.537177917075695 54.350527661230061
164.06947871933511 -99.40121433677966 53.76615002280132
164.23313442194049 -99.560060224598075 53.211186244768989
164.31947396617278 -99.795165186691023 52.665960475109259
164.45264312301279 -99.89944269597126 52.09029375145326
164.5858122798528 -100.00372020525148 51.51462702779726
164.66819393185864 -100.05690811118168 50.922694337303184
164.7505755838645 -100.1100960171119 50.330761646809115
164.95208898747768 -100.23777501360037 49.780225161169952
165.15360239109089 -100.36545401008884 49.229688675530788
165.16404572315403 -100.28056001573705 48.635816680452372
165.31614724538042 -100.24949640502456 48.056247720771196
165.35934754392849 -100.48145813143431 47.504588866327296
165.50808125710742 -100.55924151782855 46.928543705454423
165.60582369800468 -100.80497878896662 46.389971882183779
165.70356613890195 -101.05071606010466 45.851400058913129
165.7684265851554 -100.47255252891253 45.704702909277401
165.86750352966021 -100.74649782601263 45.180167178116662
165.96345622042531 -100.85898115657976 44.598668612787854
166.05940891119036 -100.97146448714689 44.017170047459039
166.18872360176434 -101.1057137503048 43.446858863855461
166.32825840489394 -101.11848510614969 42.863449118320247
166.46779320802358 -101.13125646199458 42.280039372785026
166.60732801115313 -101.14402781783954 41.696629627249806
166.5773126869355 -101.41602379037604 41.162665891368775
166.75680161018971 -101.60806060863406 40.623309249746193
166.87741139539474 -101.65812006696908 40.037692198812735
166.99802118059981 -101.70817952530412 39.452075147879285
167.12658403597911 -101.79170402414164 38.871993041354123
167.16345538835668 -101.97049800422401 38.300439705207658
167.20032674073423 -102.14929198430639 37.728886369061186
167.23719809311174 -102.32808596438875 37.157333032914714
167.53625122507199 -102.499623457436 36.666270803921464
167.65786241982471 -102.42122368984845 36.083978614592915
167.77947361457746 -102.34282392226088 35.501686425264374
167.87683274004334 -102.580708628875 34.959531404031864
167.97760036069303 -102.81316368476291 34.415646734620466
168.09580151074661 -102.9137293253132 33.83606495431097
168.17578635795937 -103.04584412645833 33.256282147102333
168.25577120517215 -103.17795892760348 32.676499339893695
168.41056896663332 -102.87070938192615 32.184935132767421
168.43688942845782 -103.4642587765502 32.101231193608143
168.56447415505789 -103.55056211406286 31.521339935291074
168.69205888165794 -103.63686545157552 30.941448676973998
168.73383944484115 -103.51138054777373 30.35620691201019
168.85714404125491 -103.37495977412064 29.78508052580559
169.04549949936376 -103.15315604978964 29.260366004114502
169.07037259145773 -103.47282346826262 28.753222956388811
169.31204966149767 -103.72817291781146 28.267024589020075
169.55372673153758 -103.98352236736028 27.780826221651335
169.35247239557808 -103.77748113196294 27.254476811493571
169.48901700728311 -103.57145567275936 26.707751030892119
169.62556161898814 -103.36543021355575 26.16102525029067
169.69187893889415 -103.51296833073755 25.583241106289698
169.74696926877579 -103.86746216225079 25.102305373605393
169.89442235136204 -104.02943045489421 24.543714413587249
170.00352812663951 -104.47173264372323 24.153247124870056
170.083442757445 -104.22081219105071 23.614125080974766
170.21372569199121 -104.57373810512374 23.146717703902326
170.30969969302419 -104.56623145640933 22.554490854333004
170.41647937250261 -104.6507781497437 21.970153659986529
170.52183420043698 -104.70566331371283 21.382031241601545
170.62718902837133 -104.76054847768198 20.793908823216562
170.85099068636856 -104.7525571934917 20.23726804384922
170.80801740360329 -105.22277776015969 19.867070913051581
170.99865048412718 -105.21385757915144 19.298230461799434
171.03267253581558 -105.11643956105695 18.707170202816091
171.14278322208546 -105.14445441972146 18.118026074046917
171.25865196273386 -105.36584343437634 17.572534241724306
171.3745207033823 -105.58723244903123 17.027042409401695
171.67323019950706 -105.33453657241883 16.592780794474606
179.47443648133637 -68.376546533947305 47.695265163944491
179.16183648133639 -68.355092691935539 47.566287620546333
