-157.90086744119452 -110.65195519588306 66.62584474119258
-189.27486109057926 -108.53640937581422 75.66971307919728
-157.90086744119452 -110.65195519588306 66.62584474119258
-158.14606859095028 -110.55700843364414 66.086528963100747
-157.91945931937809 -110.31234016242472 65.587744766181856
-157.6928500478059 -110.06767189120531 65.088960569262966
-157.49182918362254 -109.79203039021866 64.59538952564634
-157.29080831943921 -109.51638888923199 64.101818482029714
-156.79615365667337 -109.76116203236855 63.866440333079836
-156.27195250759175 -109.96897743994555 63.742177840722128
-156.19546454259111 -105.33959786881319 58.137338718703347
-156.36086942523013 -105.91233795138808 58.205235866001985
-156.44186874170663 -106.47526732547799 58.396415442623223
-156.64048184771463 -106.77358562349477 58.877621248064315
-156.78918308741808 -107.07384070822252 59.375350919076403
-156.93788432712154 -107.37409579295017 59.873080590088534
-156.90117743500758 -107.66947251763042 60.394046226756153
-156.86447054289363 -107.96484924231069 60.915011863423771
-156.83735587674855 -108.26389634950711 61.434468909345092
-156.79594497894612 -108.56522156425061 61.951661574125822
-156.80162863572053 -108.86316115314897 62.47242994625757
-156.76346543291999 -109.21659462383407 62.955781114407067
-156.72530223011944 -109.57002809451917 63.439132282556571
-156.27195250759175 -109.96897743994555 63.742177840722128
-71.746006930512792 134.2123346057127 250.11541309380118
-72.061904543169845 133.71660440657229 249.99516223942669
-72.377802155826885 133.22087420743188 249.87491138505226
-72.414011937795152 132.62220269503155 249.85814022140386
-72.721929760683651 132.17302774305634 249.60629011347118
-73.029847583572149 131.72385279108113 249.35444000553852
-73.36585767363735 131.26783461363584 249.15658995824555
-73.531324965657589 130.79712391088515 248.82334528898974
-73.730336311508907 130.31813960926837 248.52173540349662
-73.929347657360239 129.83915530765162 248.22012551800353
-74.16006563960255 129.52176098144815 247.76622018165699
-74.390783621844875 129.20436665524471 247.3123148453104
-74.484791750957058 128.62822624038319 247.17366170245378
-74.67178461817457 128.22836177688768 246.7672849333795
-74.747992494616653 127.91110050019748 246.2637597186374
-74.961090080973918 127.55497088424679 245.8304456116301
-75.103143728913949 127.20711480075056 245.36266691792804
-75.27707910753648 126.75104697813188 245.01374196147563
-75.368112978197701 126.34595219215028 244.58060105049748
-75.606606941105611 125.93626774037955 244.21279773399016
-75.709154952130305 125.49614938732846 243.81810831084522
-75.886664353017068 125.08180523618611 243.42211672379955
-76.069952889304844 124.59208639238439 243.12787062528508
-76.238434861873628 124.10533152877341 242.82016373931992
-76.406916834442399 123.61857666516241 242.51245685335476
-76.592939272755572 123.17846537546761 242.1495550689458
-76.778961711068746 122.73835408577281 241.78665328453684
-76.962841979190245 122.26256732501876 241.47071815624827
-77.146722247311729 121.78678056426472 241.1547830279597
-77.334990843273374 121.3350643599623 240.80764126074456
-77.531608984521768 120.84519586107501 240.5223867071789
-77.728227125770147 120.35532736218772 240.23713215361323
-77.899808529786043 119.84066926161294 239.98083767199356
-78.127661809720991 119.35897185237475 239.70506514117133
-78.368923066180031 118.9972749467441 239.29158194370251
-78.562299011193048 118.5405755890495 238.95389652712123
-78.755674956206065 118.08387623135488 238.61621111054001
-78.910454839724039 117.57077297812768 238.34645522240072
-79.133265778414142 117.14365825301203 237.98878456776237
-79.397821806787277 116.72361531390425 237.65177709431836
-79.662377835160399 116.30357237479643 237.31476962087436
-79.518444403327948 115.75491152703862 237.51035704720493
-79.679326919916846 115.21553078740479 237.30254647584707
-79.790008043340379 114.67124172430636 237.07561233405886
-80.132286497940882 114.69918689128755 236.58361179832877
-80.241873455201244 114.12150626663829 236.46413044119194
-80.485287977059656 113.65154125032544 236.18149595286735
-80.711558710313909 113.21673109530597 235.83545883872415
-80.878339494498661 112.68255720177633 235.61902773768253
-81.138199798274599 112.27526723604294 235.26323635732828
-81.39959242008203 111.87101623833048 234.90510924565825
-81.609874878095326 111.39258159890537 234.61035242444785
-81.820157336108622 110.91414695948026 234.31559560323748
-82.053911873207483 110.48860426090599 233.96307294002872
-82.306812948504074 110.02922954863115 233.67149804427081
-82.559714023800652 109.56985483635637 233.3799231485128
-82.663334495083291 109.14601682943973 232.96806863315078
-82.766954966365915 108.72217882252308 232.55621411778876
-83.097790395079357 108.27730970997337 232.32678135681675
-83.264939518595043 107.71660277065921 232.19385694704602
-83.432088642110685 107.15589583134503 232.06093253727528
-83.723494845046446 106.93730715534329 231.58417115501538
-83.924841148087921 106.59535137381927 231.13414236734306
-84.137662620089756 106.15382297164403 230.78807923563505
-84.32783330630852 105.66838429191992 230.49112065547479
-84.526449915941413 105.31027655231291 230.05258868490537
-84.725066525574306 104.95216881270589 229.61405671433596
-84.987947184883637 104.4857250422501 229.34327272669253
-85.198307778655632 104.0289341394767 229.01602589060184
-85.408668372427627 103.5721432367033 228.68877905451117
-85.638505347213865 103.15983497719074 228.31840510272892
-85.868342322000103 102.74752671767817 227.9480311509466
-86.141639561531434 102.28804840308351 227.67565586337113
-86.359098363009096 101.81964644944109 227.37018691325693
-86.658424213954021 101.42754169901283 227.02863472156778
-86.862688421507983 100.98798288077847 226.67499058005714
-87.21433119759152 100.65458000261638 226.32116876210142
-87.389658194349281 100.16608952819432 226.02010813596971
-87.675130267227402 99.726967974866199 225.72740016373569
-87.907831557807498 99.219644735447062 225.50723377186893
-88.109311664381082 98.664392245156762 225.40187515247061
-88.403796737470699 98.370019354871928 224.96987614414678
-88.698281810560331 98.075646464587095 224.53787713582301
-88.953734110422516 97.655137754580394 224.19448734665679
-89.159844274937669 97.136394092456527 223.97443368708747
-89.340063947301147 96.617912271132838 223.73215807822422
-89.724385343294387 96.238927187766365 223.4701134805552
-90.108706739287626 95.859942104399934 223.20806888288615
-90.245006159156588 95.371571676805402 222.88726240914457
-90.381305579025565 94.88320124921087 222.56645593540298
-90.606928033768597 94.485924900885863 222.17752662180311
-90.832550488511629 94.088648552560869 221.78859730820324
-91.058172943254647 93.691372204236004 221.39966799460322
-91.29904194923779 93.238367183693782 221.08859151956818
-91.539910955220918 92.785362163151561 220.77751504453312
-91.780779961204047 92.332357142609368 220.466438569498
-92.031676402422931 91.867137038777116 220.18249978952244
-92.28257284364183 91.401916934944865 219.89856100954688
-92.517571386830937 90.996471958053291 219.5238743999484
-92.752569930020059 90.591026981161704 219.14918779034997
-92.947598521138048 90.096757025723576 218.87051045040693
-93.142627112256022 89.602487070285449 218.59183311046391
-93.405056492119442 89.186592816970546 218.24808496044108
-93.667485871982862 88.770698563655657 217.90433681041819
-93.909590299893267 88.335015237973423 217.57032261055738
-94.12560883686632 87.926834316949197 217.18727649401808
-94.341627373839344 87.518653395924957 216.80423037747877
-94.553397840408138 87.043610790784896 216.50508527424125
-94.808163823592892 86.587160173657509 216.21055662039595
-95.02108631454341 86.113921970952646 215.90937624861172
-95.252654183349534 85.757937370712909 215.48552334189907
-95.484222052155658 85.401952770473173 215.06167043518644
-95.716224089216837 84.976385994466312 214.70802092796413
-95.948226126277973 84.550819218459424 214.35437142074178
-96.190865193032792 84.092216725075289 214.05302438434325
-96.433504259787597 83.633614231691155 213.75167734794462
-96.663638760883956 83.172595265569868 213.44426943607249
-96.902168610804864 82.782475208414496 213.05579826378067
-97.140698460725744 82.392355151259153 212.66732709148877
-97.321851708777842 81.883178149679637 212.40670805576298
-97.573521344550912 81.487593913364421 212.03230786023852
-97.825190980323967 81.092009677049248 211.657907664714
-98.051702039503098 80.684076053355369 211.28070361021628
-98.26791474654739 80.23332237447913 210.94893081703981
-98.537332911535742 79.817255653600967 210.61084453197046
-98.80675107652408 79.401188932722789 210.27275824690111
-99.000283251604827 79.014403743043943 209.85689467040802
-99.267240728905463 78.60759677126002 209.50583656550049
-99.464737755124744 78.133455160510749 209.19570005105783
-99.662234781344026 77.659313549761492 208.88556353661519
-99.894710986119392 77.269783977387831 208.49285304979361
-100.12718719089476 76.880254405014185 208.10014256297205
-100.3193969008482 76.396837093894959 207.80120589625167
-100.55123854293096 76.08787671768475 207.34208397461384
-100.78723542811747 75.626934408949609 207.03903668754432
-101.02323231330398 75.165992100214453 206.73598940047486
-101.22383440880516 74.606375798002574 206.65482048044231
-101.42443650430633 74.046759495790695 206.57365156040981
-101.5595485848045 73.929035928296145 206.00103835120154
-101.69466066530264 73.81131236080158 205.42842514199324
-101.85689388724191 73.296392750382566 205.16662717312192
-102.01912710918117 72.781473139963538 204.90482920425066
-102.17787440300633 72.283146344346534 204.61077189440567
-102.33662169683149 71.78481954872953 204.31671458456066
-102.55603736656902 71.440925899040707 203.87672149191337
-102.7896805318486 71.041551765745751 203.49473828158466
-102.98077515328904 70.599723468538997 203.13658942783258
-103.17186977472952 70.157895171332257 202.77844057408052
-103.36296439616997 69.716066874125502 202.42029172032846
-103.58993038620096 69.30886089497821 202.04257525270236
-103.67896897773622 68.836087886339868 201.68402565847518
-103.90476833755979 68.346267100652796 201.42117542162507
-104.11237612988933 67.933855560507297 201.03801001854322
-104.2543695344938 67.565309791453515 200.58633326558666
-104.45962211620072 67.051577451255724 200.35406088165448
-104.62763466873044 66.585349301145754 200.01582561702719
-104.78755308300958 66.152362120047755 199.6324873828537
-104.94747149728873 65.71937493894977 199.24914914868017
-105.08630497933548 65.359495268700385 198.78957120403533
-105.36821110498688 64.857538914255684 198.62054826312851
-105.52420620557689 64.483397370540871 198.1781868341379
-105.68020130616688 64.109255826826058 197.7358254051473
-105.76377092638302 63.553041845181781 197.52691842776181
-105.97910818095679 63.256628222532072 197.05176705072466
-106.0603376310352 62.668690202831861 196.96384287071163
-106.25324178179714 62.270591253362888 196.5584970738289
-106.44614593255911 61.872492303893921 196.15315127694615
-106.60701162016684 61.390324125637832 195.83434713891199
-106.7678773077746 60.908155947381751 195.51554300087784
-106.92840690444332 60.419524555330192 195.20656142975241
-107.08893650111204 59.930893163278611 194.89757985862704
-107.28128775959121 59.384594802379297 194.7408664442676
-107.4505398367148 58.957456503081985 194.35498225482371
-107.54883084513794 58.555196798771895 193.92078643730412
-107.7550052457412 58.098817993531384 193.59031631359679
-107.96117964634445 57.642439188290879 193.25984618988946
-108.09420326581888 57.150391736263529 192.9433117974211
-108.22722688529332 56.658344284236207 192.62677740495272
-108.40914346487031 56.263015316683209 192.21371401334255
-108.59106004444729 55.86768634913021 191.80065062173239
-108.77297662402434 55.472357381577197 191.38758723012228
-108.93764306947151 55.046619128015394 190.99818781923682
-109.07641604309325 54.54459361930769 190.70034146555935
-109.215189016715 54.042568110600008 190.4024951118819
-109.4493705205153 53.881437836405574 189.87410504950765
-109.56424072185192 53.380068100776384 189.56518236494077
-109.67911092318852 52.878698365147201 189.25625968037389
-109.75625674124517 52.303296679476851 189.10472940985315
-109.91208975851501 51.896720950568202 188.69191922660789
-110.07090895935578 51.488291935472873 188.28208730853345
-110.19442424302235 50.999277807346012 187.95711168299658
-110.39137592378677 50.550514639263945 187.61095903687493
-110.56974849992112 50.104106463188238 187.25192844706962
-110.66741201323654 49.561521881542923 187.01515047105059
-110.76507552655194 49.018937299897587 186.77837249503159
-110.93363300196704 48.651612434923308 186.33490792930698
-111.10219047738212 48.284287569949029 185.89144336358237
-111.21548256729432 47.967123476264128 185.39488335709737
-111.32877465720651 47.649959382579212 184.8983233506124
-111.49152303465898 47.254036938037203 184.47789692001547
-111.51568107217244 46.669683516436585 184.61186507999071
-111.53983910968591 46.08533009483596 184.74583323996592
-111.68876725058267 45.997568560544487 184.17127399850526
-111.81242317944756 45.636221649276322 183.70852393532479
-111.94628001379604 45.060228155578038 183.60696684243885
-111.99914374254317 44.632591823866584 183.18943529395023
-112.06147586917959 44.120413147282633 182.88318750335949
-112.06296897687294 43.822715448512533 182.36225194997846
-112.41740359188205 43.451438298684707 182.05156017071954
-112.43439805886877 43.472082414907405 181.4521562930567
-112.50687428192541 42.961618039695409 181.14527957720674
-112.57935050498205 42.451153664483414 180.83840286135674
-112.77048874379224 42.186038637422122 180.33523271509324
-112.80332696686325 41.62481678740501 180.1255861406664
-112.84780901890042 41.134597625699861 179.7825023017237
-113.04361454241237 40.69482909829236 179.42436288855609
-113.05235795183114 40.098170253779031 179.36173880328721
-113.1377366217354 39.624462936175107 179.00353235447054
-113.22518566716151 39.157169332004493 178.63748679452573
-113.31267585457272 38.690005414832065 178.27128556350806
-113.44917393173539 38.51270046518119 177.71457088814896
-113.5178134899177 38.186807450530949 177.21548937771735
-113.76323812648589 37.780674880591675 176.84830674822638
-113.85450038191959 37.439240084599469 176.36344235396865
-113.94576263735333 37.097805288607255 175.87857795971092
-114.0269870398981 36.637328002495025 175.50259489439287
-114.05074251091507 36.197420999367218 175.09526516776359
-114.07449798193197 35.757513996239382 174.68793544113436
-114.22687089220135 35.181324675535464 174.6187374431662
-114.38872317486505 34.676509000466872 174.33773037421315
-114.55057545752875 34.17169332539828 174.05672330526008
-114.54738497456924 33.76606121453959 173.61462330361022
-114.69355854415817 33.292423057817714 173.27654020132508
-114.77826390053603 32.889281265374521 172.84030437314658
-114.85045079818561 32.415666118231982 172.47908734114935
-114.92263769583512 31.942050971089458 172.11787030915212
-115.07566722604876 31.474701824621633 171.77411641727832
-115.22869675626239 31.007352678153801 171.43036252540452
-115.34748855539317 30.628118832842755 170.98084033570763
-115.45504461862754 30.187338490459222 170.58822808038468
-115.56628807481145 29.713548521233275 170.23730364618675
-115.67753153099537 29.239758552007327 169.88637921198884
-115.7318436974053 29.057332536453192 169.31737047969301
-115.92668304007114 28.519692681671113 169.13576371467735
-116.02409412429934 28.048015885456085 168.77794800711018
-116.09846229696898 27.52993300284988 168.48458900921813
-116.26808783581586 27.191495521178602 168.01909223417999
-116.43771337466276 26.853058039507328 167.55359545914183
-116.56973620947117 26.436431820819912 167.14250840632775
-116.65619685517137 25.879725670651037 166.93610390272073
-116.75424262034673 25.418628184723026 166.56492182287039
-116.87086167637328 24.967870558464508 166.18648086559796
-117.03107659356947 24.454852580415206 165.91975303707977
-117.20205481563448 24.00163969569989 165.56568450034217
-117.34447872108542 23.644060221025573 165.10541028810806
-117.48690262653636 23.286480746351256 164.64513607587395
-117.64462570422828 22.924583581685081 164.19330217611656
-117.8023487819202 22.562686417018906 163.74146827635917
-117.93062769383857 22.034389169895704 163.4876050465698
-117.97961344455719 21.597717803382814 163.07904842394046
-117.94020586547757 21.238077575350808 162.60039829170171
-117.90079828639796 20.878437347318794 162.12174815946295
-118.23919632895552 20.432278949403806 161.90627322179469
-118.57759437151307 19.986120551488817 161.69079828412643
-118.66124149053874 19.572848867646243 161.26393803203842
-118.80795764203103 19.224910696714019 160.79766193346632
-119.01680921265327 18.768688618172142 160.46865975034353
-119.10604316261295 18.248863493334124 160.18261929557929
-119.24471234514476 17.852987284327369 159.75360544387004
-119.40318517262685 17.418117324672416 159.37180119934212
-119.55009884386985 17.094807228062315 158.88818259482832
-119.67189740863307 16.700765413605801 158.45241183160363
-119.85199211445561 16.275162626837311 158.06975249899875
-119.98893307481151 15.824102549785522 157.69854907731889
-120.12859328012806 15.287594712301285 157.46908368260995
-120.23958552116108 14.844463637395203 157.08009065840122
-120.41121473291359 14.507000920231487 156.61462065056216
-120.58284394466617 14.169538203067779 156.1491506427231
-120.70876753951794 13.687906620089739 155.81422637286846
-120.81423734945061 13.270807161007635 155.39601092548975
-120.97887705145679 12.805763788319274 155.05450187723193
-121.13793268373854 12.445801558703955 154.60159073904936
-121.29204120098768 12.088760091177722 154.14467504072201
-121.4461497182368 11.731718623651489 153.6877593423946
-121.43837946325716 11.138587317094075 153.77795289160434
-121.5967402348798 10.801260438189903 153.3077056770673
-121.75510100650243 10.463933559285739 152.83745846253024
-121.84577999397045 10.099837944755667 152.36925796625567
-121.93645898143848 9.7357423302255928 151.90105746998111
-122.13356243006908 9.3312019432307629 151.50419816767359
-122.29354890542825 8.7709509189810753 151.36093924987324
-122.47988364153575 8.5052906823607284 150.85625716697493
-122.66621837764326 8.2396304457403797 150.35157508407661
-122.79085273784654 7.8082811187881491 149.95357504086735
-122.93999107637546 7.3562623262304809 149.5882850640605
-123.08351563755403 6.9298395692360941 149.19134132414791
-123.22704019873257 6.5034168122417153 148.79439758423527
-123.35457396161772 6.1386914818531668 148.33536537109842
-123.48210772450284 5.773966151464613 147.87633315796157
-123.57342611100796 5.2912375507801004 147.53190021765639
-123.7446368562069 4.9244735546300218 147.08898820398272
-123.88534673479717 4.5447607543486646 146.64624796482479
-124.02605661338748 4.1650479540673047 146.20350772566692
-124.10507594736882 3.6467555749986951 145.91173905932911
-124.18409528135014 3.1284631959300837 145.61997039299129
-124.23506558862672 2.9614608210283566 145.04593883065928
-124.44167577536973 2.4579646935891524 144.79334453066866
-124.61752600910788 2.107339175141663 144.33931981646506
-124.79337624284605 1.7567136566941641 143.88529510226147
-124.92026715759744 1.3793752983178318 143.43639148337272
-125.04715807234884 1.002036939941501 142.98748786448397
-125.14231355772942 0.64341737796350829 142.51596114904922
-125.26278236591486 0.20273474442769884 142.12700603241709
-125.38325117410029 -0.2379478891081046 141.73805091578492
-125.52548335313676 -0.51872487886903651 141.22723363997358
-125.62439020326943 -0.77101571906548005 140.69191432689979
-125.76191095685606 -1.2692095774223369 140.38713420643839
-125.89943171044271 -1.7674034357791797 140.08235408597699
-126.01790941799746 -2.05463097722583 139.56906725364337
-126.20296965653276 -2.3626598491234954 139.08857696009864
-126.38802989506807 -2.6706887210211496 138.6080866665539
-126.396564952169 -3.2500682164309764 138.45237361925552
-126.55935308045476 -3.6287551169180281 138.01637332488784
-126.63807603711159 -3.968283805899175 137.52798519496045
-126.89488359288202 -4.1349758609266996 137.01197779376361
-126.97237572996244 -4.642717302087715 136.70182686660323
-127.14623123289252 -4.9744800202956876 136.23309691993012
-127.32008673582261 -5.3062427385036619 135.76436697325698
-127.4082992432665 -5.8518520997793075 135.53085256595233
-127.53522031561295 -6.4245870144708803 135.40489321184288
-127.70351672111317 -6.6258308799393557 134.86528481077133
-127.82812463031647 -6.9806688530011911 134.39777771795096
-127.92048638773088 -7.3147242182398218 133.90800601733667
-128.01284814514528 -7.6487795834784489 133.41823431672239
-128.14363359422345 -8.0809075200941898 133.02306269235439
-128.27441904330163 -8.5130354567099324 132.62789106798638
-128.47023632372483 -9.0735205545450004 132.54121899755728
-128.6604796626811 -9.1995841701517946 131.98631771191907
-128.78989995217847 -9.5827228691085331 131.54308512508891
-128.91932024167585 -9.9658615680652751 131.09985253825874
-129.06331922335829 -10.320849415800643 130.63806479347267
-129.20731820504079 -10.675837263536 130.17627704868659
-129.1770902282031 -11.021476513077214 129.68676731579777
-129.14686225136535 -11.367115762618422 129.19725758290895
-129.21413740820506 -11.959505130856961 129.26470303991044
-129.59057081153998 -12.273684229072625 128.91888605493415
-129.96700421487486 -12.587863327288305 128.57306906995785
-130.00154322391387 -12.924763335088633 128.07778587662423
-130.03608223295288 -13.261663342888966 127.58250268329064
-130.12597884806013 -13.674315644287812 127.15631413728958
-130.25847139785236 -14.10879228680054 126.76429912308679
-130.49192866938733 -14.509672042309322 126.38378220626092
-130.72538594092231 -14.91055179781811 126.00326528943503
-130.89350715577231 -15.294370109990748 125.57382523499402
-131.06162837062234 -15.678188422163384 125.14438518055302
-131.1748453773767 -16.113280886951685 124.74704847640146
-131.2970689236472 -16.51582309077201 124.31923873027529
-131.41929246991771 -16.918365294592345 123.89142898414914
-131.57358652043342 -17.363312869411967 123.51965620187805
-131.77640881373085 -17.869965800196784 123.27032524698329
-131.81933652046717 -18.221275940458437 122.78582715891307
-131.86226422720353 -18.572586080720097 122.30132907084285
-132.07057284303747 -18.930711504368073 121.86733171888514
-132.201531677052 -19.42465920057964 121.55290293966664
-132.33249051106654 -19.918606896791207 121.23847416044813
-132.46089680729068 -19.789192779476259 120.66684157798841
-132.52165359365895 -20.372817152941561 120.54157704347271
-132.58864281340169 -20.676552399705322 120.02849094513093
-132.65563203314449 -20.980287646469083 119.51540484678912
-132.77797758687743 -21.466218963069746 119.18540133009799
-132.98530586737758 -21.948281600896227 118.89448794553718
-133.18704343394296 -22.266987977872166 118.42787440146549
-133.29855382162444 -22.608713065320103 117.94746894973973
-133.41006420930594 -22.950438152768047 117.46706349801397
-133.57024440700269 -23.425520165543041 117.1374586051445
-133.69172489849015 -23.749307690589752 116.64714836783337
-133.78006111891816 -24.249958140325283 116.32848578869974
-133.89103095932029 -24.620882371042889 115.87011813104087
-134.00200079972242 -24.991806601760494 115.411750473382
-134.13393345490977 -25.445146720071698 115.04151202099652
-134.26586611009714 -25.898486838382901 114.67127356861104
-134.3458696272061 -26.270087227195621 114.20704023473202
-134.44361523141419 -26.680989925103667 113.7808891233761
-134.54136083562227 -27.091892623011706 113.35473801202018
-134.6811051422707 -27.36155819155254 112.83729042056487
-134.76666083759147 -27.822442989591508 112.4627701595178
-134.85221653291231 -28.28332778763048 112.08824989847076
-134.90977837076824 -28.866633281296288 111.96002612578434
-135.08705324149227 -29.212351477156353 111.502803478422
-135.19303310960308 -29.52546645605144 111.00207672903991
-135.2891245515589 -29.946789822942115 110.58583995111807
-135.39255003678238 -30.274196077661962 110.09379491925961
-135.60421827659144 -30.728000649236709 109.76325298988604
-135.65737958523013 -31.141635224410798 109.33188271566171
-135.71054089386888 -31.555269799584909 108.9005124414374
-135.79610594739256 -31.732517355200287 108.33371271874528
-135.94151018199935 -32.298124679921202 108.19606838438872
-136.0379946170014 -32.593288736257009 107.68267873349018
-136.11959037728687 -32.99907954515642 107.24831028238421
-136.20118613757231 -33.404870354055831 106.81394183127824
-136.36062654975342 -33.759337063110067 106.35685091347766
-136.36702678992978 -33.989878420298886 105.80294684276575
-136.51061077445837 -34.415450969774469 105.40511315324243
-136.65419475898696 -34.841023519250051 105.0072794637191
-136.72869819049453 -35.408827812254501 104.82826124246969
-136.83352869816855 -35.70990057176256 104.3199643231961
-136.93835920584254 -36.010973331270613 103.81166740392253
-137.13329440926606 -36.340527084455189 103.49189666886268
-137.32822961268954 -36.670080837639773 103.17212593380286
-137.32822961268954 -36.670080837639773 103.17212593380286
-137.32610614321817 -36.983587378821582 102.6605507785093
-137.3239826737468 -37.297093920003398 102.14897562321576
-137.45762827257579 -37.652479620214677 101.68438993897766
-137.54319573916354 -38.122874839522083 101.32188953026825
-137.6113254343752 -38.437023203459184 100.81526427421996
-137.67945512958687 -38.751171567396277 100.30863901817165
-137.80238188484887 -39.218750272652827 99.953309358234037
-137.92530864011081 -39.686328977909369 99.597979698296427
-138.08415144755443 -40.126211179214906 99.222117208151388
-138.14748408858401 -40.6634424155679 98.96255685820006
-138.2108167296137 -41.200673651920908 98.702996508248802
-138.25257746307548 -41.105615667081587 98.112048100467703
-138.37149634968472 -41.52129120242391 97.696028692596514
-138.49041523629393 -41.936966737766227 97.28000928472531
-138.56272944204889 -42.360380770884227 96.861092571994988
-138.63504364780385 -42.783794804002227 96.442175859264665
-138.75708626935909 -43.255732608193739 96.09234689034011
-138.83464975184367 -43.516937403426695 95.557785424152954
-138.94269412840998 -43.948432512004814 95.155121316036087
-139.05073850497632 -44.379927620582933 94.752457207919207
-139.15878288154263 -44.811422729161052 94.349793099802341
-139.17599695347786 -45.012876021571053 93.784885809439956
-139.19321102541312 -45.214329313981054 93.219978519077571
-139.31609836424585 -45.729863945169335 92.938690862042691
-139.34296448334356 -46.116684359378937 92.480817321864464
-139.41499454180317 -46.571139901601555 92.095743522675974
-139.5513956988072 -46.967191767754642 91.666165073862942
-139.6877968558112 -47.363243633907729 91.23658662504991
-139.82419801281526 -47.759295500060809 90.807008176236849
-139.9990778057149 -48.228153708436707 90.475965824756074
-140.03903750662457 -48.525219689835787 89.95620143101732
-140.0789972075342 -48.822285671234852 89.436437037278566
-140.33753607080814 -49.363499357099087 89.452102362371789
-140.40727087663495 -49.619622039439605 88.914014796591829
-140.47700568246165 -49.875744721780144 88.375927230811868
-140.64190997327427 -50.389184339144457 88.112894278137944
-140.80681426408691 -50.902623956508776 87.849861325464019
-140.92358169756864 -51.219180674069605 87.353718996041096
-140.99194850817733 -51.592641249590088 86.889118976950357
-141.07098138245925 -51.983690771174338 86.440973825853689
-141.15001425674117 -52.374740292758588 85.992828674757021
-141.30948486222189 -52.828930706976372 85.634666429928927
-141.46895546770259 -53.283121121194164 85.276504185100833
-141.59323058922794 -53.652336818058835 84.820175944293197
-141.7175057107533 -54.021552514923521 84.363847703485561
-141.84268186215064 -54.370169860006264 83.891834061914906
-141.96785801354807 -54.718787205089065 83.41982042034428
-142.08115471714095 -55.110575134628583 82.979745341270132
-142.19445142073386 -55.502363064168108 82.539670262195983
-142.31608894530629 -55.847932142175921 82.064500476813208
-142.42878829026853 -56.312412242014695 81.701792475110935
-142.54148763523068 -56.776892341853475 81.339084473408661
-142.66395897187024 -57.058015389827617 80.823361094454938
-142.78643030850981 -57.339138437801751 80.307637715501215
-142.73245390556195 -57.805788511702204 80.680899361606876
-142.87680079083256 -58.060665964050528 80.15725686810859
-143.00546570865433 -58.367367421860806 79.657877698840409
-143.1474300808099 -58.775405428822765 79.241523160120124
-143.28939445296547 -59.183443435784703 78.825168621399825
-143.40145741928956 -59.599668224767569 78.407797303967953
-143.50515021483412 -60.036893597024608 78.010202311536148
-143.60884301037865 -60.474118969281633 77.612607319104313
-143.82203917361295 -60.875493309908521 77.220885434767339
-143.93254261899258 -61.219422427192264 76.741822024722651
-144.04095022964211 -61.617687403880076 76.306353543317726
-144.12780049810914 -62.064030106555855 75.914900835273329
-144.21465076657617 -62.510372809231626 75.523448127228932
-144.42018360259209 -62.800877089632387 75.040370994269722
-144.56241870176135 -63.148245367591912 74.572285044863264
-144.69278381650503 -63.651317309266759 74.272412474664918
-144.77490261781423 -64.11404431030914 73.899397428081187
-144.89158415309851 -64.453431293190292 73.418562846156675
-144.99271058762625 -64.804742143968355 72.942795959577424
-145.08271108934059 -65.263518749193778 72.566732220047825
-145.18848301729531 -65.67703684807546 72.14505096464984
-145.30214951383306 -66.106204788256136 71.741448676888837
-145.40680039195306 -66.401555557599025 71.229768975554819
-145.51145127007302 -66.696906326941914 70.718089274220787
-145.7616798941331 -67.193250550689029 70.492195389279459
-145.78739429598426 -67.577148176158857 70.031802749572805
-145.81310869783539 -67.961045801628671 69.57141010986615
-145.95577262767577 -68.490930515374373 69.328780364655174
-146.07067950530632 -68.911865279614375 68.916942612952639
-146.18558638293689 -69.332800043854391 68.505104861250103
-146.21756996083536 -69.929084542705624 68.446608304304121
-146.38480193570376 -70.095812181132146 67.8950329593454
-146.58515039243497 -70.395023520271337 67.415102682726001
-146.78549884916615 -70.694234859410528 66.935172406106616
-146.78409620563139 -71.048030543676887 66.450583253952317
-146.78269356209663 -71.401826227943246 65.965994101798032
-146.88915128810388 -71.791976454833687 65.522767801776581
-146.99560901411115 -72.182126681724142 65.079541501755145
-147.12020809946904 -72.582559172278422 64.650439079906391
-147.2448071848269 -72.982991662832703 64.221336658057638
-147.36299566149884 -73.506131475552749 63.952345542350805
-147.53166571862076 -73.971091889515165 63.612695391050373
-147.62054453369288 -74.280008079310107 63.106067969848219
-147.66525499297938 -74.581316080841447 62.589140060905812
-147.70996545226589 -74.8826240823728 62.072212151963399
-147.74333638611759 -75.181563721435637 61.553057576744379
-148.00256531285544 -75.720705495427751 61.506943467417919
-148.15480899917321 -76.14667696663308 61.112773243154933
-148.30705268549099 -76.572648437838424 60.718603018891955
-148.3315460100643 -76.892675785136902 60.211668531968392
-148.49279389053891 -77.361113282763455 59.873193375036863
-148.76031516989863 -77.851971003637686 59.655268931828004
-148.81023496173623 -78.12151891366625 59.121553709464877
-148.92905657907625 -78.342157976963549 58.576393341316205
-149.04787819641626 -78.562797040260847 58.03123297316754
-149.16669981375631 -78.783436103558145 57.486072605018862
-149.23784783922162 -79.350625016982775 57.30376875162964
-149.41840867602318 -79.828841303370311 56.98959210124449
-149.46841396466337 -80.284871779218719 56.602893670674248
-149.56048921212218 -80.87439113567612 56.53973452907578
-149.68918118751807 -81.195402500316007 56.049438619200181
-149.75095990449211 -81.48557551688944 55.527918714899577
-149.90621379275916 -81.682393329479567 54.982795812404007
-150.06146768102622 -81.879211142069664 54.437672909908429
-150.12264980484576 -82.356079713015959 54.078711750772001
-150.18383192866531 -82.832948283962253 53.719750591635567
-150.08968133927257 -83.081060944027769 53.181628138626763
-149.99553074987983 -83.329173604093299 52.64350568561796
-150.2759676630555 -83.801205830300361 52.401553799594069
-150.41613482787517 -84.068215442087194 51.882844793387449
-150.55911406411559 -84.594178169252899 51.632005905579909
-150.70209330035604 -85.12014089641859 51.38116701777237
-150.84507253659646 -85.646103623584295 51.130328129964838
-151.07822522240616 -86.162288214529184 50.932355169258656
-151.4189347106921 -86.517710664471593 50.589438376626866
-151.58766317870396 -86.921120762119727 50.178596561328199
-151.2332397676777 -86.906676450412093 49.694679825126812
-151.49809789366137 -87.284544042213113 49.311187639851902
-151.69805091242932 -87.690021715995485 48.916717556892976
-151.89800393119725 -88.095499389777871 48.522247473934058
-151.92339159503146 -88.590557775167838 48.184205077805828
-151.94877925886564 -89.085616160557819 47.846162681677605
-152.1766264543875 -89.456650282254785 47.433343912688841
-152.40447364990933 -89.827684403951736 47.020525143700077
-152.47962558051057 -90.189097367517888 46.547521066452063
-152.59767201050195 -90.77737023635656 46.54778968257169
-152.74152392479618 -90.836316303192845 45.968279554999775
-152.91282720201389 -91.236699855091885 45.555546955629211
-153.03249865501698 -91.602347913949103 45.095133836365555
-153.14753687543089 -92.098231372046129 44.777540064654374
-153.34044098084786 -92.645121931342629 44.623596171415166
-153.53334508626486 -93.192012490639101 44.469652278175964
-153.65874722641857 -93.371165075236092 43.910922777722405
-153.914030059608 -93.722149086980608 43.496627112069831
-154.16931289279742 -94.073133098725123 43.082331446417257
-154.10086259530109 -94.530810108999304 42.70043314707678
-154.03241229780474 -94.988487119273486 42.318534847736302
-154.56273720730093 -95.221514344810146 42.162157731358818
-154.55648411249487 -95.564776673981697 41.670088760403459
-154.78125538274622 -95.973079632324414 41.292244122651134
-155.00602665299758 -96.38138259066713 40.914399484898802
-155.05316702136034 -96.85512944551752 40.549239652510316
-155.13008419520594 -97.297451835777196 40.151201147535517
-155.3300680571619 -97.68760600071559 39.741584030536728
-155.53005191911785 -98.077760165653984 39.331966913537947
-155.69618395801314 -98.463180384533047 38.941238124204837
-155.86231599690842 -98.848600603412109 38.550509334871727
-135.95148966362257 -104.91555234150576 66.384333920452917
-136.27738843402847 -104.93641283937386 66.361224464821163
-140.31132155678077 -95.346826422273026 65.429948654757425
-139.98301082017019 -95.333469143020778 65.383508248937375
-193.0357617095903 -124.49729779830122 64.965435936752002
-192.69774860155411 -124.48774583219839 64.959198862330382
-168.90167801937091 -109.95328922830147 87.062621991890097
-168.88940006320996 -109.54659023276615 87.056396705525998
-188.96226109057926 -108.53640937581422 75.66971307919728
-189.27486109057926 -108.53640937581422 75.66971307919728
