103.05741085902443 113.25348293888194 366.8469406535657
86.852115853090751 89.644570434375439 412.48912199384688
103.05741085902443 113.25348293888194 366.8469406535657
102.78127282124088 112.94699571322947 367.2826164098351
102.53796088808031 112.76801288082672 367.80104137922484
102.3522100406512 112.48150643981566 368.29440806024269
102.1664591932221 112.19499999880459 368.78777474126048
101.9879486513552 111.84822431698663 369.24371400579264
101.73968377336118 111.89217987150383 369.7881701193424
101.66894312510298 111.42999517147575 370.16417685298421
101.45099359302252 111.21069463951127 370.67838039064804
101.24371719682146 110.93679510494096 371.17033114076446
101.0364408006204 110.66289557037058 371.66228189088076
100.93245144880544 110.36059788405899 372.17002427000602
100.73998984858481 110.1331076093775 372.6907993724887
100.56459625617589 109.80324837343287 373.16029907664614
100.41165484074766 109.61237145552903 373.70818129542891
100.25871342531946 109.42149453762518 374.25606351421169
100.05747470400749 109.1082950126392 374.72660472876498
99.856235982695537 108.79509548765323 375.19714594331833
99.688394899435636 108.59119822374012 375.7358993902111
99.542353247205284 108.25272032648972 376.209296209895
99.373676808148119 107.97587564419123 376.71417766210936
99.205000369090925 107.69903096189273 377.21905911432361
98.999780894937558 107.42483777066278 377.71170813879377
98.794561420784149 107.15064457943284 378.20435716326386
98.696089858532972 106.93667981081526 378.75619267246771
98.572727804213756 106.60026954184805 379.23745137055801
98.44936574989454 106.26385927288081 379.71871006864825
98.301815529178697 105.98764166309192 380.23050374231883
98.154265308462854 105.71142405330303 380.74229741598941
97.972987842160293 105.51557606558474 381.27968186488761
97.791710375857718 105.31972807786642 381.8170663137858
97.631856134462538 104.86018765234887 382.1681634781479
97.460939900847762 104.66752075171742 382.71007408561741
97.331668703949873 104.34074092747915 383.19639075623792
97.20239750705197 104.01396110324087 383.68270742685843
96.991952622419859 103.92448955912508 384.23742158146933
96.845797313852088 103.54454365284785 384.67819332974801
96.701158681110414 103.23354867740247 385.17049587002822
96.514429490460984 103.01458359478531 385.69698091440637
96.327700299811553 102.79561851216815 386.22346595878452
96.144137932135806 102.6713014620502 386.78100531006231
95.977164576922263 102.44750927292273 387.31207682571181
95.810191221708749 102.22371708379526 387.84314834136131
95.643217866495235 101.99992489466779 388.37421985701081
95.445471566421162 101.59193293038309 388.76720708057684
95.247725266347089 101.18394096609842 389.16019430414286
95.050605189982591 100.95922377235738 389.68043065267227
94.85348511361812 100.73450657861636 390.20066700120162
94.675869441531205 100.46470472910022 390.70629496228253
94.49825376944429 100.19490287958406 391.21192292336337
94.297762710615302 99.928959453022316 391.71099949985057
94.114053795238561 99.60366341886089 392.18050298713257
93.930344879861806 99.278367384699465 392.65000647441451
93.6429284835571 99.143166144526759 393.15903735735873
93.506817377978265 98.769635131883817 393.60842399437865
93.370706272399431 98.396104119240874 394.05781063139852
93.181771874500896 98.181802360084149 394.58542654218314
92.992837476602361 97.967500600927423 395.11304245296776
92.817166124200469 97.622677642810984 395.57155821442109
92.641494771798591 97.27785468469456 396.03007397587442
92.470065730682364 97.156004279303943 396.59200329755828
92.318021450155157 96.890386830377352 397.10807490846577
92.146129430269582 96.587285219875042 397.59652403295115
91.974237410384021 96.284183609372775 398.08497315743659
91.791229149794034 96.087822870380407 398.62158329220694
91.644863932211905 95.840819189879682 399.14842900482233
91.445297098438147 95.619741472112096 399.6692914833751
91.25184595323401 95.402887375327253 400.19422095971152
91.123503890219197 95.089250313205625 400.68935741375708
90.995161827204385 94.775613251084025 401.18449386780264
90.763593738318193 94.620833293299242 401.71592531670058
90.534730873822227 94.601507575059969 402.27022515060747
90.447319266919834 94.204535737797102 402.71155560661396
90.359907660017441 93.807563900534234 403.15288606262044
90.075304268697423 93.781233282138516 403.68043474111755
89.89861652532511 93.485469719955276 404.17166315705731
89.732334197298883 93.214125347299927 404.68031079424287
89.543189001004734 93.037922602043437 405.2217687217709
89.354043804710585 92.861719856786934 405.76322664929887
89.15905445473858 92.595674685263845 406.2644243349547
88.964065104766547 92.329629513740755 406.76562202061052
88.880625275827128 91.85540985539707 407.12360737029258
88.67444207156268 91.826313389755029 407.68631678194868
88.468258867298232 91.797216924113002 408.24902619360483
88.476928245811337 91.42154063466927 408.71677844365388
88.150809304331844 91.164382980954912 409.1498100558307
87.995763282989486 91.060162571988116 409.71998444811845
87.840717261647143 90.955942163021319 410.29015884040621
87.737716599641672 90.659466141372661 410.80152253897484
87.443757366195783 90.305630832304118 411.18673487409444
87.149798132749908 89.951795523235603 411.57194720921404
87.000956992920322 89.798182978805514 412.03053460153041
86.852115853090751 89.644570434375439 412.48912199384688
124.17172009101816 75.374353117297005 352.76204317558353
123.83628555814144 75.86815368526662 352.7016720465013
123.56390981720979 76.400060544295172 352.64794543232989
123.61159242331129 76.997980948215073 352.66269533577469
123.77392532923871 77.574453900651235 352.69912283586319
123.65338511737234 78.161139538182482 352.66348549536536
123.53284490550598 78.747825175713743 352.62784815486759
123.55347430032432 79.347453118973405 352.62329208950291
123.33699054035769 79.892284761381831 352.49564702261335
123.12050678039104 80.43711640379027 352.3680019557238
123.11510888979936 81.032603816968191 352.29475167569819
123.10971099920771 81.628091230146111 352.22150139567259
122.9773630588998 82.211625494375355 352.17709660801768
122.84501511859189 82.795159758604612 352.13269182036277
122.79529280265274 83.364761952454558 351.95080990246277
122.74557048671359 83.934364146304503 351.76892798456277
122.76777020116144 84.525118571733316 351.87147739467662
122.75279905877585 85.121043771279744 351.8032936617102
122.65617710266277 85.702201843776763 351.6896297168181
122.55955514654968 86.283359916273781 351.57596577192601
122.45646760160324 86.843103369250514 351.38607047201947
122.35331063523026 87.427950046263305 351.3005543643215
122.23986602094678 87.966245672006522 351.0610378955854
122.08583838320033 88.529412120647393 350.92276628629605
122.02791315085297 89.124533802624683 350.8730184109844
121.96998791850561 89.719655484601972 350.82327053567275
121.79136209191248 90.222621149598041 350.54919325841507
121.84413250130936 90.811067290447369 350.65381841414558
121.78790601889773 91.386131706757041 350.49214126743027
121.53930708487924 91.833706209498516 350.17929044914683
121.29070815086075 92.281280712240033 349.86643963086351
121.39486194716264 92.862708846244658 349.9717644223602
121.30863463334549 93.454443277954951 349.92261960899845
121.22240731952834 94.046177709665258 349.87347479563675
121.12209503758004 94.625191785546832 349.7523131431995
121.12095933565809 95.22517747561497 349.75629835267989
120.93810961628708 95.775977936455689 349.60403268858056
120.75525989691607 96.32677839729638 349.45176702448123
120.69344169505248 96.921340460702126 349.40005181707522
120.63162349318887 97.515902524107872 349.34833660966922
120.61887735868797 98.115654879106074 349.35994043358232
120.41888167099458 98.656934012222834 349.1955670021635
120.18325878375531 99.190756363248809 349.0558689257482
120.11598791990859 99.785628922648542 349.01585306701026
120.0487170560619 100.38050148204827 348.97583720827231
119.88390199613966 100.94627103388477 348.86296201065318
119.80463730282015 101.54040815462724 348.83616294072897
119.72537260950067 102.13454527536973 348.8093638708047
119.65446005435187 102.72885672152479 348.76734822501226
119.55058386352839 103.31866293679187 348.73076454815566
119.44670767270493 103.90846915205893 348.69418087129895
119.27206965592968 104.48204927349805 348.67165516627813
118.92451977726049 104.95090443815135 348.53242903218347
118.57696989859126 105.41975960280467 348.39320289808887
118.26621333802356 105.9323443338856 348.36698737736481
117.95545677745588 106.4449290649665 348.34077185664069
117.79963972002164 107.02103333842436 348.27892599407778
117.79488556477475 107.62101269489339 348.28039902458676
117.78557214621439 108.22092963003936 348.2839950167716
117.56403966975464 108.77405230974091 348.21343537481255
117.33799854505557 109.32489029163962 348.1393885812119
117.04978898872244 109.84533611607624 348.06146942140668
116.88198975856744 110.41973463048062 348.01776856318367
116.66517366019252 110.97534678773275 347.95230169981664
116.49860043046502 111.55076371542256 347.91840895035369
116.33202720073753 112.12618064311239 347.88451620089074
115.97837147008447 112.59916719863918 347.77863257388856
115.77299525331689 113.16278679722132 347.76624073462415
115.56761903654929 113.72640639580342 347.75384889535974
115.30258434932736 114.26143442210056 347.6946743599093
115.00684798288708 114.77617427864338 347.60759461685177
114.7568432308789 115.31933598954376 347.55786555306508
114.50683847887072 115.86249770044415 347.5081364892784
114.33515642916754 116.43549405644497 347.46122753683329
114.0003755398748 116.92663731769952 347.379373684825
113.66559465058204 117.41778057895405 347.29751983281665
113.51747418260399 117.99831630980847 347.2652926367349
113.26277632406538 118.54136088339945 347.25007449133983
112.9472826084841 119.04730532636984 347.18311229262963
112.89222588488551 119.64469105023989 347.19306488539939
112.83452164687283 120.24183795455659 347.1838022950293
112.56210851550198 120.77597578803982 347.16171472615963
112.34669012283874 121.33567749389874 347.14357866922899
112.10639601641405 121.86327822070184 346.98899466134196
111.86610190998938 122.39087894750494 346.83441065345494
111.70440412892916 122.96816618884399 346.8100535479756
111.50059199075727 123.52802339371752 346.84703883219879
111.2967798525854 124.087880598591 346.88402411642198
92.215376589881231 94.363809167605112 396.00570377862101
92.025041952037895 93.983622993432647 396.42906083667623
91.834707314194546 93.603436819260168 396.85241789473139
91.638333121866282 93.496585707486901 397.40921230607211
91.441958929538004 93.38973459571362 397.96600671741282
91.24173767439099 93.177956873781199 398.49046991486375
91.117608319360301 93.005987403802962 399.05173491877463
90.993478964329597 92.834017933824725 399.6129999226855
90.719084912921787 92.662365217507983 400.11821596511993
90.44469086151399 92.490712501191226 400.6234320075543
90.484508741243786 92.81651657170282 401.12569313893107
90.269465750620128 92.460193889254555 401.55788598727139
90.05442275999647 92.103871206806303 401.99007883561171
89.890629693501509 91.889141119341843 402.52586127364577
89.726836627006548 91.674411031877383 403.06164371167978
89.235457427521652 91.030220769483975 404.66899102578185
89.071664361026677 90.815490682019501 405.20477346381591
88.907871294531702 90.600760594555027 405.74055590184992
88.744078228036742 90.386030507090567 406.27633833988392
88.580285161541752 90.171300419626078 406.81212077791793
88.422101014481612 89.970931747502959 407.35510343956605
88.263916867421472 89.770563075379854 407.89808610121412
88.103444780722128 89.564356062914385 408.43820403037444
87.943452443527207 89.359375499950005 408.97893078285273
87.783460106332299 89.154394936985625 409.51965753533102
87.536212769140349 89.205098048569567 410.0639901071354
87.485648757634209 89.294107747738423 410.65519274092037
87.070446406140491 89.474369101492044 411.04903643029093
87.132246662651994 89.674987445618314 411.61111561358729
86.94341152923991 89.815436673955375 412.16303526955983
86.852115853090751 89.644570434375439 412.48912199384688
