-96.100515275156511 -55.11170064976578 357.86022128032835
-116.19512531034411 -96.547102933981108 318.28912902548473
-96.100515275156511 -55.11170064976578 357.86022128032835
-96.324254753692742 -55.600041309368166 357.59289367995109
-96.547994232228973 -56.088381968970566 357.32556607957389
-96.882918876800801 -56.29738283953526 356.87374297418683
-96.981722890265686 -56.853891082127788 356.67240658192298
-97.08219217273907 -57.426124744270602 356.52255812784381
-97.268601150134785 -57.832671896464696 356.12259424673812
-97.4550101275305 -58.239219048658768 355.72263036563237
-97.499646849337495 -58.834299166103712 355.78497791480652
-97.675611695184998 -59.27386511760163 355.41644277766278
-97.808377857723059 -59.80101463817514 355.16250079798226
-97.941144020261149 -60.328164158748642 354.9085588183018
-98.247830348200438 -60.646165131172424 354.50257990531168
-98.427119672093866 -61.094062831682109 354.145868553914
-98.606408995987252 -61.541960532191766 353.78915720251626
-99.00188998384894 -61.938549692216689 353.57395537540816
-99.243366023208324 -62.387972578531503 353.25818901926522
-99.484842062567708 -62.837395464846324 352.94242266312233
-99.751710833095984 -63.235543447531953 352.5815082089922
-100.01088724282781 -63.67563786519262 352.26663602511047
-100.27006365255964 -64.115732282853273 351.95176384122874
-100.4931521985736 -64.537230021333315 351.58766061809882
-100.79524811043444 -64.901357909159543 351.21867695810266
-101.05801336870681 -65.343863707087849 350.91022430720648
-101.29315378847649 -65.746505542743932 350.53261533595435
-101.62411541263054 -66.122976922474876 350.20286739649032
-101.92018616337803 -66.496293173329946 349.83820716092941
-102.13594316416119 -66.894672997934379 349.44483401497104
-102.33314426352453 -67.372776269968867 349.14064823673709
-102.54066838482522 -67.79464036637394 348.76786891429185
-102.7743231199933 -68.206294332180136 348.39915971021691
-103.00797785516136 -68.617948297986331 348.03045050614196
-103.1742181436299 -69.090552131374992 347.70028420992708
-103.3659401831175 -69.540747851821493 347.35305737791901
-103.59973718575108 -69.879531362539439 346.91652021521094
-103.83353418838468 -70.218314873257398 346.47998305250292
-104.0499291390162 -70.661956070305692 346.13887351932811
-104.2663240896477 -71.105597267353986 345.79776398615331
-104.50932247676103 -71.588157534759958 345.53682841521402
-104.69955746166802 -71.844676184782216 345.02888271663181
-104.889792446575 -72.101194834804474 344.52093701804961
-105.18766030021452 -72.528999777904431 344.22385508923628
-105.39092219158154 -72.942867222844185 343.83993017270058
-105.63897466517881 -73.383550561089024 343.51702435712014
-105.88702713877608 -73.824233899333848 343.19411854153975
-106.09277958471216 -74.188058056101184 342.7636560995731
-106.29853203064822 -74.55188221286852 342.3331936576065
-106.43626272871215 -75.109182489431447 342.15870395431796
-106.66885451720398 -75.370948001252302 341.67148749652193
-106.86815521523052 -75.795798432190395 341.29761406459897
-107.13448542638886 -76.025585525199716 340.8115419397958
-107.25679417953583 -76.570583223007716 340.5924116628197
-107.3791029326828 -77.115580920815717 340.37328138584365
-107.63711714850824 -77.321519426660956 339.87226442381319
-107.81936948656153 -77.690641071783304 339.43576322521659
-107.98571258237283 -78.129938275949598 339.06246985414282
-108.15205567818411 -78.569235480115893 338.68917648306905
-108.36778761242924 -78.936086776755985 338.26623457370044
-108.58351954667435 -79.302938073396106 337.8432926643319
-108.79003986913911 -79.445503641953039 337.29829320096422
-108.9145677582771 -79.952432802481184 337.00246279172086
-109.03909564741511 -80.459361963009343 336.70663238247761
-109.2342727991856 -80.798418303013065 336.25171845904811
-109.40244415253933 -81.201049120212218 335.83988497212323
-109.55973743298588 -81.612284367854457 335.4322768330693
-109.73813929594573 -82.004898540277082 335.01511153381091
-109.9165411589056 -82.397512712699694 334.59794623455252
-110.13221187800434 -82.756384313251857 334.16818197912801
-110.28871397966554 -83.159977505966495 333.7527067969931
-110.46435248694124 -83.518927752869331 333.30515139817601
-110.63999099421694 -83.877877999772153 332.85759599935886
-110.80784343911914 -84.292126416855382 332.45731634001504
-110.97569588402136 -84.706374833938597 332.05703668067122
-111.14354832892357 -85.120623251021883 331.65675702132751
-111.37705484298922 -85.419536630088032 331.19186402320412
-111.56635176705372 -85.914939755469874 330.91125322886143
-111.69973883446873 -86.180806854962611 330.39017494716688
-111.86995932716084 -86.567266437706721 329.96394264574792
-112.04017981985294 -86.95372602045083 329.53771034432896
-112.25204731459046 -87.358850614706412 329.14914088103711
-112.463914809328 -87.763975208962023 328.76057141774533
-112.61809656301565 -88.133412263388522 328.31364385130252
-112.82395796108582 -88.510835554752845 327.8951074204864
-112.95265419981247 -88.956889040304219 327.51501063522625
-113.1432462598727 -89.301601474915714 327.06240926087327
-113.35399077867014 -89.741592736126492 326.71313223921999
-113.56473529746754 -90.181583997337256 326.36385521756665
-113.56535650303401 -90.362108406009199 325.79165721689094
-113.81894436740882 -90.7605151928678 325.4215690824866
-113.98330396015672 -91.150857001223812 324.99657590969309
-114.1476635529046 -91.541198809579839 324.57158273689959
-114.29153771634037 -91.895552397199879 324.1092692501436
-114.44068310573473 -92.270044711568929 323.66484697426074
-114.58982849512907 -92.644537025937964 323.22042469837783
-114.66067951931947 -92.940084278962161 322.70309312810497
-114.73153054350988 -93.235631531986343 322.18576155783205
-114.97704522156312 -93.751812434997277 322.00333398802076
-115.12245084283688 -94.064572506848123 321.51237742908927
-115.33127079409439 -94.48863511117024 321.14283022564655
-115.5400907453519 -94.912697715492371 320.77328302220383
-115.67533775634317 -95.220019304490577 320.2760288749576
-115.8041626728412 -95.542667629909786 319.78684363499889
-115.93298758933922 -95.86531595532901 319.29765839504017
-116.27149940469913 -95.997146251410783 318.82013297802371
-116.19512531034411 -96.547102933981108 318.28912902548473
