-178.5417322664776 -11.023184260469169 442.39639667162692
-125.22507752874239 27.57559703183918 422.80911602154418
-178.5417322664776 -11.023184260469169 442.39639667162692
-177.98847886336262 -10.791938935027542 442.41728378255914
-177.70278614853109 -10.377189982320447 442.09115040659071
-177.41709343369956 -9.9624410296133554 441.76501703062229
-177.13140071886809 -9.5476920769063032 441.43888365465381
-176.72926086356779 -9.3063288560675606 441.06468139329593
-176.32712100826751 -9.064965635228825 440.69047913193788
-176.07235553716396 -8.6346970569383554 440.3588716753431
-175.77212343849038 -8.2927507674234757 439.96780464526626
-175.43075050738764 -7.9595489675712567 439.60388008923093
-175.17606674273014 -7.6738810641927628 439.14178699363299
-174.87650560818122 -7.3207513980698948 438.76026036864897
-174.57694447363227 -6.9676217319470126 438.37873374366501
-174.31045051007698 -6.5739533605831371 438.01266519711078
-174.04395654652168 -6.1802849892192686 437.6465966505566
-173.70677658770248 -5.7997171051638157 437.32804090818763
-173.39556965572558 -5.4076654790112455 436.99721502056599
-173.08436272374865 -5.0156138528586842 436.66638913294435
-172.74844404840229 -4.6013862780345587 436.39148158519629
-172.3974433957564 -4.2093004405548786 436.10326770994033
-172.05595788623776 -3.7963624909082059 435.8333234628625
-171.71447237671904 -3.3834245412614932 435.56337921578489
-171.35632106608782 -2.9372948581546061 435.38255901629356
-170.95396244801242 -2.5766496933349341 435.12170923662586
-170.55160382993702 -2.2160045285152532 434.86085945695834
-170.15186470807902 -1.8423193831176703 434.6147536939917
-169.80065708803281 -1.4193487433006116 434.37444338319699
-169.4494494679866 -0.99637810348355915 434.13413307240234
-169.09023370825614 -0.56574215663390959 433.92078659541664
-168.6732982829476 -0.19791387172462258 433.69524900665709
-168.27788680666649 0.19519456998793797 433.47362879665917
-167.8993276780804 0.60327951923578527 433.24966527203622
-167.57430349572616 1.0730742363109265 433.06621989953192
-167.21047367163089 1.5189940790645022 432.89656332601527
-166.8279372989455 1.9455814592455662 432.71854891468018
-166.44568545730365 2.3734838438553596 432.54309784227917
-165.96010557547061 2.6984567786936333 432.40669853882929
-165.56608034433231 3.1186776097683238 432.23889338289746
-165.13679831824098 3.508570714264613 432.08494433567347
-164.6731243979514 3.8536089570346697 431.92383844915958
-164.26506567973726 4.2785943546961391 431.81036821401403
-163.85700696152315 4.7035797523576495 431.69689797886866
-163.42525969678491 5.0823850375075779 431.52340199812699
-162.9726117594135 5.4480794040341705 431.3771916185907
-162.52248719192886 5.8242064285140041 431.25103165979743
-162.06104802704564 6.1817394586079875 431.1123088083861
-161.66849878559938 6.6214610012880275 431.00028176726192
-161.1622519396081 6.9151797010699738 430.86820808963347
-160.65600509361678 7.2088984008519219 430.73613441200524
-160.25212728072412 7.6300663879354573 430.59649115613854
-159.77430025585957 7.9576530789572031 430.44038768348503
-159.29647323099499 8.2852397699789471 430.28428421083146
-158.81828538391451 8.6241006843760282 430.15579427504463
-158.33019121448265 8.94284615895684 430.01378933076137
-157.84209704505079 9.2615916335376554 429.87178438647817
-157.39039183951368 9.6436009791670152 429.77162817277929
-156.87775061352824 9.9020977052912151 429.59733412238393
-156.37769000715986 10.205212131080881 429.46294277282351
-155.87762940079145 10.508326556870548 429.32855142326315
-155.41784016195214 10.867995988590454 429.18987281736509
-154.95805092311281 11.227665420310357 429.05119421146691
-154.56528264288684 11.662416214929806 428.92186971793961
-154.08511014953132 11.986427065003905 428.76550045734473
-153.54658544781975 12.20677357062625 428.61908132230246
-153.10218659730884 12.586304089506937 428.48319075271519
-152.64298385673715 12.954895067199109 428.36797992763633
-152.22732871030723 13.365313446001295 428.23091223053842
-151.72979462961683 13.671217608326966 428.09349868672496
-151.29619076317607 14.075781469707028 428.00230784796969
-150.86258689673534 14.480345331087085 427.91111700921437
-150.34624858488581 14.753362495665076 427.77379849057189
-149.87799528296637 15.124795197104413 427.72110509873744
-149.40023833387275 15.486560055584494 427.69153341022212
-148.9541302004483 15.870596771825134 427.57532956402218
-148.47625890509201 16.226509763295304 427.50486703797287
-147.99852411489226 16.581877841242388 427.43081975977174
-147.49337206501187 16.899835365231279 427.36979173800728
-147.00240994112076 17.225444374223251 427.25605974528924
-146.51144781722965 17.551053383215226 427.1423277525713
-146.00405345308712 17.870368883814006 427.11806728444407
-145.55186305502815 18.256348818598834 427.03717640827881
-145.03985092349666 18.537771265883343 426.90062977401419
-144.51925801439046 18.821760921653777 426.8093450633354
-143.99866510528423 19.10575057742421 426.71806035265661
-143.5038727825133 19.384064960765663 426.52383970145746
-142.92545035343647 19.54348178760204 426.52012905969332
-142.52006734335382 19.83763369422104 426.18976672683931
-141.98978096244599 20.0809840220628 426.04984899328502
-141.45949458153814 20.324334349904564 425.90993125973074
-140.96031462588124 20.626273623307743 425.76974550065677
-140.47322086041717 20.950931703706921 425.6380762389532
-139.98612709495313 21.275589784106124 425.50640697724964
-139.43041341235249 21.407316722627844 425.32247678223496
-138.8884638139113 21.617784253365222 425.17417286706495
-138.3743274305468 21.88580498741182 425.01980750365072
-137.85180291300259 22.147964278339135 424.88474960959911
-137.32927839545832 22.410123569266446 424.74969171554756
-136.79962133596987 22.66130016436566 424.6217318882251
-136.2699642764814 22.912476759464873 424.49377206090247
-135.74030721699296 23.163653354564097 424.36581223358007
-135.1911794330141 23.365815746878727 424.23318854038735
-134.64205164903524 23.56797813919335 424.10056484719451
-134.12501873142699 23.851553010066144 423.98982978175007
-133.60798581381874 24.135127880938938 423.87909471630576
-133.09095289621047 24.418702751811729 423.76835965086127
-132.55183590456153 24.646603945808689 423.63639785680641
-132.01271891291259 24.874505139805667 423.50443606275167
-131.50970968764972 25.188199366628833 423.41182045198201
-130.97893982617981 25.442578957742374 423.29531132023629
-130.45977269184786 25.7208800393906 423.18123242392778
-129.94060555751594 25.999181121038827 423.0671535276191
-129.40321417238326 26.226921598428341 422.92806803540805
-128.87564097945628 26.470744161499709 422.77901407255524
-128.34806778652933 26.714566724571075 422.62996010970227
-127.78429597120279 26.896092134287699 422.53399206361064
-127.22470013428952 27.081066161957857 422.42157716959389
-126.68751683275244 27.348160344258169 422.41184072614431
-126.28831271074228 27.527101927688307 422.82246948632758
-125.75669511974233 27.551349479763747 422.81579275393585
-125.22507752874239 27.57559703183918 422.80911602154418
