-32.041106430207961 -117.16067405869754 164.1143590228387
-32.041106430207961 -117.16067405869754 164.1143590228387
-32.041106430207961 -117.16067405869754 164.1143590228387
-31.712484703332031 -117.66022223785683 164.16395113232912
-31.290090502343805 -118.08484644044431 164.12821004185236
-30.83482675906804 -118.41901598133113 163.92556344799488
-30.379563015792275 -118.75318552221795 163.7229168541374
-29.931612759666383 -119.04740884063278 163.45315175828972
-29.483662503540483 -119.34163215904759 163.18338666244202
-29.0425615415901 -119.65008379266185 162.91826870551125
-28.562123776827995 -119.91520144447183 162.67559158485673
-28.081686012065887 -120.18031909628181 162.43291446420227
-27.635193538634176 -120.49609205965298 162.18607057269872
-27.237587185910105 -120.86984041874575 161.93662849054553
-26.848419322354083 -121.15922075625994 161.58334759064377
-26.431967918257431 -121.43901645869809 161.25428438558572
-26.154494543066352 -121.70646251966559 160.794413609679
-25.783962022343978 -121.86011011343598 160.32468774086206
-25.413429501621611 -122.01375770720639 159.85496187204512
-118.44550809754234 124.82686867304616 126.96381063233093
-118.32860296336176 124.27091121189407 127.15679895060832
-118.13387920914568 123.77980807685799 127.44122885462988
-117.93915545492958 123.2887049418219 127.72565875865146
-117.66643558567894 122.75436080852801 127.73566975911702
-117.3937157164283 122.22001667523412 127.7456807595826
-117.32519535608465 121.64013557220889 127.88367665290056
-117.25667499574097 121.06025446918368 128.02167254621855
-116.89115133199539 120.65879352766208 128.27705767435762
-116.52562766824978 120.25733258614051 128.53244280249669
-116.66022430947241 119.67886176395743 128.44726503512501
-116.46324102937811 119.12931562268837 128.58581692424804
-116.26625774928382 118.57976948141928 128.72436881337103
-116.07181850283307 118.02657993593573 128.85154863176754
-115.92757989493479 117.45475695356762 128.96206424526721
-115.78334128703655 116.88293397119953 129.07257985876694
-115.5565705920354 116.35630496939605 129.24931962890417
-115.34375611919737 115.81809914950108 129.40757415674415
-115.08649613719895 115.31866800507116 129.61825361382432
-114.82923615520056 114.81923686064124 129.8289330709045
-114.62889583333765 114.27347779139021 129.97729342196274
-114.45091685483945 113.71716123630706 130.11453544815433
-114.27293787634126 113.16084468122395 130.25177747434594
-114.10430699872775 112.60050970944887 130.38439853798641
-113.91386697459407 112.06139765904857 130.56630729072012
-113.72342695046041 111.52228560864826 130.74821604345385
-113.70583451754469 110.92324207754852 130.71927897118195
-113.38676305514748 110.49764599968712 130.99687828745033
-113.22298031643638 109.92653832348833 131.08061141522617
-113.1062354053184 109.3471170929007 131.18376985294393
-112.75326595488677 108.8960180249391 131.36243769545112
-112.66014678247282 108.32468477513729 131.52025764792808
-112.74192020418802 107.73989361610359 131.4138038653883
-112.39940670220994 107.32746687721826 131.68322674120833
-112.24827919864882 106.76290241533366 131.8189744706344
-112.06400191152882 106.20958052574841 131.95995946259279
-111.84937494934002 105.67927840492094 132.14083214639967
-111.6847783117706 105.11533584882037 132.26280238998226
-111.36144596081211 104.68790963631253 132.53254861087299
-111.365811812524 104.08830233771673 132.55380953299556
-111.15828408371347 103.54538106793316 132.70270122716056
-111.05468862704512 102.95974486038453 132.78206251347672
-110.60650277020618 102.85229940864819 133.16623033179405
-110.70574300611126 102.26727601449673 133.07735399144966
-110.80498324201633 101.68225262034528 132.98847765110526
-110.57457838362987 101.17212088908153 133.20453138976711
-110.34417352524342 100.66198915781777 133.42058512842897
-110.11376866685694 100.15185742655403 133.63663886709082
-110.09196694877153 99.552505677479203 133.65402178886643
-109.82462291630188 99.082505553647067 133.91407380654877
-109.63423720375802 98.542922070199921 134.09463666222572
-109.46960499829672 97.982972139533572 134.23374924998001
-109.30497279283546 97.423022208867209 134.37286183773432
-109.1480130660932 96.853477719161148 134.47766030349817
-108.90465198330757 96.350846713664566 134.69706280051884
-108.66129090052195 95.84821570816797 134.91646529753947
-108.67848336482749 95.248676739619867 134.90042022467063
-108.50932201954848 94.686656629459009 135.02499082729486
-108.31618552171683 94.151487733002824 135.21549685205844
-108.17597231482291 93.57985553837544 135.33201676742917
-108.035759107929 93.008223343748057 135.4485366827999
-107.80513091373552 92.499995804776304 135.6687988099888
-107.50583977929269 92.043662615800287 135.91816768832547
-107.40334508491087 91.460867289079687 136.01738686377161
-107.20536022229558 90.92139001223299 136.18991588145062
-107.00737535968028 90.381912735386308 136.36244489912966
-106.92467794784234 89.789075826128808 136.403743047966
-106.79359411269715 89.214258116175884 136.51510564711
-106.66251027755195 88.63944040622296 136.62646824625398
-106.48492805047889 88.089292767408949 136.7870986547548
-106.21364317386936 87.588951275076354 136.97700101591269
-106.05239478869294 87.03399525795389 137.13831678494219
-105.94118125504899 86.45787983439331 137.2637064522599
-105.69291852663767 85.99535388610478 137.55428409221446
-105.52112135483223 85.427415610112376 137.6433450063262
-105.37640534099202 84.858968215462653 137.76953864663409
-105.12496588981705 84.352619136335619 137.97050832708376
-104.87352643864224 83.846270057208557 138.17147800753355
-104.87012549950857 83.246369429165071 138.16110158782189
-104.86309604566593 82.646421399718776 138.15750315174765
-104.85606659182331 82.04647337027248 138.15390471567338
-104.47651052082718 81.706676115226216 138.47088265565191
-104.2054895035769 81.214528048839924 138.68144829615591
-103.93446848632667 80.722379982453646 138.89201393665996
-103.84840133363734 80.12956640885541 138.92613888626647
-103.6338301047401 79.587322920617581 139.067316742863
-103.68196532458819 78.99011642617937 139.03526360555946
-103.72807597190703 78.392680082960368 139.00454514197605
-103.27492545792902 78.127783227435884 139.295206917266
-102.96323304844972 77.651354483123171 139.48458350891764
-102.97667848588924 77.051584708045709 139.47481431675047
-102.80949558545788 76.48774716817276 139.5937138812298
-102.64231268502651 75.92390962829981 139.71261344570914
-102.38392956909132 75.40076413208179 139.85245962973445
-102.12053699070398 74.887833652658131 140.01837127166678
-101.85714441231667 74.374903173234458 140.18428291359911
-101.7668180452778 73.783082161152905 140.22414564150785
-101.56272040331795 73.229473570558781 140.3330569860355
-101.44353973564765 72.645651181299087 140.4033946448873
-101.31666450180289 72.064966081983073 140.48529391514774
-101.18978926795813 71.484280982667059 140.5671931854082
-101.06291403411335 70.903595883351059 140.64909245566864
-100.74794384590994 70.434809279999016 140.85165825006828
-100.43297365770653 69.966022676646986 141.05422404446796
-100.23522118628783 69.407349023384214 141.14791347395621
-99.951279670088553 68.906587432293321 141.31707329266794
-99.807170028261893 68.335438975388428 141.43118661926809
-99.554404997049119 67.806435090604396 141.55871986544099
-99.360299083395532 67.246304135519594 141.65132768066468
-99.30315983129006 66.649451113703108 141.67372357799755
-99.072354932703149 66.107628683446393 141.78842995471217
-98.874976586947341 65.552547380268905 141.90212487759567
-98.685455194680998 64.992094652510573 142.0019967045624
-98.49593380241464 64.431641924752242 142.10186853152911
-98.314730003660685 63.868004009004913 142.19922089795719
-98.016593408700118 63.389606116264837 142.40476901146633
-97.71845681373955 62.91120822352476 142.6103171249755
-97.539677573370653 62.344208724974258 142.69124642657019
-97.360898333001742 61.777209226423771 142.77217572816491
-97.21195979894442 61.234693668567175 142.98072831759117
-97.026972335678735 60.669486217283364 143.06022784870794
-96.841984872413065 60.104278765999553 143.13972737982471
-96.656997409147351 59.539071314715748 143.2192269109415
-96.711603874474449 59.0057891463277 143.48872322413303
-96.402373219421307 58.494162064737523 143.53985180086772
-96.093142564368151 57.982534983147346 143.59098037760242
-95.871147803678198 57.432630626757543 143.68221373252121
-95.873816251463353 56.858549323964247 143.85663717466576
-95.69934096631286 56.284635802443781 143.87011473704305
-95.524865681162368 55.710722280923314 143.88359229942034
-95.350390396011875 55.136808759402847 143.89706986179766
-94.984706190168922 54.751287884005123 144.17572505415836
-94.619021984325983 54.365767008607406 144.45438024651907
-94.560043699174898 53.768711571077198 144.44757095901917
-94.597496464402653 53.171792985260524 144.39976413645769
-94.872772147296473 52.658536879781103 144.25557166579628
-94.416384051968151 52.354530580761491 144.49906720291963
-94.022435521357153 51.952968305138789 144.70775906674322
-93.626402728506591 51.526761431677905 144.85440738075221
-93.717236483155418 50.934021351970998 144.87461695584545
-93.427833739588891 50.408999818571949 144.89908001950209
-93.13843099602235 49.883978285172894 144.92354308315871
-92.990876128595175 49.36732245047893 145.19055302599835
-92.843321261168015 48.850666615784959 145.457562968838
-92.702860311008038 48.267852448698221 145.4331014046372
-92.682597848288452 47.668204535417246 145.4296644434348
-92.3694916597847 47.226548636103132 145.68832364261726
-92.152092373604575 46.689295239624819 145.84355359572194
-91.934693087424421 46.152041843146506 145.99878354882659
-91.682690585966384 45.62616325842221 146.14001546231384
-91.455221678003397 45.085197169520349 146.26496980024712
-91.408696142714476 44.487017482914517 146.26902406938348
-91.137570594831232 43.970403662293606 146.40902798943029
-90.967339207465216 43.403725390455527 146.50851171162668
-90.896354656711935 42.808578506097291 146.53610481933572
-90.630712017729806 42.285933590109543 146.66368334474959
-90.365069378747677 41.763288674121803 146.79126187016345
-90.168768316897797 41.202131954519494 146.87231141773643
-89.976072869778875 40.643928872758934 146.9785083299922
-89.755562522820028 40.092555677405613 147.06431500997667
-89.597039296872396 39.516477396403864 147.11912560195697
-89.303954974091056 39.007526099983373 147.2418861722216
-89.006513552695623 38.508826178780737 147.39297220543034
-88.994146525961725 37.908966751445334 147.3890068445892
-88.908593160221912 37.315518269738405 147.41135681484278
-88.710995950308174 36.757413518076163 147.50869349244343
-88.513398740394436 36.199308766413921 147.60603017004405
-88.273462557343407 35.65995833107668 147.71341609074335
-88.033526374292379 35.120607895739454 147.82080201144271
-87.998253980737928 34.522057114295123 147.84300156741409
-87.962981587183478 33.923506332850799 147.86520112338548
-87.49470064598809 33.639765546167027 148.11056641450307
-87.411905146731456 33.045515711425026 148.1140361712589
-87.329109647474823 32.451265876683024 148.11750592801477
-87.141654330777982 31.884442210403773 148.17726741718491
-86.84301107779477 31.375275715796896 148.28479270824403
-86.544367824811545 30.866109221190023 148.39231799930315
-86.347965112668561 30.304043575615122 148.4665351450806
-86.151562400525592 29.741977930040225 148.54075229085805
-85.920010472532525 29.190864147502896 148.59230132906526
-85.654674402549801 28.666936400916807 148.71516908856037
-85.531319705844481 28.085250918089503 148.79532904033618
-85.407965009139133 27.503565435262196 148.875488992112
-85.245482774678692 26.926605239520683 148.90225568811007
-84.994080036307849 26.389624454219536 148.99417031892042
-84.742677297937021 25.852643668918383 149.0860849497308
-84.507812115964157 25.305366180886367 149.15906232561002
-84.17349618608776 24.824448692937768 149.28925921042716
-83.995965178570941 24.256634520795682 149.36716817836196
-83.955720935764433 23.658067925457608 149.37708946186356
-83.693498254426657 23.125695377828904 149.46551307818493
-83.431275573088868 22.593322830200201 149.55393669450629
-83.18649760051882 22.053731351577724 149.64840775008685
-82.910429970584758 21.528321585180983 149.73633522632446
-82.634362340650711 21.002911818784241 149.82426270256207
-82.416980203102369 20.448891315740461 149.90046170834319
-82.166826938879495 19.912564758458856 149.99934127323453
-82.016493659789404 19.334141914620368 150.05251005095062
-82.007110815890115 18.734215552681018 150.05194216841147
-81.572173448884854 18.347128254185428 150.19683147141868
-81.399953125468627 17.776073307463026 150.26191916631015
-81.121042866353108 17.252050551424791 150.34915000096282
-80.923911293851432 16.690237460225706 150.42334699335703
-80.726779721349772 16.128424369026622 150.49754398575126
-80.529566838692702 15.568102857937708 150.58208322590116
-80.183220426368777 15.095246846763644 150.71034606294646
-80.149281700226311 14.496430685837916 150.72669746294767
-80.115342974083831 13.897614524912189 150.74304886294888
-79.811641117495668 13.39320411223415 150.85852750983599
-79.50793926090752 12.888793699556109 150.97400615672311
-79.18859321906892 12.401416312944331 151.11711935870497
-79.080680014743947 11.812505056094139 151.15634016807249
-78.770535823029277 11.313207482380571 151.27680806101245
-78.566958100372261 10.753919320782826 151.35265569205259
-78.376335163346639 10.187980232824252 151.41075771095333
-78.18571222632103 9.6220411448656762 151.4688597298541
-77.998475914122167 9.0585179931473441 151.55479121926058
-77.728600314134667 8.5353775249026711 151.67094289172434
-77.554029506082387 7.9666433684624405 151.74883058185694
-77.354054635080487 7.4073703381657054 151.83382310241308
-77.087114769234176 6.8800317700945772 151.93705654005146
-76.875652407106926 6.3261667253698608 152.0293451180861
-76.664190044979691 5.7723016806451382 152.12163369612071
-76.449373037276033 5.2177593836011669 152.20123579402298
-76.23455602957236 4.6632170865571911 152.28083789192522
-76.358871955187695 4.07808885131106 152.23424927790683
-76.274202896046717 3.4842927082262465 152.24965352672922
-75.818201292902387 3.1273916515320792 152.40676550482249
-75.487897017049733 2.6372717819854956 152.51011732546002
-75.157592741197064 2.1471519124389182 152.61346914609754
-75.223991258338941 1.5513825877378244 152.5879711331051
-75.271874430269307 0.95375542940630142 152.5645407794911
-75.018779198524115 0.41620237334547694 152.64808427467486
-74.765683966778923 -0.12135068271534824 152.73162776985859
-74.395120439843268 -0.57793081586675055 152.85086389909992
-74.335334228836388 -1.1746294539462039 152.87026349413608
-74.275548017829536 -1.771328092025658 152.88966308917227
-74.053460664669714 -2.3254179843034151 152.95017423560077
-73.860879115642177 -2.8895393171333756 153.01858087870147
-73.668297566614655 -3.4536606499633367 153.08698752180217
-73.55198556373449 -4.0409128629835775 153.12706689665802
-73.368380351735851 -4.6090906082478247 153.18591565121895
-73.184775139737212 -5.17726835351207 153.24476440577985
-73.216757666079715 -5.7763741644700826 153.25178902570502
-73.025869185602375 -6.3421485357053999 153.31061885550531
-72.834980705125048 -6.9079229069407146 153.36944868530563
-72.586377491029111 -7.4419223417549318 153.48364608264583
-72.645979823397028 -8.0385452611999675 153.46154056367007
-72.403785265311711 -8.5825444480437003 153.53507069862994
-72.246077666945581 -9.1586834756914151 153.59156967418465
-72.088370068579451 -9.7348225033391316 153.64806864973934
-71.856081645847127 -10.271813480671897 153.78104526019294
-71.675771918261276 -10.840669790989578 153.84342234211948
-71.770462814110246 -11.425461878198636 153.74828113663528
-71.485905105376602 -11.935581063107367 153.88541365498273
-71.338341253032198 -12.516675349027992 153.9089580885431
-71.190777400687793 -13.097769634948616 153.9325025221035
-70.884044690779049 -13.607715163652978 154.0091223787104
-70.577311980870306 -14.117660692357342 154.08574223531735
-70.410345462661923 -14.692585835990608 154.12553244787816
-70.243378944453525 -15.26751097962387 154.16532266043899
-70.076412426245113 -15.842436123257126 154.20511287299982
-69.930997649259595 -16.4238356582017 154.23390737595588
-69.667493968942651 -16.958750638548924 154.30047894841408
-69.403990288625707 -17.493665618896152 154.36705052087223
-68.951613634484744 -17.884550518708767 154.41769001027234
-68.961557579896777 -18.484461751652709 154.41492766754862
-68.97150152530881 -19.084372984596648 154.41216532482497
-68.981445470720871 -19.684284217540586 154.40940298210114
-68.663702003854965 -20.191434967197541 154.45226562768468
-68.370179460436177 -20.713407335170935 154.48953979537788
-68.076656917017402 -21.235379703144329 154.52681396307102
-68.045345775638694 -21.834328447806627 154.54354757275397
-67.715412837766266 -22.333006216318793 154.59319371760532
-67.55072630709391 -22.909677597066668 154.61131732766074
-67.386039776421541 -23.48634897781454 154.62944093771614
-67.143459071915558 -24.034996336466712 154.64130169845816
-66.900878367409575 -24.583643695118884 154.65316245920013
-66.874548088802129 -25.183033130379549 154.64691575396046
-66.552174329975657 -25.689070618269522 154.64581100507422
-66.402506431016363 -26.2701037495729 154.64566835549996
-66.204115629942976 -26.83603928382086 154.62674585236397
-65.913209113620582 -27.360509367487214 154.60929506154596
-65.710289077489819 -27.924645736685648 154.58534478212593
-65.507369041359041 -28.488782105884081 154.56139450270592
-65.271656312226781 -29.040490155765543 154.55379601463139
-65.035943583094536 -29.592198205647009 154.54619752655694
-64.985399430544334 -30.190064764868008 154.5452669309287
-64.934855277994146 -30.787931324089008 154.54433633530044
-64.403301574179864 -31.066133889304403 154.53698836490778
-64.168106244451721 -31.618092014792371 154.53195005349579
-64.130902525115772 -32.216892812111794 154.52463647727126
-63.864595727767849 -32.75455416509179 154.52561586381938
-63.616780031646769 -33.300978834041537 154.5228842124535
-63.3887136663691 -33.855926519716817 154.51854840887356
-63.231683405752584 -34.435013004621069 154.5191317200578
-62.966147861792237 -34.973048751006438 154.51623163295147
-62.631429726473961 -35.470790032773422 154.50148760656754
-62.420923483714191 -36.03257776386824 154.49245062972167
-62.210417240954442 -36.59436549496305 154.48341365287578
-62.204074573305192 -37.194328947292043 154.481509332374
-61.993888946430467 -37.756247058463956 154.47314042609725
-61.803713333982046 -38.325270087763293 154.46635599120057
-61.613537721533646 -38.894293117062645 154.45957155630387
-61.425832895109409 -39.4641087970789 154.45079722187566
-61.234198469482649 -40.032680535215917 154.4492398180895
-61.042564043855883 -40.601252273352934 154.4476824143033
-60.743798924682871 -41.121538414449653 154.45414267344887
-60.691476609048131 -41.719241961556939 154.45055867261374
-60.420582030361949 -42.254582877944657 154.45568024264625
-60.292308887760882 -42.84070072352241 154.45223466830515
-60.210195008897756 -43.435047448984541 154.44918822275375
-59.973857988545682 -43.986488213047146 154.45679720042153
-59.721469995887489 -44.530678075824191 154.44423955682601
-59.46908200322931 -45.074867938601237 154.43168191323048
-59.205538179429666 -45.613852211242126 154.42530956807076
-59.080104213580363 -46.200593163887412 154.42648204417588
-58.954670247731066 -46.787334116532705 154.42765452028101
-58.93510119042422 -47.387011544412452 154.42564591687366
-58.403785813237015 -47.665749165204105 154.42869693634617
-58.293214855542111 -48.255472792588947 154.42837041146373
-58.182643897847207 -48.845196419973789 154.42804388658129
-57.957277550231638 -49.401238398665818 154.42281633508222
-57.72407753689604 -49.95400912350275 154.43070807402424
-57.509054391643431 -50.514155029215374 154.42943869659439
-57.276292693559256 -51.067127103903601 154.43606263197788
-57.043530995475081 -51.620099178591829 154.44268656736136
-56.810769297390891 -52.173071253280057 154.44931050274482
-56.770388051184398 -52.771606339642915 154.46049555291967
-56.453812924129124 -53.279783085313888 154.49969483976523
-56.263315856189777 -53.847482179558575 154.53749173778971
-56.084443641579881 -54.419559674081327 154.56454855026135
-55.924912556220725 -54.997051067812833 154.59700656884178
-55.765381470861577 -55.57454246154434 154.62946458742218
-55.420647795680694 -56.061728891647917 154.6911741937993
-55.075914120499803 -56.548915321751494 154.75288380017642
-55.143259257557716 -57.145071406825991 154.76079295583924
-54.954336764106245 -57.714257218843308 154.77911788056684
-54.765414270654766 -58.283443030860624 154.79744280529442
-54.376398006696057 -58.720809513695109 154.92926429849109
-54.191074522597148 -59.290253634936448 154.96652820898257
-53.924116653698661 -59.826358845696461 155.00292462678905
-53.65715878480016 -60.36246405645646 155.03932104459551
-53.46782393443916 -60.931576628076087 155.05554433844338
-53.254854543265665 -61.49029892336538 155.10527798067739
-53.303312288894361 -62.087463151564336 155.07292475134676
-53.08931110042414 -62.642770853078972 155.14932401817481
-52.805240566583805 -63.160679402573635 155.25456025795941
-52.521170032743456 -63.678587952068298 155.35979649774396
-52.369198596245425 -64.256217960568193 155.41678996902925
-52.217227159747395 -64.833847969068074 155.47378344031455
-52.011328341653233 -65.393979960963534 155.53589485925386
-51.916944866724791 -65.985220340802627 155.57496624146836
-51.923373087007334 -66.585071632572635 155.56325702518967
-51.662572095846279 -67.119538779592659 155.6428039406905
-51.40177110468521 -67.654005926612669 155.72235085619133
-51.140970113524148 -68.188473073632693 155.80189777169207
-50.945286242173417 -68.751991472168967 155.86635579682701
-50.967714830788232 -69.351533813762202 155.85957796165235
-50.883518525166679 -69.945023015266514 155.88568447075394
-50.516579343029612 -70.40928511188585 155.98476192659129
-50.291146473982515 -70.953293482696537 156.09980502304251
-50.186995246411414 -71.542987965899698 156.1373940942627
-50.09470351059133 -72.134820563967267 156.17227118364681
-50.058642314845478 -72.73371275577216 156.16700499370478
-50.022581119099627 -73.332604947577053 156.1617388037628
-49.60667549287956 -73.75069048226797 156.27231455047388
-49.438917278504718 -74.317825530750184 156.17124517680983
-49.14065643739076 -74.798767981998253 155.97190920603313
-48.842395596276809 -75.279710433246336 155.77257323525643
-48.773480719968148 -75.657522554852221 156.23355993852564
-48.548750839068234 -76.203711752242583 156.33926633040804
-48.324020958168305 -76.749900949632931 156.4449727222904
-48.258278623404962 -77.194370469114261 156.84262180335548
-48.19253628864162 -77.638839988595549 157.24027088442057
-48.144445748664523 -78.001701965745298 156.7648568695833
-47.992551039647729 -78.578528897560744 156.70005958487886
-47.857778919259943 -79.16072498653449 156.6463549337781
-47.723006798872163 -79.742921075508235 156.59265028267731
-47.684561988217652 -79.98937793378245 157.13834343229834
-47.45049885908184 -80.384136026995094 156.75184569695924
-47.213822583193426 -80.933788416839434 156.79504975660655
-46.822073183969067 -81.388052501768541 156.80833694407698
-46.430323784744715 -81.842316586697649 156.82162413154745
-46.56227617146579 -82.427583945459574 156.81450469291451
-46.345631545199318 -82.986502582733408 156.84048666392948
-46.238875064280315 -83.576618689510198 156.85961868693795
-46.132118583361304 -84.166734796286988 156.87875070994639
-46.056731626103769 -84.761974781958926 156.88123387983859
-45.783649098430416 -85.295060748810656 156.91652247608846
-45.510566570757064 -85.828146715662385 156.95181107233836
-45.353037711743227 -86.405735090529149 156.99151406714429
-45.195508852729382 -86.983323465395912 157.03121706195026
-45.119769641928144 -87.578064289461722 157.05460347118157
-44.848220893817896 -88.111496022901676 157.09597813926482
-44.625491683406928 -88.667772019666046 157.12677934465532
-44.547371785368853 -89.050467432065716 156.67132187917827
-44.481161337973262 -89.527372275480872 157.0293413576747
-44.12164128295894 -89.912438505462404 157.31651609293232
-44.02160593661317 -90.502291385678944 157.27105721941197
-43.846119478282276 -91.067924029389388 157.36730801323534
-43.622365211626139 -91.617881389351524 157.45380038501838
-43.328176736671701 -92.133473149251955 157.5410831343263
-43.060234208870831 -92.653931593367489 157.67272586957793
-42.792291681069955 -93.174390037482993 157.80436860482956
-42.699563288070308 -93.766276487221177 157.8371081183881
-42.606834895070648 -94.358162936959346 157.86984763194661
-42.266026226925916 -94.822919141761957 158.03673418567362
-41.925217558781199 -95.287675346564583 158.20362073940063
-41.779773082158997 -95.867655555252938 158.25330838122332
-41.603580763486931 -96.438781760320936 158.30594985466013
-41.427388444814866 -97.009907965388919 158.35859132809699
-40.899420365639159 -97.253109482266979 158.50726119578954
-40.844556106866222 -97.850522096408767 158.51664637418759
-40.634268809884816 -98.409083345445623 158.57819784697779
-40.42398151290341 -98.967644594482493 158.63974931976799
-40.117775149196433 -99.474820561529285 158.73467139978891
-39.889949614272439 -100.02690023331405 158.79214801797943
-39.662124079348438 -100.57897990509881 158.84962463616998
-39.414634280015775 -101.11677279317624 158.94723410681507
-39.167144480683113 -101.65456568125367 159.04484357746011
-38.76159558483333 -102.07131629288973 159.19265772013938
-38.700344090075887 -102.66449862953297 159.25886172216681
-38.417964243367358 -103.18006176146757 159.37909599000528
-38.29363344020004 -103.75567466420193 159.49403787788557
-38.120497242528629 -104.32828649728276 159.54029310106856
-37.856748297971322 -104.81169575496585 159.77851984984207
-37.592999353414015 -105.29510501264895 160.01674659861558
-37.329250408856595 -105.77851427033201 160.25497334738901
-37.457992566441206 -106.33876594535555 160.08309106937935
-37.10454174270938 -106.70537402503616 160.40037805479818
-36.922803236460119 -107.25477169758649 160.55891294919866
-36.749780247558178 -107.80632979364285 160.71968207554491
-36.406446333138831 -108.23045812345565 160.96915548707344
-36.148399988542977 -108.74855546848642 161.12722896717932
-35.890353643947122 -109.26665281351715 161.28530244728526
-35.717997410069188 -109.82867807775487 161.40538962812457
-35.561558269101063 -110.39757865150929 161.51438014310202
-35.405119128132931 -110.96647922526373 161.62337065807947
-35.030966244120471 -111.37179071548925 161.85944737289122
-34.656813360108011 -111.7771022057148 162.09552408770296
-34.356474348302314 -112.26468578089127 162.27457362053033
-34.056135336496617 -112.75226935606777 162.45362315335768
-33.766031064172395 -113.2467149280906 162.63071941951327
-33.479309922154016 -113.73678720518274 162.8246785645552
-33.192588780135637 -114.22685948227488 163.01863770959716
-32.905261204962727 -114.70623476440633 163.23690865000532
-32.617933629789817 -115.18561004653778 163.45517959041348
-32.62164671289036 -115.78033202793161 163.53450157892158
-32.428133285329565 -116.2404460381869 163.72778739356062
-32.234619857768756 -116.70056004844223 163.92107320819966
-32.041106430207961 -117.16067405869754 164.1143590228387
