126.30497069802595 -52.87642759397496 297.1683637467155
-91.411284187164441 -28.719840103735841 309.87993332552111
126.30497069802595 -52.87642759397496 297.1683637467155
125.71645235146238 -52.790905957017706 297.24793890219911
125.12793400489882 -52.705384320060467 297.32751405768278
124.53292723769925 -52.649902436961781 297.3812607565074
123.94997833133395 -52.508257116935127 297.39161333502943
123.35810929556411 -52.456902134332076 297.47559970451113
122.77751773035223 -52.437205111851867 297.62568455288107
122.19692616514037 -52.417508089371687 297.77576940125113
121.60712922617634 -52.320657274048905 297.72323854974491
121.01553366665891 -52.346718132170921 297.81985907361639
120.4239381071415 -52.372778990292957 297.91647959748798
119.83957327950066 -52.255958441396913 297.98627005222147
119.25520845185981 -52.139137892500869 298.05606050695496
118.67084362421897 -52.022317343604833 298.12585096168846
118.08647879657812 -51.905496794708789 298.19564141642195
117.49763495016161 -51.906637920699325 298.31080053403264
116.90924186954143 -51.789347652307626 298.30475275601793
116.32084878892127 -51.672057383915941 298.29870497800323
115.73582464767756 -51.689325909438537 298.43079794597782
115.14350482477838 -51.644593241123019 298.51539236533301
114.55118500187919 -51.599860572807508 298.59998678468821
113.9853348560107 -51.403480015381341 298.56465564989765
113.3903143944237 -51.447281321097478 298.62815443658167
112.81178633454726 -51.549638383891605 298.74992600810714
112.34039673175712 -51.904755114197727 298.85801833085969
111.79727774878464 -51.652583333937024 298.8201876082249
111.25415876581215 -51.400411553676335 298.78235688558999
110.6864542842869 -51.223767906777368 298.86303305100694
110.09806828446017 -51.121697144764113 298.92120069450345
109.50345415321605 -51.0857866048229 298.99292564166933
108.91679654626981 -51.045075144771943 299.11198625326114
108.31917493021319 -51.054836140803999 299.16445650176792
107.73004198983139 -50.942109753792948 299.17912416104042
107.1409090494496 -50.829383366781911 299.19379182031281
106.54823183298745 -50.793122542186282 299.27992468097773
105.95555461652529 -50.75686171759066 299.36605754164259
105.3664751864068 -50.67112839387606 299.44112565881704
104.7773957562883 -50.585395070161475 299.51619377599155
104.19200873999128 -50.459023686418156 299.55296760529535
103.60662172369425 -50.332652302674845 299.5897414345992
103.01482303180106 -50.312693981531211 299.68657104624066
102.42302433990785 -50.292735660387571 299.78340065788211
101.83426457197514 -50.178202809614838 299.79902633411359
101.24550480404244 -50.063669958842112 299.81465201034518
100.65860834522145 -50.066810368045772 299.9393223133585
100.06876123748667 -49.988311216961755 300.01625262452387
99.478135605033913 -49.902362387215078 300.07768682472988
98.889348253178028 -49.835610737074084 300.17188699191649
98.299046532748008 -49.80390977222541 300.274546271502
97.705288537829261 -49.747167720661722 300.3395984279183
97.111530542910515 -49.690425669098026 300.4046505843346
96.517772547991768 -49.633683617534331 300.4697027407509
95.929530799376181 -49.619297260765542 300.58702570493352
95.337418060775391 -49.552407728241135 300.6572275227544
94.743692916346646 -49.492251873105765 300.71945071751321
94.149967771917886 -49.432096017970387 300.78167391227197
92.967028134004437 -49.314112494465732 300.94517835023805
89.413544591812595 -48.880566168445114 301.3196980990366
88.818412331953951 -48.833066029846016 301.37937497989185
88.23220968158256 -48.788762077271734 301.49939003096404
87.645216893736887 -48.807546683755746 301.6222175750101
87.058024954188383 -48.84700408584952 301.73904539510994
86.51235193998167 -48.598022992288783 301.72325373225101
85.918585113232751 -48.581043217544547 301.80782703005917
85.329671118886367 -48.480410001184154 301.86308336931501
84.733597557735536 -48.416051604105 301.88662708232641
84.142800272150083 -48.325934525802509 301.93989507968951
83.552002986564617 -48.235817447500018 301.99316307705254
82.963064667224145 -48.14958309763869 302.06876263337671
82.369353556839968 -48.097573293566725 302.13805980277618
81.777094759093728 -48.004066166954402 302.16010370816696
81.184835961347488 -47.910559040342079 302.18214761355785
80.592921139002442 -47.818313645585832 302.21572781955052
80.00100631665741 -47.726068250829584 302.2493080255432
79.417062649099023 -47.733322888417703 302.38699304053
78.826519845250232 -47.636201136735536 302.42973133919293
78.235977041401441 -47.53907938505337 302.4724696378558
77.641861926632842 -47.455640610497895 302.48054437030817
77.056842411065162 -47.322693435551294 302.48933158139471
76.46279339839711 -47.262909099906089 302.54875887949567
75.868744385729073 -47.203124764260885 302.60818617759662
75.277162817944898 -47.186535025203455 302.70695879129102
74.683095079657903 -47.111638526275591 302.74535197786003
74.089027341370908 -47.036742027347728 302.78374516442898
73.493598260010742 -46.963927454313151 302.79648278682777
72.898169178650576 -46.891112881278559 302.80922040922644
72.309190769649177 -46.798877315677132 302.87702184113152
71.722247908411504 -46.692678668569087 302.94198279089784
71.124928884830325 -46.67006853225989 302.99393243771192
70.527609861249147 -46.6474583959507 303.04588208452606
69.941536917368751 -46.520642692849677 303.06676944669459
69.355463973488355 -46.393826989748639 303.08765680886319
68.758790769839081 -46.333478262815653 303.10607199836721
68.165949002624828 -46.248023028499212 303.14122938698176
67.571715726155873 -46.166037235127433 303.15408017770358
66.994499240930338 -46.099293277850919 303.30363409223253
66.399674860019601 -46.040149873079898 303.35546085699991
65.80856447765818 -45.939132053114683 303.375054629327
65.215652411249522 -45.848859596264916 303.39255220176784
64.622921605028864 -45.763282354617836 303.42924998193337
64.028318615048036 -45.717480514459275 303.49520053723012
63.435343403358466 -45.653784144546997 303.56095136066
62.846022293692258 -45.62531268238822 303.66999266267135
62.25081257603243 -45.549948236660441 303.66324045388762
61.655800417917327 -45.474976363555797 303.68167276080737
61.056434437566523 -45.453762941996118 303.69929128355591
60.463725286580726 -45.372084067508972 303.74428488088057
59.87015060001427 -45.395466481783288 303.8286789219631
59.31791444865646 -45.169668932641365 303.89232403124117
58.720840779875331 -45.135219050691077 303.94045135904832
58.126634634017478 -45.059033061054109 303.97383924918512
57.532428488159624 -44.98284707141714 304.00722713932203
56.933391671080742 -44.957193237705596 304.02951553540396
56.41287696128321 -44.673151592412957 304.12108398315661
55.844008303631519 -44.497654304766115 304.19584461698332
55.275139645979813 -44.322157017119267 304.27060525080992
54.682727415709692 -44.416261050090135 304.28446816554657
54.090315185439565 -44.510365083060989 304.29833108028316
53.496861992017422 -44.430421288071493 304.33604443149636
52.903408798595265 -44.350477493081989 304.37375778270945
52.316577996794116 -44.281616675394105 304.47810239370961
51.741367854052044 -44.144066761609736 304.57916333030016
51.263967248718451 -43.817099852657542 304.73784950637537
50.786566643384845 -43.490132943705348 304.89653568245052
50.187897769728963 -43.45332006680173 304.88103110861977
49.655852151668782 -43.703204365373303 304.76067622658184
49.078663038540576 -43.800938421871209 304.89220866321534
48.4818703165557 -43.801354931780516 304.95416246459484
47.885077594570831 -43.801771441689823 305.01611626597446
47.304848575240285 -43.655348334604277 305.05964279625351
46.72461955590974 -43.508925227518738 305.10316932653257
46.134305515484016 -43.432622949711586 305.17871597488767
45.543991475058291 -43.356320671904435 305.25426262324282
44.954891025530323 -43.278789338803712 305.33762660079645
44.365572621937119 -43.205242096528799 305.42303516207761
43.774815105588502 -43.115381746988866 305.47717086617553
43.184057589239885 -43.025521397448941 305.53130657027339
42.598181468487866 -42.931985585390883 305.62075053594583
42.014619522413206 -42.812268671441821 305.69232787599179
41.431057576338546 -42.692551757492751 305.76390521603787
40.833243967302096 -42.650827587932255 305.79353598594537
40.237061377911289 -42.590778181276441 305.82452612740286
39.641965953432809 -42.539140411938519 305.88105025094831
39.048864010948677 -42.48304714748943 305.95234984074375
38.455963571253946 -42.421725687226271 306.0209701520298
37.863606609537612 -42.332802077211738 306.05569509246425
37.273664032173407 -42.230986298126268 306.09571137092809
36.683721454809202 -42.129170519040812 306.13572764939192
36.093778877444997 -42.027354739955314 306.17574392785582
35.508815776725342 -41.956138058944163 306.2886436849069
34.920509598575237 -41.85552706395751 306.35007062067791
34.330829757988845 -41.751117484439547 306.38716947929777
33.738842583928133 -41.659788934173449 306.42195858181418
33.151878648821402 -41.570916771086743 306.50899350303729
32.556277947407111 -41.511637503662413 306.55077595064927
31.956296189004171 -41.514044818626118 306.54676416571272
31.361819779806837 -41.527841776959271 306.62681066999988
30.767343370609495 -41.541638735292409 306.70685717428705
30.241107284925182 -41.270687531535074 306.8051476992938
29.714871199240871 -40.99973632777774 306.90343822430054
29.124123918427717 -40.910767586350538 306.95913574005056
28.540170247315189 -40.777210393644012 306.9932031184432
27.946702877852879 -40.704343121289178 307.04307136488376
27.355546148360713 -40.621748779943218 307.10399669585343
26.76221824848497 -40.595440300241435 307.1892602116431
26.185526489781637 -40.448290007538532 307.26524314920874
25.593709408213176 -40.349940624113096 307.27418410797304
25.005478053280228 -40.232598211114372 307.28883440439961
24.418189263371723 -40.119912669819612 307.33776135025681
23.83090047346322 -40.00722712852486 307.38668829611402
23.237267098909101 -39.924002190081609 307.41263104532464
22.643633724354977 -39.840777251638357 307.43857379453527
22.056159067983707 -39.732409718043826 307.49452024915121
21.468684411612436 -39.624042184449294 307.5504667037672
20.875168289382732 -39.540876836303497 307.57913964434186
20.289055103042905 -39.415813792744231 307.60795921988131
19.703278117495081 -39.294022167877124 307.6530382983405
19.117501131947268 -39.172230543010009 307.69811737679981
18.532813120482981 -39.056598962470858 307.76717725539771
17.948125109018697 -38.940967381931699 307.83623713399561
17.359880596389011 -38.829829833695456 307.87644706725968
16.766204453374499 -38.786652398779367 307.95184167137347
16.177064315350723 -38.708508410518604 308.0343487308777
15.587924177326945 -38.630364422257834 308.11685579038186
15.00805383629025 -38.482136508452939 308.15903248009352
14.419349223629521 -38.37400434633615 308.20067758242175
13.83064461096879 -38.265872184219361 308.24232268474998
13.240349838912115 -38.207934615798472 308.33285069283608
12.650055066855437 -38.149997047377575 308.42337870092211
12.065027567747519 -38.020258160639806 308.45355562183164
11.474860032870966 -37.932157994972847 308.51633015159638
10.884692497994415 -37.844057829305896 308.57910468136117
10.291608104893074 -37.787570332859723 308.65023881806678
9.7010088124957026 -37.702864821818956 308.71362219300886
9.1071602587239671 -37.625314927356484 308.75009011112985
8.5133117049522316 -37.547765032894013 308.78655802925084
7.9174382362301756 -37.478541195306818 308.79851083573499
7.3370088470150847 -37.343322863169703 308.86792068222275
6.7565794577999894 -37.208104531032582 308.9373305287105
6.1638704178092736 -37.130438980096109 308.98894502387435
5.5664479371163162 -37.081680249452532 309.01557143461071
4.9687031548191447 -37.046340942083276 309.05368060137101
4.3709583725219758 -37.01100163471402 309.09178976813143
3.7772801757238867 -36.929074330249321 309.12067082472078
3.1836019789258012 -36.847147025784622 309.14955188131023
2.604488456335937 -36.726946496564992 309.25044469933448
2.0047010030940067 -36.721799865624838 309.23532771803781
1.4856324019138218 -37.022562718783774 309.22486380727076
0.9665638007336369 -37.323325571942711 309.21439989650378
-0.59064200280691659 -38.225614131419533 309.1830081642027
-1.1097106039871001 -38.526376984578476 309.17254425343566
-1.7037417914127384 -38.442180743556754 309.1787039095542
-2.297715183764768 -38.361072641143281 309.20354510317901
-2.8914659336680906 -38.276512645264674 309.22114209400848
-3.4877984707117435 -38.210285695826414 309.21991880696783
-4.0830616634394348 -38.13504124661015 309.2198536473478
-4.6776523800721623 -38.054655442186018 309.21989992113606
-5.2722430967048908 -37.974269637761878 309.21994619492443
-5.8684120308703358 -37.906575011591954 309.21974738911138
-6.4645809650357791 -37.838880385422023 309.21954858329821
-7.0599966109963379 -37.770535220251723 309.24799409161176
-7.6522837522934779 -37.674848064480742 309.254311565357
-8.2454049235432372 -37.584260892226169 309.25319781572841
-8.8385260947929947 -37.493673719971596 309.25208406609988
-9.4343351420675994 -37.422901081014125 309.25376119481439
-10.030144189342202 -37.352128442056653 309.25543832352889
-10.624538153771109 -37.271265787481681 309.26797012888881
-11.218932118200016 -37.190403132906724 309.28050193424872
-11.799762360563088 -37.061683289559355 309.358395653412
-12.380592602926162 -36.932963446211993 309.43628937257523
-12.979677174046767 -36.905416641143219 309.41788148905363
-13.570438254096269 -36.868783731147978 309.31959936349648
-14.161199334145772 -36.83215082115273 309.22131723793939
-14.748045554310064 -36.707616510110753 309.23145228861421
-15.334891774474357 -36.583082199068777 309.24158733928908
-15.926175234323148 -36.493489922186697 309.19303742649481
-16.518856205859628 -36.400578025868256 309.18320658212173
-17.111537177396109 -36.307666129549823 309.1733757377487
-17.694111721690909 -36.168969170514238 309.1363614986779
-18.289993607622634 -36.13000278782885 309.07799713421753
-18.886469839245155 -36.084422903140798 309.03175235914807
-19.476200816808433 -35.978855539561316 308.99899711759593
-20.066972458059915 -35.881353802326338 308.96049673929662
-20.663899849982361 -35.826272576287408 308.93512456338055
-21.257590289619486 -35.74494867546025 308.90482464526633
-21.851280729256608 -35.663624774633099 308.87452472715199
-22.447853273849134 -35.60011211591118 308.86631855749295
-23.042053711201227 -35.530081583201394 308.82135674326167
-23.632866333084248 -35.429841231640125 308.79148505528485
-24.223678954967269 -35.329600880078857 308.76161336730809
-24.822356337746388 -35.307016653600328 308.72882092819304
-25.421033720525504 -35.2844324271218 308.696028489078
-26.015840350398161 -35.209168647080325 308.67278119948548
-26.614331963658941 -35.172406621386934 308.65141902910352
-27.207795595415138 -35.085749803293886 308.63434525796964
-27.805364103007726 -35.032681830729302 308.62456420376003
-28.40293261060031 -34.979613858164711 308.61478314955036
-28.996263388219546 -34.891520941599708 308.60070386047653
-29.587979199125805 -34.799098687493768 308.56422748360706
-30.179695010032066 -34.706676433387834 308.52775110673753
-30.774688161353055 -34.727492374021018 308.45325381486271
-31.367637255986189 -34.656716029892877 308.39492646034012
-31.96058635061932 -34.585939685764735 308.33659910581753
-32.551664015588628 -34.484904500325584 308.31612753338879
-33.147474275577601 -34.441873527836393 308.25992727094712
-33.746171982042128 -34.429669239456793 308.22234919729686
-34.342478689077389 -34.423193199069061 308.15619504364298
-34.939362980648333 -34.398228244167186 308.10046449992956
-35.536247272219278 -34.373263289265324 308.04473395621602
-36.131792309503197 -34.300557670841549 308.03840927313217
-36.729659962375671 -34.251691928132068 308.02550931816302
-37.32688329521325 -34.194946244277517 308.01530059256925
-37.92413373325671 -34.138747031223218 308.00374365919697
-38.521384171300177 -34.082547818168912 307.99218672582481
-39.120500687391612 -34.050891726966086 307.99975587612204
-39.720131758718793 -34.031384560320305 307.99187877332565
-40.319762830045974 -34.011877393674517 307.98400167052927
-40.919016955310767 -33.986186820440508 307.96868867604633
-41.511595546933954 -33.892348504702802 307.96198172074645
-42.104174138557134 -33.798510188965089 307.95527476544657
-42.696752730180322 -33.704671873227383 307.94856781014676
-43.234076769510963 -33.873438954183143 308.15545074598992
-43.722558647680344 -33.738889154909401 307.83407587731551
-44.304237712968146 -33.65573431884836 307.71268914721054
-44.903422941611147 -33.64863852080628 307.68224721188795
-45.502608170254149 -33.6415427227642 307.65180527656537
-46.081701126964639 -33.528946742899407 307.76122873294742
-46.669659675141276 -33.416352641939405 307.80156871379802
-47.264073871957642 -33.334738543349154 307.79826696661542
-47.858488068774008 -33.25312444475891 307.79496521943281
-48.454181234419757 -33.185421214472093 307.7711760409756
-49.049874400065519 -33.117717984185276 307.74738686251845
-49.647006396614067 -33.059286279540501 307.7517588861059
-50.245955535281816 -33.031511376294212 307.72965721108278
-50.845621179661904 -33.012034208800628 307.7249929966116
-51.430908899079853 -32.880088195811823 307.7196511659418
-52.021280332428447 -32.773029481098447 307.71960331356973
-52.613613089394008 -32.677855063244273 307.71045261896779
-53.195078635497431 -32.529894824928277 307.70808902591551
-53.776544181600855 -32.381934586612275 307.70572543286346
-54.374935130291171 -32.338143658231388 307.70246550693645
-54.973326078981486 -32.294352729850495 307.69920558100938
-55.553564229259301 -32.143974816625366 307.7258546368318
-56.144711473032473 -32.041338392937035 307.72258344257716
-56.733363084936556 -31.925208940928332 307.72438071241879
-57.320059630101014 -31.803395736512851 307.75518180204438
-57.913652843484648 -31.720543328385112 307.78315635284196
-58.507246056868283 -31.63769092025737 307.81113090363954
-59.092607390029933 -31.548161108555611 307.90775658581487
-59.689565425150498 -31.53014503117641 307.96534586659578
-60.286523460271063 -31.512128953797202 308.02293514737664
-60.879433126419357 -31.435340469250367 308.07354795631784
-61.427973678500145 -31.192479488599947 308.08458456813622
-61.997402156138989 -31.033923772698376 308.18759570252877
-62.56683063377784 -30.875368056796805 308.29060683692131
-63.152673170333607 -30.757827258377112 308.34512915408379
-63.742844666075122 -30.747452584166048 308.45278588517499
-64.333016161816644 -30.737077909954973 308.56044261626613
-64.908230191756317 -30.631223766661584 308.69432211472719
-69.012827209004485 -30.214660805527206 309.4809342335052
-69.604400543873552 -30.123922095108895 309.5234486534531
-70.198369080271888 -30.043698361697931 309.55111687288297
-70.788095474561473 -29.933197310782976 309.55462366983903
-71.355424162818423 -29.972851957078358 309.74584518669275
-71.950643856408107 -29.943288168749348 309.81541169287669
-72.538544867981059 -29.841843975640181 309.87929812552039
-73.122687479896996 -29.77491475960727 309.99887190602948
-73.706830091812947 -29.707985543574345 310.11844568653856
-74.302520587003883 -29.658964725561283 310.17088415848906
-74.89064692656774 -29.638998664514059 310.2879685943355
-75.478773266131597 -29.619032603466838 310.40505303018188
-76.071838419011272 -29.623549308546927 310.49590083596183
-76.65993857131771 -29.635622023974292 310.61419056670536
-77.248038723624148 -29.647694739401665 310.73248029744877
-77.846566843161824 -29.605695604392501 310.73207683597667
-78.435480942918971 -29.616804344560848 310.84634309958545
-79.024395042676105 -29.627913084729187 310.96060936319424
-79.615719865985099 -29.634722893783781 311.06204200014719
-80.207044689294094 -29.641532702838383 311.16347463710014
-80.793357181968048 -29.627105921780799 311.29008241301756
-81.389218216778701 -29.616797875937642 311.35967674745132
-81.981467083986743 -29.597256812927419 311.45380127213662
-82.572511318521634 -29.599546477633726 311.55705566796837
-83.170172718673058 -29.575922817432694 311.60441359705908
-83.767834118824467 -29.552299157231666 311.65177152614973
-84.361485084717472 -29.475340327408571 311.69246389898001
-84.942751655664978 -29.439678292250267 311.83688478648349
-85.5408178730099 -29.438617749964997 311.88500624656922
-86.138884090354836 -29.437557207679731 311.933127706655
-86.73707078173328 -29.404925738627064 311.96641238008255
-87.333633038147298 -29.389008085670987 312.02854210361795
-87.930195294561315 -29.373090432714918 312.09067182715336
-88.522318714098432 -29.426511134245249 312.17151788261475
-89.114442133635549 -29.479931835775581 312.2523639380762
-89.702033450560123 -29.600515979347744 312.23836720296333
-90.289624767484696 -29.721100122919911 312.22437046785046
-91.215247477922873 -29.928642335317384 312.21779391757536
-91.76788042653348 -28.016536308622364 309.77069930092409
-91.411284187164441 -28.719840103735841 309.87993332552111
