-94.384917763789474 -69.862527808301024 183.18993891421442
-173.31553922941018 -110.157070546667 8.3783358506897212
-94.384917763789474 -69.862527808301024 183.18993891421442
-94.843051537776574 -69.948571899717436 182.81216932906409
-95.301185311763689 -70.034615991133833 182.43439974391376
-95.689380625061006 -70.101943880312092 181.98188305463833
-96.102482921639506 -70.145602934971947 181.54893920203412
-96.515585218218007 -70.189261989631774 181.11599534942991
-96.834625428718567 -70.284404059415181 180.61683472333738
-97.195380404986167 -70.383874733533034 180.14783426268866
-97.585014444679331 -70.277935119447406 179.70403012426749
-97.942131150078666 -70.303419035334628 179.22255506909249
-98.299247855478001 -70.328902951221849 178.7410800139175
-98.685425709201922 -70.3323799193209 178.2818909722516
-99.065511687617487 -70.371565933061916 177.81929059899306
-99.481140284320773 -70.371628611431916 177.38656335733396
-99.880901501088502 -70.426315255824335 176.94249090773422
-100.28066271785623 -70.481001900216739 176.49841845813452
-100.68682682898222 -70.519217864558584 176.05845226067993
-101.09411550585398 -70.64507719724584 175.63622558924908
-101.50140418272574 -70.770936529933095 175.21399891781826
-101.88374722608127 -70.85345307521554 174.75902109753216
-102.2660902694368 -70.935969620498014 174.30404327724608
-102.6182260394193 -71.159586253403845 173.87277074045909
-102.97036180940179 -71.383202886309689 173.4414982036721
-103.28747316401845 -71.558647288370281 172.96331450407664
-103.59326379864919 -71.677283251868204 172.46090272481877
-103.9117535725303 -71.827072857364982 171.97497336985214
-104.19896267366148 -71.977341509110119 171.47006717605956
-104.48617177479267 -72.127610160855241 170.96516098226695
-104.76649151283668 -72.262427157410201 170.45208669729175
-105.04681125088067 -72.397244153965175 169.93901241231652
-105.30570243089844 -72.558273133262333 169.42224841905119
-105.61714846882164 -72.656041000497993 168.91881738147194
-105.89660029368368 -72.80502517164264 168.40919949096022
-106.17605211854568 -72.954009342787273 167.89958160044847
-106.48564488244969 -72.990551235819652 167.38692478483799
-106.79523764635374 -73.027093128852044 166.87426796922753
-107.0936989917039 -73.179305072990502 166.3765206946058
-107.39216033705407 -73.331517017128931 165.87877341998404
-107.66868314075668 -73.507752631621344 165.37630337389481
-108.0087261326106 -73.522954247965714 164.88219845128066
-108.31463346280107 -73.645337981323877 164.38075760018745
-108.6155392761882 -73.733254461828665 163.86916559094036
-108.91644508957536 -73.821170942333453 163.35757358169329
-109.21714433862174 -74.059182349277648 162.89612961782834
-109.52216341098767 -74.131165378740604 162.38448344227109
-109.8244678563216 -74.258836187627239 161.88217657700883
-110.13982469335693 -74.368063729714137 161.38355907893569
-110.47246401243429 -74.453999595538619 160.89165857032776
-110.8051033315116 -74.539935461363115 160.39975806171981
-111.08816909483824 -74.710624281972187 159.89901950703145
-111.43294586257745 -74.767156456093204 159.4112356474005
-111.75913965464625 -74.915392763216047 158.92996274429214
-112.03670906590655 -75.101527575761736 158.43165655981196
-112.31427847716688 -75.287662388307425 157.9333503753318
-112.6094183787238 -75.334301141954924 157.41304540210245
-112.9201240165517 -75.489328782513198 156.92373115002627
-113.19487750373995 -75.647918617763054 156.41445736763282
-113.52923760965265 -75.758293123173956 155.92863766020082
-113.86359771556538 -75.868667628584873 155.44281795276882
-114.1979578214781 -75.979042133995776 154.95699824533679
-114.46872064257752 -76.098143070663724 154.4349805621161
-114.73948346367695 -76.217244007331686 153.9129628788954
-115.04206145087315 -76.365986994673051 153.41665442099742
-115.32839286372796 -76.459347746297084 152.89771502947974
-115.64194210001749 -76.618924097729092 152.41168800915483
-115.93378314629292 -76.645367209010288 151.88811416949645
-116.22562419256838 -76.671810320291499 151.36454032983806
-116.44893931807788 -76.814892133431243 150.82634152877353
-116.80143806451213 -76.854431936268085 150.34241876866207
-117.12981462287371 -77.008904486317547 149.86460388065643
-117.45819118123526 -77.163377036366995 149.38678899265079
-117.69156320434271 -77.184848737549558 148.83445171808111
-117.92493522745015 -77.206320438732106 148.28211444351143
-118.23131365473473 -77.397060534703755 147.80279150948536
-118.49728790033475 -77.506137190603027 147.27614173609194
-118.76326214593477 -77.6152138465023 146.74949196269853
-119.00001295386407 -77.61261526548148 146.19818233796713
-119.36047851587185 -77.726876195292292 145.73234007010686
-119.66424956772866 -77.798980851938524 145.21996904580539
-119.95126019833501 -77.863101775077453 144.69698395506688
-120.24750899562483 -77.976210122000111 144.18762833081135
-120.54375779291463 -78.089318468922784 143.67827270655579
-120.86744930712352 -78.118096046308182 143.17389620564703
-121.11696868898316 -78.214365549926455 142.63680006830336
-121.42216069295583 -78.234356366939224 142.12060416755801
-121.72735269692846 -78.254347183951992 141.60440826681264
-122.03254470090114 -78.274338000964761 141.08821236606727
-122.14930968989526 -78.683625627472864 140.66530625812774
-122.49896886872921 -78.597697014747752 140.18535341443129
-122.79674935779701 -78.658468420326159 139.66802023688072
-123.09452984686482 -78.719239825904566 139.15068705933015
-123.42131534029571 -78.637744117885532 138.65412921692143
-123.68819665884435 -78.816603674256172 138.14739099958962
-123.97436451043681 -78.872877502392882 137.62304262590871
-124.26053236202929 -78.929151330529592 137.09869425222783
-124.56639469145964 -79.033281003309369 136.59312007697537
-124.87225702089002 -79.137410676089146 136.08754590172288
-125.19970955884415 -78.960686671923753 135.61686186572936
-125.37329898270218 -79.225303776689728 135.10711241767677
-125.64146657799816 -79.247642090299451 134.57084090008681
-125.91425906967973 -79.313991339882776 134.0405748974411
-126.25209208604312 -79.363104127751882 133.5471614935671
-126.50656027720322 -79.442742267830951 133.00966385977466
-126.76102846836332 -79.522380407910035 132.47216622598225
-127.09400318401894 -79.519621514006502 131.97304677410878
-127.31142716036736 -79.661166448366615 131.43203675011122
-127.52885113671576 -79.802711382726727 130.89102672611367
-127.85798808661191 -79.789885417644285 130.38952461960486
-128.13320184858037 -79.849154406520995 129.85967126991207
-128.4020928647067 -79.959598952292481 129.33479068944078
-128.69975503805242 -80.067657863237713 128.82516288179639
-128.94107505234314 -80.091465999222095 128.27634795546538
-129.18239506663386 -80.115274135206477 127.72753302913443
-129.44563767600738 -80.305998918451593 127.22322420939565
-129.70322817607249 -80.416213379808156 126.69265856144614
-129.96081867613756 -80.526427841164704 126.16209291349662
-130.21198596797282 -80.600489767207691 125.62225050813841
-130.44221056595828 -80.641987355143485 125.06973391591882
-130.66301892133532 -80.777220540927502 124.52848013472337
-130.91654183323618 -80.826252427245066 123.98688803058459
-131.17006474513704 -80.875284313562616 123.44529592644582
-131.34778638167046 -81.008718011023205 122.88797154308379
-131.63520203229095 -81.062458456233713 122.36404005106697
-131.86666615942235 -81.157734359383355 121.81874484649397
-132.08584580839607 -81.343764689685614 121.29210170575882
-132.30042772644057 -81.280119134565638 120.73541162702398
-132.52433630704053 -81.371404955033896 120.18629247190813
-132.78855056654021 -81.450733340711821 119.65347183388556
-133.01864396401118 -81.57559524158016 119.1135954275185
-133.24873736148214 -81.700457142448514 118.57371902115145
-133.5581634735035 -81.778733522807713 118.0656557480474
-133.69979321245259 -81.775348421509676 117.48262096509322
-133.93739477326716 -81.825800194583664 116.93398618958936
-134.15489039559338 -81.941947348249627 116.38698939529873
-134.41543168273427 -81.978010199208626 115.84771422576493
-134.67597296987509 -82.014073050167639 115.30843905623112
-134.80454094539462 -81.937375368009072 114.72741604358677
-135.053860308049 -82.186414570792607 114.24180371787568
-135.29825184162914 -82.271196124858847 113.70043058739684
-135.54868183806946 -82.301291708172187 113.1560235037288
-135.74640156884888 -82.386399146933925 112.59596669238917
-135.99219830654391 -82.453134146268368 112.05270763484634
-136.16277790272008 -82.663076274560737 111.51714540304087
-136.29170450434768 -82.687766814574672 110.93168122085157
-136.5905345027025 -82.698616182296632 110.41150536279656
-136.88936450105737 -82.709465550018606 109.89132950474155
-137.03960187983853 -82.94006117139773 109.35817437776841
-137.31092644266315 -82.639123996631895 108.9156590690479
-137.45608729676761 -82.910222566120808 108.40045630114314
-137.65855474174151 -83.077455174732819 107.86097489428785
-137.88355528814481 -83.271937081251892 107.33986881856534
-138.14497182436838 -83.232143258394217 106.80128006427201
-138.26082869742589 -83.455327357439529 106.25651769139861
-138.45374533303183 -83.620555466615841 105.7129343549685
-138.6782245989755 -83.73599852998457 105.16861647148365
-138.90270386491915 -83.8514415933533 104.62429858799878
-139.16909737933094 -83.897014448076106 104.08861434295162
-139.43549089374272 -83.942587302798898 103.55293009790444
-139.63268975283268 -84.19176602629274 103.04398749433149
-139.82988861192263 -84.440944749786581 102.53504489075856
-140.03118772729522 -84.483659113750718 101.97143673852746
-140.23248684266778 -84.526373477714856 101.40782858629635
-140.40260697155929 -84.614799564416245 100.83928661868393
-140.56589693480592 -84.868013624152795 100.32042341141764
-140.72918689805255 -85.12122768388933 99.801560204151357
-140.9616803832441 -85.216083326836753 99.256629762402582
-141.19417386843563 -85.310938969784146 98.711699320653793
-141.41119631626671 -85.499770926776151 98.185159911724142
-141.62295058171509 -85.589139909935525 97.630927725800703
-141.7789843708494 -85.739659965749468 97.07146622627981
-141.95786621259327 -85.935036804762575 96.533108373665442
-142.23387471616951 -86.037555748867774 96.010318576468535
-142.39206268136147 -86.207920671588298 95.457188970702532
-142.55025064655342 -86.378285594308821 94.904059364936529
-142.7983413157032 -86.499604012147813 94.37139355847448
-143.04643198485294 -86.62092242998682 93.838727752012431
-143.34716060710119 -86.211730737444384 93.519158581855265
-143.32387861987436 -86.635124621138573 93.094664096236045
-143.38287340187983 -87.015616233093652 92.63450570075905
-143.4418681838853 -87.396107845048718 92.174347305282069
-143.65268356101512 -87.556460269529339 91.635975708029022
-143.82627621884555 -87.704060997524394 91.080926508189322
-143.99986887667598 -87.851661725519449 90.525877308349607
-144.24656662141751 -87.798605932141896 89.981519608368686
-144.38868391228394 -87.977845714320679 89.426834313700354
-144.53080120315036 -88.157085496499462 88.872149019032022
-144.73114704254198 -88.261094237415733 88.316232005034905
-144.93378684158958 -88.439978074590798 87.780566358722325
-145.10004144884468 -88.607717539537362 87.229002330285098
-145.27636731112963 -88.775485935124465 86.680583734929684
-145.45269317341462 -88.943254330711568 86.132165139574283
-145.60468130683813 -89.050909255805081 85.561805582451285
-145.7566694402617 -89.158564180898608 84.991446025328315
-145.92364831544953 -89.343401817824017 84.445595218590014
-146.15220386662037 -89.479538415909218 83.907794896266964
-146.32770451111358 -89.744236108074332 83.398742192173444
-146.56624163832743 -89.843769492600558 82.857269067904724
-146.64804788244805 -90.060738679260879 82.303886640949514
-146.88194043713256 -90.159436947128427 81.760238846156696
-147.02820429384764 -90.445045184756125 81.253252831736148
-147.27953423899831 -90.477220104377011 80.70937965422327
-147.47231883866013 -90.603261065027255 80.155350977734784
-147.61220901272671 -90.765639875217346 79.5949369689869
-147.75209918679326 -90.928018685407451 79.034522960239016
-147.98231970408145 -91.155142769052105 78.52913878552819
-148.12483724802721 -91.306876712701637 77.966408334946181
-148.31947176654694 -91.225021487132551 77.404788244273107
-148.51579943017902 -91.296224274759538 76.842306589881687
-148.67851886911072 -91.476306788571378 76.293587470100931
-148.79434924836644 -91.787927623804038 75.794111966907465
-148.96861977876625 -91.942457414194308 75.241165019980272
-149.14289030916606 -92.096987204584579 74.688218073053079
-149.25019607427706 -92.228595288156527 74.112748886117345
-149.43119879415104 -92.422965390140718 73.574735615971647
-149.61220151402503 -92.617335492124909 73.03672234582595
-149.74432601990955 -92.772648025609442 72.47243418195275
-149.87645052579404 -92.927960559093961 71.908146018079535
-150.08905179754859 -93.054033610118779 71.361422792805882
-150.24671444291951 -93.078038706434796 70.783005775762376
-150.38715466633826 -93.289186841873246 70.239229159359141
-150.52759488975701 -93.500334977311695 69.695452542955906
-150.71504607607574 -93.72065054768521 69.169788104175126
-150.90249726239443 -93.940966118058711 68.644123665394361
-151.18734614900936 -93.847342888826489 68.12441624506792
-151.47219503562431 -93.753719659594253 67.604708824741493
-151.52368796718378 -94.003879051091928 67.061782718494129
-151.57518089874327 -94.254038442589589 66.518856612246765
-151.62667383030276 -94.504197834087279 65.975930505999401
-151.83806449111248 -94.671395778244829 65.439871893539987
-152.05631303130517 -94.776734453635854 64.890989995340902
-152.27456157149788 -94.882073129026892 64.342108097141846
-152.41810563575285 -95.072871323634985 63.791661777732358
-152.56164970000788 -95.263669518243091 63.241215458322884
-152.63936848200819 -95.534618766321131 62.711549246553304
-153.02623150307457 -95.352548021932847 62.290613091098223
-153.13133515489781 -95.575652680661946 61.743641854535653
-153.23643880672103 -95.798757339391074 61.196670617973083
-153.34683562571621 -96.085849154665965 60.681509641230946
-153.48764565124029 -96.271222563640691 60.128509427888318
-153.82045997938476 -96.222461438128406 59.631662393459692
-154.0255184181699 -96.334083478988958 59.078949487262342
-154.23057685695503 -96.445705519849525 58.526236581064992
-154.43563529574018 -96.557327560710078 57.97352367486765
-154.64069373452529 -96.668949601570631 57.420810768670279
-154.63527176790902 -97.102036467052955 57.005592309031613
-154.62984980129278 -97.535123332535278 56.590373849392947
-154.55918566543272 -97.777905555883919 56.046256792199337
-154.48852152957267 -98.02068777923256 55.50213973500572
-154.9576887025564 -97.826372497216568 55.18257169065599
-155.40967326155911 -97.657039443785976 54.826150204997489
-155.86165782056179 -97.487706390355399 54.469728719338981
-155.92279216835414 -97.848287574152252 53.994077795433995
-156.16831549524554 -97.925597468865362 53.452098574308664
-156.38097324715744 -98.047063660370497 52.904355345347298
-156.59363099906938 -98.168529851875633 52.356612116385939
-156.82176092056835 -98.378308538627181 51.84285182062375
-157.00705672395662 -98.492923933955993 51.283809088446404
-157.22001053405421 -98.544387889528295 50.725237574634804
-157.44209403570164 -98.588246393935648 50.169579991327282
-157.6641775373491 -98.632104898343016 49.613922408019768
-157.73085456365249 -99.150619396258435 49.31947905249131
-157.85559651686305 -99.141066802272391 48.732667163503585
-158.05044872979684 -99.307025985321545 48.18999768336262
-158.22697317964878 -99.457974915616447 47.636776625333098
-158.56857630107811 -99.47628889259795 47.143854820503108
-158.69850471671603 -99.782016225208949 46.644205538601902
-158.95448010822625 -99.806584594077023 46.102104999778746
-159.13145195252804 -99.933826177290726 45.543096461538326
-159.32092775912867 -100.13877061366672 45.011968702226532
-159.55873878049789 -100.19859716855244 44.46436784261634
-159.79654980186717 -100.25842372343817 43.916766983006163
-159.98384807032997 -100.46651286580473 43.386089804808357
-160.19313812811913 -100.62716482593737 42.847212620826561
-160.40242818590826 -100.78781678607001 42.308335436844757
-160.61171824369745 -100.94846874620262 41.769458252862961
-160.78498177881107 -101.23686582106249 41.272661639939528
-161.083751401548 -101.13703831933057 40.76200404190773
-161.21969559715563 -101.33556773023749 40.212363023891832
-161.35922062485793 -101.55972059193387 39.673578965814762
-161.71687992763177 -101.51329851666739 39.194074206644146
-161.74962182758111 -101.78935923595958 38.662361457829917
-161.93777181995983 -101.97172136060951 38.122598884228296
-162.14337612058233 -102.06453430021135 37.566619900985224
-162.35147719127602 -102.19138216951551 37.01834664572911
-162.55957826196968 -102.31823003881968 36.47007339047299
-162.74583109622694 -102.46872198420792 35.919926086467598
-162.93117298163037 -102.64523760135447 35.37725618457651
-163.15549472984191 -102.73268319019255 34.827680873748157
-163.37981647805344 -102.82012877903064 34.278105562919805
-163.49712246375287 -103.07346086253956 33.747010316109858
-163.71392903235986 -103.18325954238951 33.198431095110678
-163.91884728906854 -103.29449888893021 32.645589059942701
-164.08032779348173 -103.49981000272719 32.105430385805271
-164.30116531880424 -103.59283069903135 31.555359538124254
-164.50207625838542 -103.77750739286967 31.021010108341112
-164.69232430121247 -103.8673457256491 30.459107308771753
-164.88257234403952 -103.95718405842854 29.897204509202389
-165.05459274828362 -104.10328829270665 29.341270580349594
-165.24478142462277 -104.26540434353971 28.795792209142586
-165.39844431249955 -104.41952988858191 28.236656238868079
-165.55278293308194 -104.58676244266114 27.681487018672236
-165.7930717437095 -104.68988106007707 27.141461243149053
-166.00343071952537 -104.84876213182591 26.60247524487669
-166.21378969534121 -105.0076432035747 26.063489246604327
-166.4503289236398 -105.18027687222393 25.539803453475834
-166.66362509546963 -105.2617122496069 24.984940387131314
-166.85455710187313 -105.40125169494335 24.433511595603409
-167.0799414014256 -105.58246010855434 23.907806898694744
-167.30532570097805 -105.76366852216533 23.382102201786076
-167.5082411109353 -105.96711626833515 22.855381829121118
-167.76823987890796 -105.96977286333023 22.314647529158812
-167.85436072500346 -106.30112810558614 21.821913419016912
-168.06320338695946 -106.30836094737431 21.259479041914304
-168.28061654649326 -106.63534552600041 20.80581330218709
-168.49844919707289 -106.75005313751481 20.25864687393868
-168.70509510509149 -106.6873016516527 19.69886145101194
-168.93058960623932 -106.84097250524056 19.164504361876158
-169.15608410738716 -106.9946433588284 18.630147272740377
-169.20804523484517 -107.20543649122472 18.070802748705464
-169.43479921218935 -107.45692013564262 17.575486071872469
-169.71506167569675 -107.62438262067342 17.072088348738887
-169.99532413920414 -107.79184510570421 16.568690625605299
-170.16176832944703 -107.92478927888328 16.007778708855326
-170.32821251968991 -108.05773345206232 15.446866792105354
-170.59453155922162 -108.22239561723477 14.935045983087562
-170.86085059875342 -108.3870577824072 14.423225174069788
-171.02701151377602 -108.54675821489329 13.869251959751082
-171.24408026446423 -108.73143461657517 13.341259739982183
-171.4648968927564 -108.86179761645273 12.798815729108618
-171.67706439158874 -108.99961217363037 12.25476416880467
-171.88923189042112 -109.13742673080807 11.710712608500755
-172.12280041321193 -109.3258270436432 11.191144453890665
-172.35636893600278 -109.51422735647832 10.671576299280582
-172.56039878572167 -109.56696097166575 10.109801445577647
-172.80386259977425 -109.74066047802883 9.5896535312915265
-173.05970091459221 -109.94886551234791 8.9839946909906239
-173.31553922941018 -110.157070546667 8.3783358506897212
