106.72381801959315 -66.469176442510417 394.63780266689179
107.32724850467802 -39.123909239115243 460.69001648613857
106.72381801959315 -66.469176442510417 394.63780266689179
106.7320860092658 -66.065773776749282 395.08187240196003
106.74035399893846 -65.662371110988161 395.52594213702827
106.63673742488223 -65.315267164357493 396.00425422741932
106.53312085082598 -64.96816321772684 396.48256631781038
106.42950427676972 -64.6210592710962 396.96087840820144
106.41841034701892 -64.471097703166862 397.54172989771223
106.40489512998488 -64.405456064140751 398.1379752449767
106.38651695952774 -64.164074095294581 398.68697159101788
106.39329975841693 -63.871135491012218 399.2105563193669
106.40008255730609 -63.578196886729849 399.73414104771598
106.52693655211951 -63.038049892968232 399.96250323620205
106.54912593523083 -62.556597676365399 400.31987054641013
106.57422552593619 -62.323731133662214 400.87226821461297
106.618117736421 -62.397575483273059 401.46608677771894
106.63913305916927 -62.093303039909301 401.98278459697042
106.66479926627798 -61.634683264536548 402.36880162697003
106.67050814300372 -61.298331575372025 402.86562649543242
106.68057756771289 -60.992415357384971 403.38168257209321
106.69069876785309 -60.630214579290637 403.85991698914785
106.71148079737024 -60.348427669774424 404.38922242542679
106.7355880059326 -60.085719120692033 404.92811300869431
106.75969521449497 -59.823010571609622 405.46700359196177
106.76714852559905 -59.559726917505849 406.00610113938279
106.77460183670314 -59.296443263402082 406.54519868680381
106.74328288056006 -59.448209456638345 407.12484180595277
106.80017173152962 -59.812326369202211 407.59832098460828
106.76260973192424 -59.658033805716329 408.17692525441504
106.75420031874489 -59.442703231791413 408.73689134776635
106.80806344625591 -59.019257812766945 409.15854611247551
106.77740352907767 -58.985830406829436 409.75682913748199
106.74674361189946 -58.952403000891934 410.35511216248841
106.7380143597979 -58.839378051866355 410.94430581576
106.72928510769631 -58.72635310284079 411.53349946903154
106.74119609399693 -58.437107668720934 412.05904224297694
106.74651477825095 -58.057712697028059 412.52383377372161
106.7768962272331 -57.991583287655502 413.11940397846138
106.82543431449626 -57.782169958316807 413.679573695226
106.8739724017594 -57.572756628978105 414.23974341199062
106.91304319282929 -57.754423340415407 414.81024378818745
106.95005677042434 -57.799921423785669 415.40737017303684
106.95862077313208 -57.613064166698145 415.97746755360561
106.96718477583981 -57.426206909610606 416.54756493417437
107.0021269088874 -57.028325403438146 416.99530297631952
107.06630562134349 -56.970557979770057 417.58905714904614
107.13048433379952 -56.912790556101946 418.1828113217727
107.15361249242054 -56.698888654370634 418.74291047791786
107.17663819717032 -56.343754669746588 419.22597327909989
107.18896979499561 -55.962369485111367 419.68899949070766
107.20130139282094 -55.580984300476146 420.15202570231543
107.22189641685827 -55.776831797317548 420.71878808900482
107.28031812235827 -55.489252540890348 421.24212839473256
107.32916175672975 -55.237615600511184 421.78461632051341
107.22288175589328 -55.010835366575542 422.32984589318738
107.21922978613063 -54.831311866087177 422.90234740051227
107.215577816368 -54.651788365598783 423.47484890783716
107.17027521332447 -54.336625692532991 423.98339601840172
107.25393412274403 -54.069599847382776 424.51414867727073
107.3375930321635 -53.802574002232589 425.04490133613973
107.26577004645765 -53.784318619774886 425.64030724788029
107.19394706075175 -53.766063237317198 426.23571315962079
107.21368334012584 -53.325047174556929 426.64205699390885
107.21811498623954 -53.168907039326101 427.22136746220957
107.1464319153753 -52.879088986906176 427.74181633947126
107.1879556706717 -52.57868043816238 428.2595329430178
107.1663010742772 -52.181524947830482 428.70875292805215
107.1446464778827 -51.784369457498585 429.15797291308644
107.13043106599098 -51.673820423956478 429.74752938472227
107.07898751453988 -51.546585916724723 430.33162264883651
107.02754396308876 -51.419351409492968 430.9157159129507
107.02114501928318 -51.086409234027869 431.41482367818253
107.01474607547759 -50.753467058562777 431.91393144341436
107.01188917356122 -50.864885700542054 432.50348867077309
106.99668781859165 -50.471697452163937 432.95644774193124
106.9814864636221 -50.078509203785806 433.40940681308939
106.94791058444775 -49.819230284961904 433.94945042483857
106.9182600994354 -49.743305001424019 434.54388814239883
106.91337779268687 -49.628253673686579 435.13273392447309
106.90849548593837 -49.513202345949132 435.72157970654735
106.8889305353969 -49.515556173681105 436.32125601273702
106.8693655848554 -49.517910001413071 436.9209323189267
106.89533718319539 -49.262074708374826 437.46303358152966
106.92130878153537 -49.006239415336566 438.00513484413261
106.93422209725581 -49.269168447977449 438.54430232281766
106.92585861708673 -48.818232620534715 438.94001298950235
106.9368310952236 -48.308312438341808 439.25602092059881
106.90534328405883 -48.351261270204105 439.85365284376701
106.87385547289406 -48.394210102066403 440.45128476693526
106.91586719553479 -48.051447098664809 440.9419460947978
106.91262076925338 -48.079720169763775 441.54127079324354
106.90937434297197 -48.107993240862733 442.14059549168923
106.94544761146668 -47.734564217216253 442.60883633100013
106.98152087996138 -47.361135193569766 443.07707717031099
106.97388204355636 -47.117540198609859 443.62535002811893
106.98761029163025 -46.547548958696801 443.8122230374787
107.05992899984264 -46.529179930287505 444.40756544587731
107.19161181681247 -46.136968513150194 444.8421110015812
107.34482113844879 -45.840773586075855 445.34090501611945
107.16271122657147 -45.631837596470255 445.87305324006047
107.19944672211948 -45.549992307117734 446.4663085409029
107.22990101424486 -45.265876850798101 446.99389829020765
107.30235350721702 -44.706354425448993 447.19806805239978
107.26065663722954 -44.278357124398397 447.61649329222962
107.21895976724204 -43.850359823347773 448.03491853205941
107.22735418504058 -43.252973084609309 448.09022330698201
107.29818943046666 -42.971287019836957 448.61523314395509
107.26409405589558 -42.496987736575839 448.98112615472581
107.2931165808385 -42.632627621198921 449.56487225941981
107.28435395208002 -42.30390622715602 450.06673425383235
107.27559132332158 -41.975184833113147 450.56859624824494
107.29173111207108 -41.816528843405784 451.14701459524741
107.3078709008206 -41.657872853698429 451.72543294224988
107.27282759140174 -41.650474165993543 452.32436300985808
107.31753188410489 -41.506090393187023 452.90501338001559
107.3007893379956 -41.217493042270362 453.43078068234018
107.2840467918863 -40.928895691353702 453.95654798466478
107.26730424577704 -40.64029834043702 454.48231528698932
107.28963003003837 -40.638264295708638 455.08189632573146
107.24922588969142 -40.544541358289294 455.6731522064162
107.20882174934445 -40.450818420869957 456.26440808710095
107.30284292164693 -40.543906394245354 456.84963851041448
107.30034004361175 -40.188178995650318 457.33280696291359
107.29783716557657 -39.832451597055233 457.81597541541259
107.31067987119505 -39.95239106348388 458.40372501286475
107.35813937286953 -39.49649831732151 458.79090636533067
107.38507955342004 -39.015995489955024 459.14922362637833
107.41201973397058 -38.535492662588538 459.50754088742605
107.36963411932429 -38.829700950851887 460.09877868678234
107.32724850467802 -39.123909239115243 460.69001648613857
