37.847311319552169 103.14633787003747 484.55085460261932
71.07164345245819 140.23043608205131 355.95103092289014
37.847311319552169 103.14633787003747 484.55085460261932
38.083175740057854 103.50821366878922 484.13442467884187
38.319040160563546 103.87008946754099 483.71799475506441
38.52090162227681 104.20122446066414 483.26017211844157
38.688205448868565 104.53694555175366 482.79187650816374
39.000959745870709 104.83470074295235 482.37531127219108
39.162346710006958 104.97304125726949 481.81422647476256
39.32478423348897 105.39337844279882 481.41808167620241
39.516523673743876 105.60288539420074 480.88955275138841
39.708263113998775 105.81239234560265 480.36102382657447
39.900002554253668 106.02189929700452 479.83249490176047
40.177759710572694 106.33523756983293 479.40276232341148
40.469458317352604 106.57740089758413 478.93771518010755
40.707844831329204 106.79142312881599 478.43040230377517
40.94623134530579 107.00544536004782 477.92308942744285
41.159459543463186 107.16167706421443 477.38445653750415
41.344616877835946 107.38747941899234 476.86030955610988
41.531343209722749 107.62751544898697 476.34309008501032
41.718069541609552 107.8675514789816 475.82587061391075
41.90479587349634 108.10758750897617 475.30865114281113
42.058668477535051 108.29845457656359 474.76102628559875
42.421324404461146 108.49998974136876 474.3275931811728
42.468478289057387 108.7617144708469 473.78974870816307
42.515632173653614 109.02343920032499 473.2519042351534
42.698669550066711 109.02943171573342 472.68053622012729
42.881706926479801 109.03542423114189 472.10916820510118
43.073338126941266 109.19616158905544 471.56378670121546
43.26496932740271 109.35689894696903 471.0184051973298
43.287137709821678 109.62068838673463 470.47995956935137
43.523268839317041 109.79542203794999 469.95678632766538
43.612948595823624 110.00478598670925 469.40169689502153
43.702628352330201 110.2141499354685 468.84660746237768
43.87337441687999 110.40244133149963 468.30310757128166
44.044120481429786 110.59073272753076 467.75960768018558
44.194073853689147 110.8216810856527 467.22652528315041
44.422543807302077 110.8575180306465 466.6728853336619
44.568840574913182 111.10901721847438 466.14815167330801
44.69018789726961 111.3806878732734 465.62712395554433
44.870416865227988 111.50257644049523 465.06796324851166
45.050645833186373 111.62446500771708 464.50880254147899
45.234290992412568 111.78286755221271 463.96000103875684
45.368476831720017 112.11433421470528 463.47820853966061
45.593740514167102 112.10594156763807 462.92216372415953
45.819004196614216 112.09754892057086 462.36611890865851
45.764945692416106 112.38586866333534 461.84271714704892
45.836240425294861 112.43655652473294 461.24912823056655
46.091024714945178 112.52190210348604 460.71265726403192
46.148050051098693 112.81260984772889 460.19089379417818
46.281095490552921 113.00446186070876 459.63818074371164
46.41414093000715 113.19631387368864 459.08546769324511
46.589605679027208 113.35173679737707 458.5331490925775
46.765070428047252 113.50715972106551 457.98083049190984
47.025559708035658 113.61128595672952 457.4504503809917
47.154131413958105 114.04913588895688 457.06089068943641
47.40807967692281 114.08989479229231 456.51881228963049
47.662027939887537 114.13065369562776 455.97673388982457
47.773558009686141 114.30128086480924 455.41242243976546
47.978437765529904 114.44935938266924 454.86827444685014
48.323957102574504 114.66147489477994 454.42598110838543
48.45149789772735 114.90113413385136 453.89091401474252
48.622496692407118 115.10628915578982 453.35363305547492
48.799649871556241 115.31109686761597 452.81821681338477
49.001920857722936 115.50627490271617 452.28813004428974
49.204191843889632 115.70145293781641 451.75804327519472
49.406462830056356 115.89663097291665 451.22795650609976
49.595989260515879 116.28774338483663 450.81430107775458
49.729260651074256 116.3574231933241 450.23345388550194
49.862532041632626 116.42710300181155 449.65260669324937
49.947540482571917 116.82449176851927 449.2111820302959
50.133914711299433 116.92871851632938 448.6504669226814
50.287420394440176 117.13072481669242 448.10674874213464
50.463308301013804 117.30998781187421 447.56183753571696
50.630985579292897 117.57117178183159 447.04835212775851
50.775134782444752 117.77200000551686 446.50164468149308
50.9192839855966 117.97282822920215 445.95493723522759
51.102926913165675 118.13448930371626 445.40708600346773
51.303900229369177 118.31384053790825 444.87094902379931
51.432460881839134 118.46020118366508 444.30345389605799
51.638488937027702 118.56179057133245 443.74916873768859
51.788867575322719 118.54376197123534 443.1685989875956
51.928320900122273 119.03522482622888 442.85392926810556
52.071510430495984 118.95611946517181 442.27666061293411
52.175702545484114 119.11772415663424 441.70830515472892
52.366490651913431 119.22182181671542 441.1490524608501
52.557278758342747 119.3259194767966 440.58979976697128
52.698921051762454 119.43251541714623 440.01658535140257
52.840563345182133 119.5391113574959 439.44337093583391
52.963346665581831 119.78331994572791 438.90924883212972
53.086129985981529 120.02752853395991 438.37512672842558
53.308517618349228 120.08381746270518 437.82071235499126
53.464620900579391 120.15794768166423 437.24613731558031
53.620724182809568 120.23207790062327 436.67156227616931
53.747838885360736 120.43719633740413 436.12222787956932
53.874953587911875 120.64231477418494 435.57289348296928
53.967170783041489 120.62003033512076 434.98044146575774
54.138247909226017 120.69598368864062 434.41038558693054
54.271534844763984 120.94378773376975 433.88045375354767
54.386564658382895 120.82593699707554 433.30349678302093
54.498318228236052 120.97025837170153 432.73193534235935
54.610071798089223 121.11457974632754 432.16037390169777
54.687900185731429 121.43172737715852 431.65702499454164
54.847642247232855 121.32528937751815 431.08855914154793
55.007384308734274 121.21885137787777 430.52009328855422
55.062267712401173 121.60442255308672 430.06366949332659
55.195298072755079 121.60490169730242 429.47860309227036
55.326698830882037 121.70122684364276 428.90114720049485
55.458099589009009 121.79755198998312 428.32369130871939
55.53548667763696 122.11255966076665 427.81893254865554
55.663724977398331 121.90834630424658 427.26952209781473
55.791963277159638 121.70413294772663 426.72011164697386
55.895641039271233 122.10358356513954 426.28457734764487
55.999318801382813 122.50303418255248 425.84904304831588
56.152661201301143 122.50831130453905 425.26899282603262
56.399240293174444 122.54221302941967 424.72305379601096
56.645819385047709 122.57611475430024 424.17711476598913
56.678344512458921 122.64829770736701 423.58236125622778
56.710869639870147 122.72048066043378 422.98760774646644
56.852422355634474 122.7630746578491 422.40610230363382
56.9939750713988 122.80566865526445 421.82459686080119
57.093574162177774 122.96889016217695 421.25588009403828
57.193173252956761 123.13211166908945 420.68716332727547
57.292772343735706 123.29533317600192 420.11844656051255
57.457407473045109 123.20825483310118 419.54808471361622
57.603295300642628 123.2997489080758 418.97332774236367
57.749183128240148 123.39124298305043 418.39857077111111
57.890887697472735 123.36799587132498 417.8160079960773
58.032592266705343 123.34474875959953 417.23344522104355
58.03201176104217 123.79640189090802 416.83846533295753
58.250973099576854 123.6293136168018 416.30541989316532
58.413248689735646 123.67065400969447 415.7292622717161
58.57552427989441 123.71199440258718 415.15310465026676
58.683481494176327 124.00829269007401 414.64266115220181
58.848283300875423 123.8122009130868 414.10008546208411
58.974443256328833 123.9542074796987 413.5309476925774
59.102807735768465 123.89970248255517 412.9473795597047
59.250631967842459 124.01489186567463 412.37739762803642
59.361264180171624 124.25974598134289 411.84092118341323
59.468533783540842 124.6225678145486 411.3752458141459
59.576854789665184 124.48215434787228 410.80205246281656
59.755355647698934 124.47929277435756 410.22922678682232
59.876991650558715 124.87733038776682 409.79705698093613
59.984141562712026 124.97429223742547 409.21471919576646
60.091291474865344 125.07125408708414 408.63238141059685
60.177527573720297 124.94066518364693 408.05314926926371
60.341441173236731 124.89351014346209 407.47790259688855
60.418309814591829 125.1383115297219 406.93553418587857
60.495178455946927 125.3831129159817 406.39316577486858
60.643503084950375 125.43080373306368 405.81374762672596
60.791827713953822 125.47849455014564 405.23432947858333
60.857527867521455 125.81761683564011 404.7437384418713
61.142755537377511 125.69148372682753 404.23116101824655
61.118683690073148 126.0104117272233 403.72351401812654
61.24129918801831 126.20653771957411 403.16988956528138
61.337605409205139 126.37864408911589 402.60322872375104
61.433911630391982 126.55075045865765 402.03656788222071
61.524032272977671 126.36873306699404 401.47199021802214
61.625945343762588 126.68851375310786 400.97464321763732
61.759292647227561 126.88728706354206 400.42445446119308
61.930282998331947 126.98937340074406 399.85846799528963
62.0003979074624 127.200709879713 399.30131380462547
62.07051281659286 127.41204635868196 398.74415961396136
62.140627725723064 127.62338283765044 398.18700542329697
62.296714277089187 127.53052174697544 397.61515421334695
62.362866382244555 127.77629904785417 397.07181507675153
62.502953726787396 127.84953060721455 396.49301228251795
62.643041071330231 127.92276216657493 395.91420948828443
62.783128415873094 127.99599372593528 395.33540669405085
62.863895180206853 128.17142282021183 394.76733859719945
62.944661944540599 128.34685191448838 394.19927050034801
63.039391120286453 128.50267847775382 393.62765483799842
63.1341202960323 128.65850504101928 393.05603917564878
63.273781847863496 128.78000651114959 392.48530977944046
63.28924124722532 128.91078877448768 391.89994065951055
63.47371669307298 128.92101737710661 391.32909550925717
63.617047737310216 129.04849135782615 390.76058289198528
63.662113665030269 129.05182102434338 390.16228699906975
63.822987499381632 129.15360000389614 389.59328730773211
63.889520673214896 129.33303522307091 389.0246254232178
63.956053847048167 129.51247044224561 388.45596353870349
64.062429041089729 129.72869592039106 387.90648118166786
64.168804235131276 129.94492139853648 387.35699882463229
64.342967088392214 130.13292697830454 386.81448504368279
64.454965864472214 130.16866144862462 386.22611498854104
64.566964640552214 130.20439591894464 385.63774493339923
64.604806666760027 130.51868364386908 385.12804776152723
64.803718846397629 130.5655466186594 384.56392206065414
64.855602276070925 130.76875442988913 384.00177021712733
64.90748570574425 130.97196224111889 383.43961837360058
64.95936913541756 131.17517005234862 382.87746653007378
65.113977843050264 131.58404658865132 382.46647246006154
65.261013619253816 131.44821342147017 381.90084905954689
65.379938519576598 131.42832294964219 381.31308955327438
65.486045174018358 131.32643301914442 380.73140250687715
65.569735933266216 131.5298431473704 380.17317300519204
65.653426692514046 131.73325327559641 379.61494350350688
65.730508202920149 131.98988754920569 379.07810340593358
65.807589713326223 132.24652182281494 378.54126330836021
65.938781677485821 132.32919641750044 377.96164828100711
66.069973641645475 132.41187101218597 377.38203325365401
66.149437100680956 132.56667093913583 376.80781853658868
66.283427938611496 132.67439284402448 376.23297730063058
66.4021618389569 132.81024231667885 375.66074729295161
66.500461628816652 133.08980418291122 375.13903634399401
66.706631154033261 133.10331401651246 374.57573215328705
66.745362355104689 133.29351983224379 374.00799837612954
66.867153952511515 133.49186356519652 373.45498248992055
66.940229843304408 133.84881217781071 372.97827754749011
67.013305734097315 134.2057607904249 372.50157260505966
67.129440708059803 134.34259723323143 371.92904447846433
67.228875093244909 134.53924868427163 371.37097547749164
67.32830947843 134.73590013531185 370.81290647651895
67.427743863615135 134.9325515863521 370.25483747554631
67.573667465887112 135.09813402033549 369.69690489910352
67.621976880748463 135.41273020681089 369.18828378285792
67.690479772093312 135.70109063968522 368.66659842305768
67.899335759552642 135.91248412161121 368.14535762236994
67.979414257485118 136.13835770617226 367.59529530047678
68.059492755417665 136.3642312907333 367.04523297858373
68.217061461256947 136.49350526448944 366.48091007221763
68.308768929869871 136.7053866129217 365.92710863272225
68.400476398482795 136.91726796135399 365.37330719322688
68.529630679662745 137.02937515078619 364.79819750827062
68.607259836220493 137.24319547634906 364.24299071577946
68.684888992778269 137.45701580191195 363.68778392328829
69.012735427153032 137.54541399929721 363.19310981423592
69.340581861527795 137.6338121966825 362.6984357051835
69.351663332251022 138.01880503057447 362.23837297157161
69.378053778491861 138.24695613913818 361.68407105383329
69.4044442247327 138.47510724770191 361.12976913609498
69.430834670973539 138.70325835626562 360.57546721835672
69.457225117214378 138.93140946482936 360.02116530061841
69.506497532091643 139.03155281127567 359.43163706609971
69.555769946968923 139.13169615772202 358.84210883158102
69.556863038877253 139.65829844821701 358.55455217143293
69.65705565767658 139.7882181409984 357.97741933354752
69.757248276475906 139.91813783377978 357.40028649566204
69.973368498806195 140.08882048762706 356.86722038233694
70.547717930000289 140.23569778975147 356.77475531321522
70.809680691229246 140.23306693590138 356.36289311805268
71.07164345245819 140.23043608205131 355.95103092289014
