93.834973296675159 -93.699425288842733 44.545010534695692
197.828680527882 -36.244620385035496 34.185784386398595
93.834973296675159 -93.699425288842733 44.545010534695692
94.359116287349906 -93.409088390331902 44.513727780826407
94.883259278024667 -93.118751491821087 44.48244502695713
95.403447140742855 -92.820271974039443 44.500181005800222
95.85951669550505 -92.434376486944757 44.444636120716339
96.315586250267231 -92.048480999850071 44.389091235632449
96.901263725176648 -91.954714765629916 44.29859378426552
97.486941200086065 -91.860948531409761 44.208096332898606
97.969037356558374 -91.562687324157849 44.404625079302932
98.516476731154484 -91.319444484546054 44.370816025494783
99.063916105750607 -91.076201644934258 44.337006971686634
99.560093017733038 -90.762689680187961 44.461581126215144
100.11191700575719 -90.534556503585023 44.402882404132285
100.67675386363732 -90.351000656115048 44.488126611206368
101.18182229831019 -90.028937366488975 44.453759275372455
101.72145455646881 -89.767506748405808 44.474997398719026
102.26108681462743 -89.50607613032264 44.496235522065597
102.80751021393614 -89.259546389436181 44.470847423547148
103.31868216636175 -88.952695817136231 44.538271168122712
103.86945466344204 -88.71691145035237 44.57075791680986
104.42202995583757 -88.486410663061562 44.609872278524371
104.96328575161154 -88.229191014167597 44.639540708950641
105.5045415473855 -87.971971365273617 44.669209139376918
106.0286392589333 -87.679939022664342 44.662988237473236
106.57823239404759 -87.439340562862625 44.655257327029346
107.09969232410836 -87.147371359461161 44.708488197829411
107.62357080943032 -86.856142048892679 44.681343745678603
108.18113623584671 -86.634522973207623 44.683748024700307
108.70325213683532 -86.339862410993106 44.659870440855322
109.22536803782393 -86.045201848778603 44.635992857010336
109.76697957162432 -85.788934904899818 44.604620896131159
110.30859110542474 -85.532667961021033 44.573248935251989
110.80357053528219 -85.216539076034252 44.450538332226039
111.29854996513966 -84.90041019104747 44.327827729200095
111.8350353619491 -84.656408774227742 44.440285399459576
112.37227671106564 -84.397399509066219 44.374818359203196
112.90951806018218 -84.138390243904695 44.30935131894681
113.45308904471256 -83.907254952454863 44.203961272817786
113.85552566416388 -83.462517079920744 44.188055548740877
114.45140643082098 -83.392606418177181 44.181841749361574
114.9181507481405 -83.015623994031202 44.187672198309443
115.38489506546007 -82.638641569885237 44.193502647257297
115.93831357970711 -82.407097806834827 44.182758631199462
116.49173209395417 -82.175554043784416 44.172014615141634
116.97182806211592 -81.820724416754217 44.111982980677432
117.49860820426667 -81.536541207068922 44.070238697612673
118.03726667879687 -81.272382189638932 44.078427795684753
118.53480052554478 -80.943540476608305 44.012676756823801
119.05710549854999 -80.656650827120089 43.942735036866573
119.57941047155518 -80.369761177631887 43.872793316909338
120.10010653424249 -80.071900464084877 43.860359265791701
120.62080259692982 -79.774039750537881 43.847925214674071
121.12573144435881 -79.471772192196312 43.730958628811798
121.65544104150695 -79.192697898662658 43.691903777924509
122.1708723822376 -78.888165238047819 43.652024063639587
122.68630372296825 -78.583632577432951 43.612144349354672
123.20556714485058 -78.283110316907482 43.604942292446864
123.72483056673295 -77.982588056382056 43.597740235539085
124.25695191303018 -77.705810525342457 43.582213770183031
124.77799279372122 -77.408293521804453 43.582031412123179
125.29535482229798 -77.104424800848477 43.581455381298532
125.81901351013141 -76.811540000064454 43.581723944642953
126.35282746015257 -76.537603610882044 43.582957413134338
126.88213760483897 -76.255063262287379 43.581645106743125
127.41144774952537 -75.972522913692671 43.58033280035194
127.90825535100036 -75.636103649575091 43.582403029142057
128.46776926706065 -75.41945054521787 43.580034462639802
128.96688323779955 -75.086456698434787 43.579449468750092
129.48101492438937 -74.777153360215479 43.579681440073664
129.99415912563725 -74.466215137424001 43.579010371559939
130.50730332688514 -74.155276914632537 43.578339303046207
131.05972016263792 -73.92111063743144 43.579678780052461
131.57629290531207 -73.616055592636854 43.569982328563086
132.0928656479862 -73.311000547842269 43.560285877073703
132.61176480084913 -73.012490139137441 43.51984820833534
133.10551432026816 -72.674847289128977 43.472851209371086
133.64010612476551 -72.40739393914356 43.421079516856182
134.11536362493911 -72.045803068828633 43.362921533452152
134.63708971032904 -71.752231251153063 43.322703630842128
135.19791519833228 -71.540503517310313 43.297284371849443
135.67503834458188 -71.177091419664634 43.280397969104513
136.20058800800274 -70.887651483967545 43.275699575558122
136.72279768150881 -70.592656282642182 43.259119826112389
137.24500735501491 -70.297661081316818 43.242540076666657
137.75118334438031 -69.997213994978736 43.126275653471552
138.24268224252654 -69.665014342502843 43.036430097009664
138.77769757462036 -69.394751196576607 43.009663954616478
139.31271290671415 -69.12448805065037 42.9828978122233
139.80167133211506 -68.778766172460905 43.020261446557065
140.31774954481347 -68.47956989751728 42.955880801656228
140.83318135488327 -68.193538368459386 42.844005810916592
141.34849163645364 -67.899671144459859 42.754020432289479
141.86380191802405 -67.605803920460346 42.66403505366236
142.36114678297082 -67.272203897897896 42.700901166251207
142.88188097882107 -66.980443792727826 42.639975487729558
143.40261517467133 -66.688683687557756 42.579049809207909
143.91126605305277 -66.38990609734789 42.469476840323338
144.43251925035423 -66.102548476709543 42.393841516802681
144.92045781168989 -65.753536003536084 42.383533562056179
145.42492611640867 -65.429388410379019 42.362555778936034
145.92939442112745 -65.105240817221954 42.341577995815882
146.43440829076167 -64.78646256382136 42.283773007830867
146.95446787393888 -64.501530697651589 42.192384487837579
147.47801107741878 -64.212820188986527 42.14189927934666
147.97295761478378 -63.875876318867697 42.103211380208492
148.4905305638454 -63.572769976673158 42.087565686835362
149.00810351290698 -63.269663634478604 42.071919993462231
149.55498381364626 -63.02320111491251 42.058572217899957
150.05605547771921 -62.701739642143494 41.983807861497098
150.55712714179214 -62.380278169374471 41.909043505094232
151.05819880586509 -62.058816696605447 41.83427914869138
151.56166774981267 -61.733582433480919 41.807045041946978
152.03578470439817 -61.36621073832665 41.791197298446932
152.55135972885031 -61.05935339414539 41.786618599594377
153.07031786240185 -60.758258187138836 41.781706172657394
153.54756095133123 -60.394632518915742 41.777780936558926
154.0740842326199 -60.106933989473148 41.776110482258836
154.59824055899958 -59.814963891969811 41.779799341168463
155.06883684265836 -59.443541125658534 41.755627736500379
155.59779222877566 -59.172495559677699 41.673527184372929
156.12674761489296 -58.901449993696858 41.591426632245494
156.63302836460676 -58.585587159926924 41.528892859673803
157.13930911432055 -58.269724326156982 41.466359087102106
157.63391740783979 -57.930073631999974 41.466154292963388
158.12852570135905 -57.590422937842973 41.465949498824678
158.64165497552887 -57.291267634459629 41.381070452838095
159.16196304037652 -57.013475240785382 41.271020901856716
159.6822711052242 -56.735682847111136 41.160971350875336
160.10216908742947 -56.30731506897331 41.174636313122363
160.59277721953316 -55.962443226198594 41.155477169746646
161.06318080641182 -55.599819880760776 41.070478494491049
161.53358439329043 -55.237196535322951 40.985479819235451
162.07506104910036 -54.984896384113384 40.929375764903014
162.61653770491026 -54.732596232903802 40.873271710570563
163.11097342227231 -54.392811376694354 40.882192074205804
163.59286922891047 -54.035639538551969 40.867884398554033
164.14392501788879 -53.798327997739229 40.872439618697058
164.58817255913056 -53.402721411956534 40.794084329239254
165.03242010037229 -53.007114826173833 40.715729039781451
165.57096706407467 -52.747294733070916 40.666123726488095
166.10951402777704 -52.487474639967999 40.616518413194754
166.66893822964795 -52.278255070025203 40.559319340527118
167.06199007038597 -51.824980939798436 40.56658662059813
167.59129314684472 -51.570818337285445 40.443137745612894
168.12059622330349 -51.316655734772461 40.319688870627665
168.56932541824085 -50.920246394437967 40.280936522228821
169.10888881138703 -50.658019439561656 40.270526483186281
169.60593369362834 -50.34312588620331 40.15310231577994
170.10297857586966 -50.028232332844972 40.035678148373606
170.5754786759511 -49.667967235371243 39.952295206681235
171.08734054122476 -49.372622043574246 39.848523107536202
171.59920240649842 -49.077276851777235 39.744751008391162
172.08667949315739 -48.733826972228059 39.678356202719705
172.57415657981636 -48.390377092678875 39.61196139704824
173.09005362648509 -48.123283101645811 39.461924610917251
173.6195242906831 -47.846058007684334 39.408942887353788
174.14899495488112 -47.568832913722858 39.355961163790326
174.68298673234915 -47.295284107669339 39.360842997792716
175.21697850981718 -47.02173530161582 39.365724831795092
175.7327019050347 -46.75311678555277 39.217828001357766
176.24842530025222 -46.484498269489727 39.069931170920441
176.767007913339 -46.182866725645447 39.079443539824673
177.29879718124465 -45.905018086785304 39.079998899143071
177.83058644915025 -45.627169447925127 39.080554258461468
178.34444309109134 -45.317436159593129 39.076474842805524
178.86087880462176 -45.012259785490485 39.063765221258016
179.38803422537131 -44.748936502838838 38.950769596617434
179.88477407682291 -44.435296508059764 38.828788148622927
180.39385590120042 -44.120319056563872 38.788478086137175
180.90293772557797 -43.805341605067994 38.748168023651431
181.40868650158086 -43.483006281046663 38.766003787151931
181.92793825909558 -43.18241539855525 38.770771772145615
182.44719001661031 -42.881824516063816 38.775539757139306
182.91489920619668 -42.513171750095481 38.702442205057423
183.42095807611267 -42.214449751077716 38.581324132573705
183.92701694602869 -41.915727752059951 38.460206060089988
184.43869593579763 -41.602600255170287 38.448553501545454
184.95037492556659 -41.289472758280624 38.436900943000936
185.45995584055891 -41.031315523525095 38.253374015224708
185.96953675555122 -40.773158288769565 38.069847087448487
186.5263964421658 -40.584117296028815 37.950805949655333
187.08684614637065 -40.389904859728823 37.860375541920199
187.56840477471911 -40.052151245868124 37.741953484062847
188.04996340306758 -39.714397632007426 37.623531426205503
188.59799670873767 -39.571597390014894 37.425370918628474
189.14603001440778 -39.428797148022362 37.227210411051452
189.6358810492396 -39.148688328660121 37.023286373749123
190.10951809677772 -38.837832541284399 36.825709485793048
190.58315514431581 -38.52697675390867 36.628132597836974
191.11311911000706 -38.360015623363623 36.401721078792782
191.57262178530365 -38.040070759403008 36.18609970828301
192.09717586371633 -37.910625916768154 35.925164751759617
192.63093019243274 -37.738277118840557 35.712086811959622
193.18093921357595 -37.583170700168729 35.529242409398613
193.5916812272408 -37.445156315506978 35.11422068968146
194.13738346125669 -37.197454064192563 35.085020236195021
194.70215330339312 -37.133458260871706 34.892823559401357
195.2067159851988 -37.051988333026685 34.578532053015998
195.74473297880576 -36.816492339183021 34.455734042145664
196.28359318537142 -36.604872486618845 34.298105631696409
196.84162782342219 -36.393205357685218 34.236507179893451
197.39966246147299 -36.181538228751599 34.1749087280905
197.828680527882 -36.244620385035496 34.185784386398595
