86.170890788347691 26.436634703464012 334.3782519313541
119.90308031195914 -51.446986183737963 274.8347463026559
86.170890788347691 26.436634703464012 334.3782519313541
86.140993758880342 26.008817699957838 333.95863451138678
86.111096729412992 25.581000696451657 333.53901709141945
86.41144645455168 25.204521201024008 333.18117182858697
86.260207480377645 24.624861769452217 333.14767979848045
86.28330380985048 24.178629405892206 332.74725098173957
86.306400139323301 23.732397042332209 332.34682216499863
86.300101498394326 23.138964291469215 332.43512786881007
86.309044677639406 22.597337730756241 332.17713428696118
86.377477058789964 22.229932879430812 331.70774033255549
86.312873940372512 21.754774554234693 331.34711448338828
86.248270821955074 21.279616229038645 330.98648863422102
86.424799113931613 20.83587274737733 330.62326764829788
86.601327405908151 20.392129265716004 330.2600466623748
86.632175451123516 19.910594762319857 329.90343353846401
86.663023496338894 19.429060258923705 329.54682041455322
86.810766284513278 19.302218208672063 328.9792967033037
86.893120380090039 18.745893961656446 328.77020070830559
86.975474475666815 18.189569714640818 328.56110471330754
87.062346448823945 17.618755669234933 328.39793429366244
87.149218421981075 17.047941623829043 328.2347638740174
87.234115647497106 16.861173153391995 327.67092879214476
87.339424306300486 16.426059772147816 327.27144608683295
87.48453223957037 15.935348336115254 326.95816350792211
87.571320025879984 15.370191472003279 326.77632402075113
87.658107812189598 14.805034607891297 326.59448453358021
87.839720655152377 14.386650213697084 326.20464960189025
88.021333498115155 13.968265819502857 325.81481467020029
88.081286828042693 13.374351360590513 325.75422412864918
88.135149745074273 12.798501348901807 325.59455086787278
88.3326700167231 12.415356150395583 325.17719550472361
88.391294758175093 11.830133577813985 325.05854610425877
88.414825669994471 11.237015446319687 324.9710407999529
88.514465972827523 10.682113708039612 324.76572185074195
88.673749584356614 10.268827596083284 324.3609709140386
88.833033195885733 9.855541484126956 323.95621997733519
88.971324011678661 9.2762676520501284 323.88329893964135
89.109614827471603 8.6969938199733026 323.81037790194745
89.126320424651496 8.5191078164848459 323.23759740927528
89.235494262220897 8.1287170961174802 322.79524442958439
89.422714215369069 7.7087790938950587 322.40975673401857
89.547648157743112 7.2294017431734803 322.0712469621389
89.672582100117168 6.7500243924519125 321.73273719025917
89.560910006120238 6.2527634826752907 322.04937725568124
89.752778234166001 5.8409613672164635 321.65745175157338
89.94464646221175 5.4291592517576266 321.26552624746552
90.17648239686558 4.9498862790932803 321.54220208138793
90.082189396978634 4.35962101976836 321.49028143225479
90.204007195770259 4.293323922468046 320.90653052751276
90.323318754647119 4.1449560597715536 320.33753867411127
90.402980475822773 3.7013601000582694 319.94146212253901
90.410618490261328 3.1046176766746902 320.0034309927056
90.418256504699897 2.5078752532911137 320.06539986287231
90.62836513090474 2.0505688327404505 319.73871162782632
90.838473757109583 1.5932624121897956 319.41202339278033
91.076823351805658 1.7257370014736975 318.87757044452178
91.131672400792823 1.5400076330755708 318.30968297015772
91.169469941122415 0.9877958551843381 318.07809389808551
91.207267481452021 0.43558407729307252 317.84650482601347
91.533586813162941 0.34139789171212503 317.35188916087793
91.681014958089875 -0.16292177578785161 317.06218825467278
91.958778448009696 -0.26456296682727193 316.54015711388553
92.082420744368392 -0.7841339154575967 316.26673690268939
92.296559299395511 -1.2289230832146263 315.92569837774403
92.510697854422617 -1.6737122509716549 315.58465985279867
92.682258876847499 -2.0852184823326971 315.18312599727017
92.86256945078415 -2.5648159712789766 314.87091718009322
92.964202050913443 -3.0623653504157673 314.55136213020108
93.065834651042735 -3.5599147295524931 314.23180708030884
93.272130536587781 -3.9078287187416385 313.78863909440099
93.478426422132827 -4.2557427079307688 313.34547110849303
93.63732356514501 -4.7014085015210787 312.9765081044315
93.796220708157207 -5.1470742951113948 312.60754510037003
93.955117851169405 -5.592740088701694 312.23858209630851
94.021209773063219 -6.1579005285974713 312.04825202764573
94.373072193523257 -6.3157186175446487 311.58859314557219
94.538343665159829 -6.693520411267885 311.15275929497938
94.703615136796401 -7.0713222049911097 310.7169254443865
94.495862844537641 -7.1907322668367328 311.26699836881676
94.288110552278866 -7.3101423286823515 311.81707129324701
94.527507996556793 -7.5262542554066032 311.31112218631949
94.766905440834705 -7.7423661821308514 310.80517307939203
94.933083986594241 -8.1058658655232971 310.35767707817769
95.099262532353777 -8.4693655489157447 309.91018107696334
95.299811100752279 -8.8673064434098663 309.50840587090585
95.420616624591844 -9.311099475889943 309.12310888190643
95.640962420527487 -9.6795345160787658 308.70393904595142
95.8315389551598 -10.112524438801612 308.33488578249478
96.019863348412301 -10.518606061354134 307.93534649940591
96.208187741664773 -10.924687683906665 307.53580721631704
96.329096449991539 -11.405558649458131 307.19795488357329
96.557983995195031 -11.727188192656651 306.74610874981465
96.797304027200823 -12.08987176626807 306.33236178884312
96.918148242703651 -12.539314998863917 305.95368322296792
97.038992458206479 -12.98875823145978 305.57500465709273
97.259134200815268 -13.162789417029837 305.04467385503591
97.454610498902269 -13.621958006491974 304.71157743755657
97.650086796989314 -14.081126595954126 304.37848102007729
97.79803997986231 -14.455806381502436 303.93381832321683
97.94599316273532 -14.830486167050736 303.48915562635636
98.071598752251703 -15.301503381971155 303.13934707996157
98.231969681533812 -15.633171089109883 302.66576741709321
98.323921683641231 -16.115537291261958 302.3209954978048
98.415873685748664 -16.59790349341403 301.9762235785164
98.5472209273874 -16.827085403039742 301.43749957272655
98.604965042104112 -17.364442674083577 301.17689876598968
98.690630791024176 -17.565193903556537 300.61800671619204
98.788805982095212 -17.961363237153186 300.17822098316316
98.886981173166262 -18.357532570749832 299.73843525013427
98.989848536860734 -18.748060579911488 299.29469413242396
99.057370737283449 -19.245801393841237 298.96652522073572
99.124892937706164 -19.743542207770993 298.63835630904754
99.172409053377947 -20.003637700618942 298.09975390155972
99.219925169049731 -20.263733193466898 297.56115149407196
99.320372651287599 -20.713522407702833 297.1769640839853
99.396804762840304 -21.073148432948024 296.70280455989035
99.473236874392995 -21.432774458193197 296.22864503579541
99.493867162661473 -21.953547982831768 295.93137524714967
99.514497450929923 -22.474321507470343 295.63410545850394
99.647232207275565 -22.873417491462245 295.20619906684868
99.640293194951553 -23.357634944402474 294.85196001144112
99.711491420364666 -23.722651968817779 294.38111674178015
99.782689645777737 -24.087668993233102 293.91027347211923
99.841961884338176 -24.310483250880626 293.35634151932629
99.864107677557712 -24.860160610796822 293.11683293109144
99.901431777943444 -25.212552375464817 292.63265635614738
99.965119721469577 -25.610739247149763 292.18836921806303
100.0288076649957 -26.008926118834705 291.74408207997874
100.08099884331321 -26.283201561823311 291.21299916528534
100.15037564760502 -26.578790125795173 290.69549142633321
100.12106120992365 -26.982464181698795 290.25256037037332
100.0917467722423 -27.386138237602417 289.80962931441343
100.21726040906461 -27.877572452956514 289.48910047179402
100.26429344025067 -28.427864628303517 289.25465129664229
100.31132647143673 -28.978156803650542 289.02020212149063
100.33292957614344 -29.216325915194069 288.46992148383964
100.35453268085014 -29.454495026737579 287.9196408461886
100.40203179825846 -30.038562156956665 287.79076330259369
100.43490397355959 -30.559765448503867 287.49535418125288
100.46777614886071 -31.080968740051087 287.19994505991212
100.53153483686648 -31.415419332443538 286.70590292511781
100.59529352487226 -31.749869924835998 286.2118607903235
100.66526886556412 -32.190957009164237 285.81117932614791
100.6745057667513 -32.707341234985705 285.50579103072846
100.73141281017439 -32.901671850245059 284.94099265928804
100.73860749659326 -33.377134189212981 284.57509130549101
100.74580218301213 -33.852596528180911 284.20918995169399
100.75299686943103 -34.328058867148847 283.84328859789701
100.84981411426796 -34.702264817858136 283.3843808429441
100.92631750104484 -35.25550734004991 283.16513225469191
100.95849402381903 -35.712725473648398 282.77794205635155
100.97781942275343 -36.230773227222024 282.47586085208133
100.99714482168783 -36.748820980795671 282.1737796478111
101.05153103630384 -37.112461680714397 281.69964086958015
101.10591725091987 -37.476102380633122 281.2255020913492
101.02590802528751 -37.779959271504978 280.71435679529003
101.21658342655002 -38.307166796660219 280.50059263371691
101.11426130301122 -38.79866025702507 280.17201332601007
101.22698549567031 -39.114627670186536 279.67456197139393
101.21184372777745 -39.364846716096892 279.12943707200964
101.25296183512813 -39.892300307541412 278.84641408686497
101.29407994247882 -40.419753898985945 278.56339110172041
101.30981286091625 -40.811345961334339 278.10906948437957
101.30564441619865 -41.201757275281516 277.65348016271957
101.32020311239029 -41.447814211953471 277.10644814511841
101.33476180858193 -41.693871148625426 276.55941612751724
101.27438741273201 -41.994572623764441 276.04372866870619
101.38477858303013 -42.465487700922168 275.68868954462863
101.49516975332827 -42.936402778079888 275.33365042055112
101.27224887132128 -43.641826132024661 274.90413053822618
116.32636843203325 -54.214641060512406 280.38189377739405
116.60234645683754 -53.835282787137622 280.00783037334702
116.87780917367112 -53.628487343961012 279.51655047724296
117.1532718905047 -53.421691900784388 279.02527058113884
117.38958377528836 -53.123729307880737 278.56118547435329
117.67698739517098 -52.877730180941022 278.09547785274583
117.99605241698039 -52.674178197419394 277.62989853419515
118.3151174387898 -52.470626213897773 277.16431921564441
118.62891056754472 -52.182245108703817 276.74198023980472
118.91438917977862 -51.937608496917505 276.27437475423943
119.19986779201251 -51.6929718851312 275.8067692686742
119.55147405198582 -51.569979034434581 275.32075778566502
119.90308031195914 -51.446986183737963 274.8347463026559
