33.325943002363744 9.8923674113845443 124.61608108406526
121.34980771577993 -80.251294905448049 38.059455034259443
33.325943002363744 9.8923674113845443 124.61608108406526
32.939515388911325 9.5563810638789271 124.30337215574484
32.716734447239944 9.22576316879133 123.85497449799466
32.493953505568555 8.8951452737037364 123.40657684024447
32.166417718334984 8.680172370971297 122.95214647245193
31.994955486726688 8.3641011828203204 122.47183437896194
31.809119954308791 7.9040415235271713 122.13447660925442
31.55389602028535 7.6386322500604846 121.66074814160709
31.370409704176165 7.3636767140699693 121.160016451948
31.186923388066976 7.0887211780794503 120.65928476228889
30.917428623659966 6.7166570617124064 120.27335618694208
30.782268963619934 6.5879869908729676 119.70311423902169
30.647109303579906 6.459316920033527 119.13287229110131
30.692111625484568 5.880072341312621 118.98303735176596
30.411266434880599 5.7360876460268075 118.47274881922965
30.130421244276636 5.5921029507409958 117.96246028669331
29.900710844741202 5.326447025802385 117.47598309104043
29.686878844466975 5.0826169501776706 116.97118335859246
29.473046844192773 4.8387868745529854 116.46638362614442
29.33781865978213 4.5805434807150869 115.9419566172289
29.202590475371501 4.3223000868771946 115.41752960831336
29.142362399958802 3.8277193290321101 115.08322068994373
29.085422406449727 3.3274418494849898 114.75690752656051
28.919080925741532 2.9716782312225996 114.30329672453232
28.752739445033324 2.6159146129601987 113.84968592250414
28.800816496781458 2.4431789618870874 113.2771031844273
28.848893548529581 2.2704433108139637 112.70452044635049
28.598557784251 1.8546725584129029 112.35172208103268
28.348222019972404 1.4389018060118317 111.99892371571488
28.364070726735626 1.21887155615656 111.44094924708523
28.379919433498848 0.99884130630129064 110.88297477845556
28.049932012016946 0.7322396684225565 110.45867315420212
28.218472121120794 0.4584002870601897 109.95211000430041
28.113634209322377 0.23381215369131542 109.40569515951704
28.008796297523968 0.0092240203224434932 108.85928031473368
27.925842153747301 -0.4111186140771913 108.43924379282605
27.861153547189002 -0.67310365436191222 107.90335273780781
27.803813265566742 -0.9450951404507586 107.37162656429493
27.655029833371128 -1.2395476467793991 106.87046669776444
27.50624640117552 -1.5340001531080334 106.36930683123391
27.505873590814197 -1.7094429035686893 105.7955301304842
27.315162070115356 -2.0697595316163624 105.35530173132634
27.270202904480193 -2.2976041644668337 104.80206986609565
27.159054666373926 -2.5555607789519961 104.27187701985079
27.030158910445529 -2.7706506100347772 103.72678780819051
26.901263154517135 -2.9857404411175485 103.18169859653021
26.778603231971044 -3.2045775314688321 102.63666201859478
26.655943309424959 -3.4234146218201147 102.09162544065934
26.564779926146628 -3.4684599547939117 101.50030475310771
26.466755879589407 -3.7463194470287271 100.97763335646202
26.368731833032182 -4.0241789392635434 100.45496195981633
26.302115232097282 -4.3090051047288975 99.931095293625233
26.235498631162379 -4.5938312701942454 99.407228627434122
26.11086189025027 -4.8692497256636642 98.888952294575247
25.986225149338168 -5.1446681811330794 98.370675961716358
25.903567274329809 -5.4738036370859415 97.875865364281537
25.796785298937486 -5.8195450154251533 97.397262701276603
25.725656429058752 -6.1091999999630406 96.876647033242946
25.654527559180018 -6.398854984500927 96.35603136520929
25.550036041576245 -6.7006423568881361 95.848088548923357
25.266849926391053 -6.9622660808614993 95.388350959400128
25.268230463470225 -7.3435441103732781 94.925074413124577
25.269611000549389 -7.7248221398850649 94.461797866849054
25.132070955196088 -7.7430964117922088 93.878060951012415
25.048218935429009 -8.1785098799927081 93.473853144939113
24.96436691566193 -8.6139233481932074 93.069645338865797
24.846938461774307 -8.6784136385650008 92.484793596399967
24.729510007886692 -8.7429039289367942 91.899941853934138
24.686503470323977 -9.1468585168799077 91.45838650224357
24.483978107698498 -9.3999202941565319 90.953467484603109
24.281452745073029 -9.6529820714331525 90.448548466962635
24.208807989965347 -9.9476565734991915 89.930967867067821
24.135730514901656 -10.267210223706964 89.428429164799823
24.062653039837965 -10.586763873914734 88.925890462531825
23.87335866424371 -10.838116329071623 88.415019067115139
23.684064288649459 -11.08946878422851 87.904147671698468
23.569465053046549 -11.340131880691732 87.371198305181636
23.454865817443647 -11.590794977154955 86.838248938664805
23.455059065133824 -12.189292840880434 86.795819352626637
23.274741197287316 -12.306948793530522 86.235781368788679
23.151513345133555 -12.549868101203897 85.701173936729361
23.009818525350944 -12.850127962197485 85.201407397310319
22.868123705568333 -13.150387823191076 84.701640857891277
22.820500017616983 -13.563773341644225 84.269385843485267
22.447963257372496 -13.651700373420667 83.807341257596065
22.07542649712801 -13.739627405197108 83.345296671706862
21.702889736883524 -13.827554436973557 82.883252085817659
21.723414378977346 -14.418860560462567 82.982930606027978
21.743939021071171 -15.010166683951578 83.082609126238296
21.688704933144756 -15.392779453896569 82.623744588704668
21.633470845218337 -15.775392223841559 82.164880051171025
21.589471094736236 -16.20091479733178 81.744172835392916
21.343953674233592 -16.623737445545945 81.39640537804982
21.209186053438462 -17.099605606913123 81.056718490781208
21.296540194740494 -17.112753503869577 80.463257129947152
21.312058487418785 -17.528637665582945 80.031053998736454
20.961677511543858 -17.660438813369375 79.56215994973698
20.936240667835641 -18.009587142390576 79.074873164236024
20.910803824127434 -18.358735471411773 78.58758637873504
20.558908954265853 -18.531348120781754 78.133301364847753
20.388348880724806 -18.934493990157844 77.722956790960552
20.330093077270917 -19.263003360179074 77.224270662045583
20.18069674301622 -19.616040762539541 76.762702327076823
20.079176808789253 -19.855941788532544 76.449050809179511
19.958730687829906 -20.099395548893103 76.145680104260222
105.68212563300662 -73.903259206894958 39.517024090777667
105.37585456219608 -73.541865839669683 39.885253455861637
105.03484072464865 -73.256788508721044 40.288292508535662
104.69382688710122 -72.971711177772406 40.691331561209687
104.37535091499555 -72.61536943524186 41.054089907387471
103.96953681893395 -72.364581244698556 41.417985775626882
103.56372272287233 -72.113793054155266 41.781881643866299
103.25336554525707 -71.921996081719797 42.060180736255361
103.2951095352704 -71.720706397681639 42.394535888616943
29.5215095352704 -16.280541642075907 74.006828558690827
29.558999789439916 -16.407138430267302 74.011799899578321
30.935073121465507 -19.919428322360936 72.355702773746941
30.952038203798384 -20.430085670830874 72.373443901210365
30.969003286131255 -20.940743019300815 72.391185028673789
14.892080679222422 -18.591919642551403 75.317422630425654
15.211952285800839 -18.609259313960926 75.452641896789004
47.061193146369085 -56.992282020190885 59.677907829508648
47.461118202198939 -57.285205352152616 59.689364413007503
47.861043258028801 -57.578128684114347 59.700820996506351
34.167568691135742 -52.286820790243837 60.863244035974922
33.865846668480359 -52.220090260165399 61.377550226293678
33.564124645824975 -52.153359730086962 61.891856416612441
33.262402623169585 -52.08662920000851 62.406162606931197
32.752590059922717 -51.985041947941149 63.080055702428659
44.526309535270407 -56.1959817274168 59.177401556276287
43.943247173547057 -56.076367223584477 59.253102631661896
43.360184811823714 -55.956752719752146 59.328803707047484
42.874269830243222 -55.705955538261506 59.575759987453523
42.293147761235183 -55.686211548776711 59.723771189026365
41.697670608954482 -55.623291444714503 59.761824068240266
41.131965493330789 -55.474214391935945 59.89506728379753
40.566260377707096 -55.325137339157401 60.028310499354802
40.018903381316321 -55.121787325207684 60.166328941342513
39.488857009732449 -54.927865329868951 60.369909646947484
38.968101103474467 -54.797059323751697 60.637683945305412
38.524689401786802 -54.408153604366575 60.725153113491515
50.599404036374708 -60.555751034398632 52.346437368127035
50.153109535270403 -59.956124393457728 52.679833791021693
77.18254587666928 -72.947303331415668 66.210221872002663
77.592397103527091 -72.918250783628849 66.301538960070161
90.90004188427217 -78.81366274440677 47.780461602552428
90.696374178426353 -78.928992795518212 47.780923231471846
116.42430953527041 -89.798870402517053 23.697257697077283
116.19337112764865 -89.799063660588942 23.695575787960234
119.86290953527036 -81.372430504088484 19.340678712815347
119.47360789436652 -81.387092605314507 19.452064443510825
53.48779948037101 -60.413775157115161 56.868977178245416
53.691641847948027 -60.705042631011487 56.823493842375953
69.041740020501194 -62.636890153108993 50.16689651392484
68.535416452389569 -62.007232795695622 50.167100485898985
121.35087960512919 -79.920419245321668 38.060767087908708
121.34980771577993 -80.251294905448049 38.059455034259443
