-24.892763219213997 -32.796238764669432 161.99513079826789
19.17909978438454 13.62671361216989 52.058138181079734
-24.892763219213997 -32.796238764669432 161.99513079826789
-24.863094368101351 -33.13226514868726 161.49893927423958
-24.833425516988701 -33.468291532705088 161.00274775021123
-24.823554451441375 -33.818865033351507 160.51592048853675
-24.836012359364521 -34.147025834268447 160.01376982462028
-24.831007539062274 -34.432532867784531 159.48607608239229
-24.826002718760027 -34.718039901300649 158.95838234016429
-24.831873810706266 -34.927771988334499 158.39626315178182
-24.830552288609447 -35.229155448332399 157.87745079300549
-24.830329739245162 -35.398455375166023 157.30183157403701
-24.843147414342067 -35.632138381386454 156.74935717661313
-24.842504949250166 -36.064861166457419 156.33372443185036
-24.841141167215071 -36.577359250119727 156.02172466527827
-24.833729703166554 -36.723899016784252 155.43994191631901
-24.826318239118034 -36.87043878344879 154.85815916735982
-24.829000540071966 -37.204992277458388 154.36009615437092
-24.831682841025891 -37.539545771467985 153.86203314138203
-24.854859875853048 -38.000441804929558 153.47857822695792
-24.820611051942464 -37.931520110501815 152.88353468393106
-24.826039743099383 -38.266344332077182 152.38567599920339
-24.831468434256301 -38.601168553652549 151.88781731447571
-24.928926759165591 -38.862766787124691 151.35671634559114
-24.824926211928624 -39.131853287062839 150.83062097236927
-24.830961851189443 -39.437879233891451 150.31456701111486
-24.830420091922981 -39.848841778118874 149.87740629268396
-24.868997428309747 -40.072340696861048 149.32192449960846
-24.855001753215678 -40.360249550015553 148.79569963003851
-24.841006078121612 -40.648158403170072 148.26947476046854
-24.829517155186892 -40.866595818157684 147.71076812869896
-24.852564257081045 -41.289638009963667 147.28591034655739
-24.839138715481322 -41.683481278473124 146.83346451037082
-24.825713173881599 -42.077324546982595 146.3810186741843
-24.888991276070758 -42.339690642390281 145.84514563533659
-24.821447211382996 -42.746365789036943 145.40919480734635
-24.842384285838797 -42.905954740053396 144.83118701706434
-24.863321360294599 -43.065543691069863 144.25317922678232
-24.8842584347504 -43.225132642086315 143.67517143650031
-24.870333810024515 -43.590768102873945 143.19965401869013
-24.856409185298631 -43.956403563661567 142.72413660087994
-24.860716241600336 -44.245418277328461 142.19834962448164
-24.865023297902049 -44.534432990995356 141.67256264808336
-24.855677338374498 -44.847131491424179 141.16057407314241
-24.837483792107751 -44.8930681709951 140.56261185331223
-24.819290245841007 -44.939004850566029 139.96464963348205
-24.851724362823482 -45.379666014770024 139.55873613725663
-24.884158479805954 -45.820327178974011 139.15282264103121
-24.863615812839235 -46.158286918228839 138.65748314787859
-24.868229672159366 -46.460561092442575 138.13920808972358
-24.8728435314795 -46.76283526665631 137.62093303156854
-24.837178902148892 -46.960617756028313 137.05559231915475
-24.85956998047568 -47.300241060592477 136.56147224203963
-24.881961058802471 -47.639864365156633 136.06735216492447
-24.86724836272678 -47.99049810650294 135.58069056175071
-24.860114724578338 -48.357171246568967 135.10582224362355
-24.880759722245145 -48.677410425465098 134.5988502006357
-24.907354678247692 -48.987193860948061 134.0856962944676
-24.928690586049001 -49.30198003359299 133.57534891811511
-24.901735039851598 -49.552488775259796 133.03081354839361
-24.874779493654199 -49.802997516926602 132.48627817867214
-24.864810202323113 -49.698374192206991 131.89555440806953
-24.868449267479676 -50.181493394914838 131.53976993232655
-24.860395765356856 -50.249040542915687 130.94363863479174
-24.858008886879393 -50.548470395070957 130.42370011299383
-24.855622008401927 -50.847900247226235 129.90376159119592
-24.861294497425295 -51.274209630074985 129.48159085208272
-24.868431262172884 -51.504177729420306 128.92745752889016
-24.87556802692048 -51.73414582876562 128.3733242056976
-24.853235303986214 -51.799436440604197 127.77730542621823
-24.847960361312722 -52.08312445442467 127.24863418074105
-24.842685418639228 -52.366812468245143 126.71996293526388
-24.837410475965736 -52.650500482065624 126.19129168978671
-24.832135533292245 -52.934188495886112 125.66262044430952
-24.805237560751046 -53.269389313368343 125.16571309778263
-24.773016400021376 -53.616789626503831 124.677579080084
-24.740795239291707 -53.96418993963929 124.18944506238536
-24.803004719739707 -54.121902134143212 123.61389589485304
-24.865214200187708 -54.279614328647156 123.03834672732073
-24.841622697658561 -54.612074878803966 122.53943448694388
-24.818031195129418 -54.944535428960783 122.04052224656702
-25.12560875422232 -55.331143084589371 121.70003646749274
-25.09396801985897 -55.731965551696945 121.25468243552407
-25.08868486094061 -55.963232811934674 120.70106926500337
-25.083401702022247 -56.194500072172424 120.14745609448269
-25.090779174720474 -56.364246182155547 119.57201554060923
-24.802698189583801 -56.526787979569519 119.07142637762612
-25.002621423587989 -56.911657216359934 118.65681044561475
-25.088180383975136 -57.362405650740968 118.27015101769332
-25.173739344362286 -57.813154085122015 117.88349158977192
-25.103449409690921 -58.134371258833106 117.38161625425826
-25.033159475019563 -58.455588432544189 116.87974091874457
-25.048927543835866 -58.916761964019692 116.49624340653334
-25.053725294659401 -59.095989878195063 115.92365774799187
-25.058523045482936 -59.275217792370441 115.3510720894504
-24.992805327160205 -59.315554843411121 114.7560476329683
-24.927087608837471 -59.355891894451815 114.16102317648622
-24.865625595433951 -59.575252155047714 113.60595246299138
-24.804163582030434 -59.79461241564362 113.05088174949654
-24.848449496675226 -60.127333687699249 112.55355357526371
-24.837187854477001 -60.403251663550293 112.02087877201386
-24.825926212278773 -60.679169639401337 111.48820396876401
-24.831879990225808 -61.005638304544881 110.98483257187345
-24.830998186708737 -61.287713320133015 110.45527340803667
-24.830116383191662 -61.56978833572115 109.9257142441999
-24.830452323443971 -61.821143288915493 109.38090182267408
-24.830376409167322 -62.022682859029636 108.8157630822614
-24.830300494890668 -62.224222429143765 108.25062434184872
-24.830350972144863 -62.553245722766292 107.74888370197009
-24.830339711354366 -62.848310652431806 107.22645027352712
-24.830328450563869 -63.143375582097313 106.70401684508415
-24.830333887538618 -63.479223519913305 106.20681853189797
-24.917989917960021 -63.939654634261601 105.83222594084637
-25.005645948381421 -64.400085748609897 105.45763334979476
-25.09330197880282 -64.860516862958193 105.08304075874317
-25.077020814003088 -65.429739113248246 104.89404088189799
-24.934804926728795 -64.969408232759093 104.53645156176265
-24.792589039454501 -64.509077352269927 104.1788622416273
-24.830290487760909 -64.920792779723428 103.74404158021346
-24.830331808061182 -65.208862833637639 103.21771882530872
-24.830332145178204 -65.496787406379141 102.69131646930002
-24.830332147766974 -65.760589057436093 102.15242066406526
-24.830332150355737 -66.024390708493044 101.61352485883049
-24.830332150402739 -66.3569101747389 101.1140943786157
-24.830332150404669 -66.646708446442602 100.58872121436238
-24.830332150404761 -66.934720926320765 100.06236695016911
-24.830332150404764 -67.222649108631742 99.535966568490764
-24.830332150404764 -67.510572774458254 99.009563716430648
-24.830332150404764 -67.798496169717012 98.483160716379672
-24.830332150404764 -68.08641954707673 97.956757706538568
-24.830332150404764 -68.374342923142024 97.43035469598945
-24.830332150404764 -68.662266299105838 96.90395168538484
-24.830332150404764 -68.950189675069623 96.377548674780215
-24.830332150404764 -69.238113051016427 95.851145664166296
-24.830332150404764 -69.526036426970037 95.324742653556115
-24.830332150404764 -69.81395980292433 94.798339642946289
-24.830332150404764 -70.101883178878708 94.271936632336519
-24.830332150404764 -70.389806554833086 93.74553362172675
-24.830332150404764 -70.657106804357269 93.208364582592594
-24.830332150404764 -70.921838524195238 92.6699250627655
-24.830332150404764 -71.18657024403322 92.131485542938407
-24.830332150404764 -71.450627591479616 91.592714982068969
-24.830332150404764 -71.714917021223997 91.054058229279775
-24.830332150404764 -71.979243462359733 90.51541963753526
-24.830332150404764 -72.243576126039585 89.976784099428173
-24.830332150404764 -72.507908789719437 89.438148561321071
-24.830332150404764 -72.772243628905485 88.899514090838096
-24.830332150404764 -73.036577811043998 88.360879297909563
-24.947273276846087 -73.335360306228935 87.853874570596588
-25.064214403287412 -73.634142801413915 87.346869843283642
-24.983470531646255 -73.867910160361234 86.800213416372557
-24.874286716491707 -74.089574347128377 86.253455807542863
-24.843106621756139 -74.342760840664866 85.710386381794208
-24.811926527020564 -74.595947334201355 85.167316956045539
-24.824741031586449 -74.864625221534965 84.630988715757312
-24.83755553615233 -75.133303108868589 84.09466047546907
-24.97433145728338 -75.448776660870848 83.602960581849175
-25.111107378414431 -75.764250212873122 83.111260688229279
-25.092071041928016 -75.817673122242994 82.513947026366736
-25.073034705441597 -75.871096031612851 81.916633364504193
-24.77683761125985 -76.251672169779781 81.559661258512378
-25.076447657910858 -76.746752524368347 81.401139138774312
-25.101107402741619 -77.065367167722997 80.893323615158835
-25.103538771585171 -77.459361750861461 80.440816867249936
-25.105970140428731 -77.853356333999926 79.988310119341023
-24.758325899841473 -77.667375237082823 79.53603308745015
-24.833915072491884 -78.071460684382174 79.098996214567663
-24.830263066748724 -78.405027269899591 78.600277861305713
-24.83033155988867 -78.742220443269133 78.10399088873676
-24.830332129797512 -79.079347684045601 77.607659121139605
-24.921812704882804 -79.460818481627882 77.153664258862506
-25.020144485581845 -79.82769872247728 76.689197091261988
-25.118476266280886 -80.194578963326677 76.224729923661485
-24.898650788892176 -80.410174730028842 75.709758832365154
-24.849304349772858 -80.774976318825992 75.235960637183581
-24.799957910653536 -81.139777907623142 74.762162442001994
-24.820991779763006 -81.46405314693871 74.257778515298227
-24.842025648872472 -81.788328386254292 73.753394588594475
-24.833898810302351 -82.080849936657344 73.22959587053127
-24.82577197173223 -82.373371487060382 72.705797152468065
-24.828818267921005 -82.726540367461865 72.220758533391717
-24.831864564109779 -83.079709247863377 71.735719914315396
-24.830857907816711 -83.399160362099934 71.227832158747177
-24.829851251523642 -83.718611476336491 70.719944403178943
-24.830196737008794 -84.14032343073228 70.2931436204249
-24.895919414440066 -84.418696272092134 69.765707282214777
-24.949313554165713 -84.751635179691405 69.269420319208933
-25.002707693891356 -85.08457408729069 68.773133356203104
-24.722531260223064 -85.56207410515313 68.54184371320477
-24.961580758703828 -86.057087775219657 68.301392463003495
-25.200630257184592 -86.552101445286183 68.060941212802206
-25.0676945041259 -87.136202357945905 68.026967555524664
-24.983962364295117 -87.477748553496639 67.540824443813548
-24.900230224464341 -87.819294749047401 67.054681332102433
-24.967923210178533 -88.102383410670299 66.530011465094958
-25.035616195892725 -88.385472072293211 66.005341598087483
-25.047339129794008 -88.505639005512805 65.417615062204206
-25.05906206369529 -88.625805938732398 64.829888526320943
-25.070784997596579 -88.745972871951977 64.242161990437666
-24.973662192373013 -89.145288676134243 63.804996061715215
-24.892924086824433 -89.44958537302584 63.294227152546611
-24.970265788616356 -89.745105295114087 62.777810424687331
-25.047607490408282 -90.040625217202333 62.261393696828051
-25.082028256901765 -90.026994341590722 61.66253694428697
-25.09373721373607 -90.315633116082623 61.136656199070259
-25.064643418543227 -90.707188087102907 60.682962187923337
-25.094357215136174 -91.000584793384377 60.160434233613515
-24.981759911864735 -91.080096693449647 59.576482433338853
-24.8691626085933 -91.159608593514903 58.992530633064199
-24.756565305321864 -91.239120493580174 58.408578832789544
-24.888832035362206 -91.654197707624647 57.996005907713844
-25.021098765402542 -92.06927492166912 57.583432982638143
-24.964735313700306 -92.33687255874824 57.049378054805928
-24.876755135504698 -92.62350201133161 56.529663666746082
-24.788774957309094 -92.910131463914979 56.009949278686221
-24.815940505003205 -93.236778604365895 55.507392138995897
-24.843106052697316 -93.563425744816811 55.004834999305579
-25.222534235246634 -93.974757898004867 54.788409229026243
-25.088857072058904 -94.109347397944674 54.219185123292803
-24.938700405993078 -94.395879815720647 53.713861317006732
-24.827800539272566 -94.68663659887892 53.200868419776342
-24.951219348445967 -94.997286052102638 52.702606726733393
-25.031363475653162 -95.271071060860706 52.174763295540444
-25.141017648320982 -95.715930683414427 51.787367014404573
-25.250671820988806 -96.160790305968149 51.399970733268709
-25.116881162161 -96.224038355248737 50.818507283108147
-25.040437035650207 -96.602951404156812 50.359616013972222
-24.96399290913941 -96.981864453064901 49.900724744836296
-24.843460935849652 -97.068892796461128 49.319434704614906
-24.90341352461169 -97.318743659796965 48.777235264195546
-24.963366113373723 -97.568594523132802 48.235035823776187
-25.055196955899852 -97.77331994647551 47.678569654635524
-25.121821794803317 -97.930850880943495 47.103465198448013
-24.927613390122193 -98.24046830949267 46.627628941433265
-24.76865034456042 -98.545711561096283 46.136144142587789
-24.609687298998658 -98.850954812699882 45.644659343742305
-24.676009929764099 -99.084828668279414 45.096111872392086
-24.679725668482316 -99.342844080222108 44.554434624867497
-24.66924876485114 -99.6058768493142 44.015264895678207
-24.658771861219964 -99.868909618406263 43.476095166488911
-24.880343720931116 -100.22941313213741 43.05072106340829
-25.101915580642267 -100.58991664586856 42.625346960327676
-24.922070653144893 -100.73283033471799 42.071062304583975
-24.967974899889022 -100.8416858382846 41.482807870283551
-25.016932900345616 -101.14030195262725 40.964704086813292
-25.035851495175933 -101.36346720740892 40.408071931949891
-25.054770090006254 -101.58663246219059 39.851439777086483
-25.002322464985301 -101.92649829156809 39.359768683110843
-24.888752726408445 -102.30224764172047 38.862447968572177
-24.775182987831585 -102.67799699187283 38.36512725403351
-128.95499408571496 -94.643432056871333 373.88433100025333
-128.48358574463799 -94.441371084398412 373.57297021375899
-128.0944717090785 -94.195723143652884 373.18794118038869
-127.70535767351899 -93.950075202907371 372.80291214701833
-127.29798956467623 -93.760979283717987 372.40505041570481
-126.89062145583348 -93.571883364528603 372.00718868439128
-126.53021127938605 -93.299896264379157 371.61205893093626
-126.09649014819176 -93.207079972374146 371.20799072345886
-125.70150726449205 -92.992186899235634 370.81073829904665
-125.29305382465989 -92.916777096333718 370.37774967435132
-124.88460038482772 -92.841367293431801 369.94476104965599
-124.62876376960034 -92.802083024146555 369.40346226663894
-124.2694396501328 -92.597474103004657 368.96869639107138
-123.91011553066525 -92.39286518186276 368.53393051550381
-123.55189627316607 -92.283189812936769 368.0652618937595
-123.14893497629478 -92.140119449204832 367.64436634347959
-122.74597367942349 -91.997049085472909 367.22347079319968
-122.34108889295275 -91.84581167617857 366.80730309176852
-121.93620410648202 -91.694574266884231 366.39113539033735
-121.56816646543147 -91.668096229638891 365.91801045090426
-121.22023081135424 -91.615171499339013 365.43206832107342
-120.96218053736376 -91.597766754689133 364.89067462794691
-120.66849369660633 -91.247348625097402 364.50214512582471
-120.27775121178828 -90.908244248601591 364.19828902106519
-120.07716987849874 -90.800511592515662 363.64316668900813
-119.87658854520916 -90.692778936429733 363.08804435695112
-119.50779882122484 -90.706856888629218 362.61497358978681
-119.22731477459922 -90.420531878568511 362.16849101655214
-118.94683072797361 -90.134206868507817 361.72200844331746
-118.61908367889953 -90.083012664036644 361.22204741958478
-118.31401176466936 -89.805737552363013 360.78610058842958
-118.0595051296777 -89.789659024617947 360.2429911577521
-117.76659143417646 -89.52130205415429 359.79334006702578
-117.55426364818541 -89.039970429913765 359.50483221825539
-117.24480312819533 -88.981969881958449 358.99407775375767
-116.91219996996124 -88.947083391265281 358.49592308711306
-116.60008827362599 -88.765848164067904 358.01661099522147
-116.29542641771896 -88.565324379485418 357.54019587647315
-115.99076456181187 -88.364800594902931 357.06378075772483
-115.65775596060078 -88.225963882080379 356.58437525223701
-115.3247473593897 -88.087127169257798 356.10496974674913
-115.04347051251702 -87.827799196978631 355.64276596246464
-114.7160576445543 -87.685649907668349 355.16048555290911
-114.39489224176353 -87.491262478678237 354.69244035049718
-114.07402501131492 -87.424356212641584 354.18987913831575
-113.7531577808663 -87.357449946604888 353.68731792613431
-113.47604007012737 -87.281784370890847 353.16055375209942
-113.19892235938846 -87.20611879517682 352.63378957806447
-112.90844007808937 -86.824549540565997 352.27319985526719
-112.5662143079489 -86.705950513056209 351.79485291744334
-112.2239885378084 -86.587351485546421 351.31650597961942
-112.00442914837183 -86.391190635505609 350.793710995499
-111.78527662195954 -86.377683079488094 350.23532965976369
-111.45841314608565 -86.17881861644733 349.77314658621043
-111.13154967021175 -85.979954153406567 349.31096351265717
-110.82832447767814 -86.027683847201416 348.79542849062352
-110.52509928514462 -86.075413540996294 348.27989346858988
-110.26014574636274 -85.791634582045475 347.82243404443977
-109.95674432449739 -85.680490454142074 347.31687043811246
-109.65334290263203 -85.569346326238673 346.81130683178515
-109.38338973010511 -85.740517338566505 346.30354136507697
-109.10980988240541 -85.445186810979479 345.85864368424711
-108.8209126654305 -85.290523462851965 345.35603285391204
-108.49459675197133 -85.139465371687706 344.87572110336129
-108.1779349997344 -84.960783643885279 344.39843903286231
-107.86105556975497 -84.902803326352895 343.89225160746071
-107.52896186253049 -84.717772929245683 343.4280560433196
-107.21359485137248 -84.585351427617738 342.93509743026993
-106.87945742805759 -84.512268492440484 342.44213590344827
-106.52568896068131 -84.365866037737774 341.98016816350611
-106.24551985943643 -83.930805335321523 341.67647842064224
-105.96398934919975 -83.946983089583043 341.1468758790387
-105.68245883896309 -83.963160843844577 340.61727333743511
-105.33236518590513 -83.737509978268477 340.18539821549211
-104.98227153284715 -83.511859112692377 339.75352309354912
-104.68800982498244 -83.436446508195417 339.23610354775718
-104.39374811711771 -83.361033903698456 338.71868400196524
-104.05770493182089 -83.101321386926074 338.29486282947937
-103.78790663350921 -83.088259348087462 337.75910331125363
-103.51816330450879 -82.868274563390273 337.27038536502948
-103.24841997550834 -82.648289778693083 336.7816674188054
-102.87481965194669 -82.470035412789429 336.34733093717978
-102.54886989087886 -82.346208240990279 335.8590445613878
-102.22292012981104 -82.222381069191115 335.37075818559589
-101.90842068323147 -82.333151346783183 334.87193953748482
-101.58280476001634 -81.995023264039958 334.49825026789159
-101.32940642817371 -81.874999372146377 333.96779428404932
-100.98865626180809 -81.749607373384634 333.49012685710005
-100.64790609544247 -81.624215374622878 333.01245943015078
-100.30715592907686 -81.49882337586115 332.53479200320152
-100.04440447611685 -81.346005832248139 332.01748312802977
-99.65222917049131 -81.211563201669762 331.58375082724888
-99.315088216977514 -80.970748280747912 331.14976447801052
-98.977947263463733 -80.729933359826063 330.71577812877223
-98.675541054732406 -80.610027095689091 330.21162242589719
-98.373134846001093 -80.490120831552105 329.70746672302209
-98.086706296581582 -80.240183894336582 329.24325748841687
-97.773241454177793 -80.097773592193022 328.75187261032221
-97.459776611774004 -79.955363290049462 328.26048773222749
-97.131687908642249 -79.810754387765272 327.77939931181243
-96.803599205510494 -79.666145485481081 327.29831089139731
-96.610515875897562 -79.392449060619597 326.80050661776795
-96.307931924960812 -79.260257235904689 326.29953927939744
-96.01931420621024 -79.097228004359408 325.79941801201824
-95.719851829760458 -79.026981724624619 325.28426003112838
-95.365177310329955 -78.776359775722739 324.87026169297309
-95.154956042449982 -78.744416808405987 324.30920317074043
-94.856156358818936 -78.620036402805823 323.80398216586758
-94.592119659050681 -78.405804639336765 323.30962463057915
-94.285697825082522 -78.300821996167855 322.80456591686277
-94.02762572574126 -78.128984805582633 322.29088238444876
-93.742455916160864 -77.918472907063503 321.8067719422088
-93.466072644320832 -77.827738356780856 321.28200577672931
-93.189689372480785 -77.737003806498194 320.75723961124993
-92.836828182774909 -77.640576278158463 320.28164449712693
-92.620906601924261 -77.389735737701074 319.78118781150272
-92.189152792451864 -77.383504054913104 319.36459470770035
-92.009496402894953 -77.140557912131328 318.84623117368312
-91.801300863323149 -76.996390325184535 318.30229154084105
-91.593105323751345 -76.852222738237771 317.75835190799899
-91.319523397078513 -76.578521306307536 317.29983205504021
-91.109383406491531 -76.539234281788083 316.73920944217082
-90.837428274968232 -76.510508025141561 316.20515400626812
-90.55518060157047 -76.402205206167451 315.68688115316485
-90.272932928172693 -76.293902387193356 315.16860830006158
-89.997300288091679 -76.206569858539311 314.64287102997235
-89.714878237438541 -76.048734160879889 314.13757341682816
-89.432456186785416 -75.890898463220466 313.63227580368391
-89.153158057164362 -75.75044503813757 313.1201572723138
-88.873859927543307 -75.609991613054675 312.6080387409437
-88.55685017607604 -75.446668761112889 312.12551364987769
-88.283516992169851 -75.404130415367334 311.59308575831216
-87.98493229659573 -75.28498509052767 311.08647785160542
-87.682262059312293 -75.123181133146076 310.5943292898495
-87.379591822028857 -74.961377175764497 310.10218072809351
-87.097974601720637 -74.793066238426306 309.5998231168262
-86.827879916910462 -74.582081571211646 309.10734536967652
-86.51676584988779 -74.562746318639384 308.59467180364391
-86.214277482938769 -74.533158639721961 308.07734660890003
-85.944183572507868 -74.269560376524993 307.61090772202658
-85.651867603869604 -74.090630697322723 307.11842874340959
-85.359551635231341 -73.911701018120439 306.62594976479261
-85.057369205748444 -74.212455161081579 306.20377358734584
-84.830724004810705 -73.802398137683241 305.82896004643038
-84.554660466383027 -73.606208543383772 305.33368379438576
-84.278104313984926 -73.404764133683869 304.84079755561316
-84.00154816158684 -73.203319723983924 304.34791131684057
-83.704061947054015 -73.292925987001766 303.83461542771721
-83.384548134556354 -73.31992729033631 303.327484425666
-83.120424247569147 -73.103547906841456 302.83410978634902
-82.85630036058194 -72.887168523346617 302.34073514703204
-82.582646190914716 -73.033639921785181 301.82725727519801
-82.291355468818608 -72.982396485128604 301.30521912963741
-82.039865949500751 -72.65788744992679 300.86767266610963
-81.759936474681723 -72.625796873346843 300.33794661990999
-81.480006999862709 -72.593706296766882 299.8082205737104
-81.31936295627257 -72.082416000302501 299.53845081261704
-81.011596097325864 -72.08588180049847 299.02340950479493
-80.703829238379157 -72.089347600694424 298.50836819697281
-80.396062379432266 -72.092813400890421 297.99332688915086
-80.211962588318698 -71.748488903245743 297.53775262820795
-79.954541549709205 -71.550341186248346 297.03330055800711
-79.697120511099698 -71.352193469250949 296.52884848780627
-79.442957622021765 -71.140620133834716 296.02821094471108
-79.166022094456039 -71.00573341726512 295.51332038617949
-78.889086566890299 -70.870846700695523 294.9984298276479
-78.62681297549355 -70.770997420717919 294.46810663888107
-78.370996116781384 -70.585280544646992 293.95813901565282
-78.115179258069219 -70.399563668576064 293.44817139242451
-77.807001209373027 -70.399559640872127 292.93336435062577
-77.539361792217662 -70.198285189076074 292.43551122224454
-77.314295702294999 -69.863743235219772 291.99118371209363
-77.039785971971227 -69.681306275635478 291.48982439609836
-76.794164048591071 -69.523496502670397 290.96564318095255
-76.548542125210915 -69.365686729705317 290.44146196580675
-76.273362344511668 -69.260764581890896 289.91871209139993
-76.024496928823552 -69.127138459733601 289.3893633742469
-75.775313455935688 -68.827183340663538 288.93336499334714
-75.577563053716986 -68.691596592282181 288.38335498245124
-75.255322474311498 -68.534716175912237 287.9021590307392
-75.061742972685678 -68.425805140801785 287.34478540113207
-74.90637138086764 -67.980796325039123 286.97353505116661
-74.670194096219717 -67.913428408851047 286.42610299685776
-74.434016811571809 -67.846060492662986 285.87867094254887
-74.166285954701422 -67.762196751221438 285.34830591622188
-73.951083239203086 -67.699492467664328 284.7917486738238
-73.735880523704722 -67.636788184107189 284.23519143142573
-73.440159509934432 -67.308269705174553 283.8294517476204
-73.216235316584829 -67.080866151270698 283.32137145937389
-73.018455706336567 -66.989910323999354 282.76225585124314
-72.828018015250933 -66.771551241264874 282.23684858368654
-72.575233127656361 -66.578621268153853 281.72804820428496
-72.322448240061789 -66.385691295042804 281.21924782488338
-72.102313840578262 -66.248900612559609 280.67811091489682
-71.863894846828686 -66.092088604871748 280.15031703688732
-71.625475853079109 -65.935276597183901 279.62252315887775
-71.384152456529961 -65.754261670925175 279.10387432320033
-71.137892874084613 -65.636322855003456 278.56960224480503
-70.901577550630805 -65.402464955087353 278.07013698019921
-70.661971938757148 -65.181049922658701 277.56658506214779
-70.422366326883505 -64.959634890230063 277.06303314409638
-70.182760715009863 -64.738219857801411 276.55948122604497
-69.943412958692889 -64.576663637663231 276.03354183858602
-69.704065202375915 -64.415107417525036 275.50760245112707
-69.45770847464189 -64.381690505307233 274.96153315819981
-69.242466055959198 -64.361210070061958 274.40184462609307
-69.027223637276506 -64.340729634816697 273.84215609398632
-68.740453626002875 -63.921504778817805 273.52276060130237
-68.480490738516636 -63.777650275764032 273.00148794799992
-68.252818355298274 -63.637344500366524 272.46438500134093
-68.030256532461252 -63.449391289493825 271.93984727577862
-67.771093065176743 -63.336789705969828 271.41055040198
-67.51192959789222 -63.224188122445824 270.88125352818145
-67.212423689792587 -62.775927076464043 270.6178939912956
-66.912917781692954 -62.327666030482263 270.35453445440976
-66.880674727200088 -62.667252042572613 269.86093367865112
-66.646338627163303 -62.591408194487329 269.31381915414352
-66.475360612292945 -62.196222043845452 268.8959741771821
-66.266945613085142 -62.132120274658476 268.33699819264223
-66.028993138421924 -62.000683557829326 267.80211221482006
-65.791040663758707 -61.869246841000162 267.26722623699783
-65.538730630306446 -61.684926043947485 266.75500998306478
-65.375925274985732 -61.683169902179124 266.17752289901443
-65.213119919665019 -61.681413760410749 265.60003581496409
-64.889045255324973 -61.405465036493659 265.17715531919555
-64.642240781005555 -61.168010211152271 264.684506603194
-64.395436306686165 -60.930555385810877 264.19185788719244
-64.155409524848892 -60.927974575131188 263.64196654936552
-63.915382743011605 -60.925393764451499 263.0920752115386
-63.681135370783636 -60.660523270458171 262.60733632304698
-63.446887998555667 -60.395652776464843 262.12259743455547
-63.231471577417416 -60.392692713114023 261.56260903866774
-62.988188111048927 -60.188980341695547 261.05337979292199
-62.761608063723074 -60.033011031159774 260.5201490208122
-62.566442668910121 -59.723487321949548 260.04464345606635
-62.32543713472046 -59.630783539676358 259.50305104359899
-62.084431600530799 -59.53807975740316 258.96145863113168
-61.866393801595265 -59.341756301101007 258.43808818991346
-61.745306899765964 -59.185035042414107 257.87171692538732
-61.624219997936692 -59.028313783727206 257.30534566086112
-61.350929077461124 -58.755493965855479 256.84612739057775
-61.07763815698555 -58.482674147983722 256.38690912029438
-60.925542594157506 -58.541514398679169 255.8094969930697
-60.656017422281892 -58.170690892616427 255.42239738175917
-60.386492250406263 -57.799867386553672 255.03529777044869
-60.202897482634171 -58.042307417406413 254.51807848166794
-59.997083022021343 -57.869336758786197 253.98168165183102
-59.791268561408529 -57.696366100165982 253.44528482199402
-59.585454100795687 -57.523395441545759 252.90888799215708
-59.311488971657653 -57.267698419407054 252.44031340803434
-59.106409701097121 -57.156363318600782 251.88755035923782
-58.901330430536589 -57.045028217794503 251.3347873104413
-58.696251159976057 -56.933693116988216 250.78202426164475
-58.56275300623804 -56.75380005476476 250.22541243180962
-58.429254852500023 -56.573906992541289 249.66880060197451
-58.159913547279096 -56.548595597285235 249.13324986248094
-58.016741986915825 -55.976007886819218 249.02533685063145
-57.764536569408257 -55.770855848471683 248.52105015782499
-57.595094692584254 -55.579090711436855 247.97835725885139
-57.425652815760259 -55.387325574402027 247.43566435987776
-57.217219015590523 -55.288091706929016 246.88185212590929
-56.997876766978479 -55.209075797492218 246.32900000822346
-56.829784945797044 -54.915255863799565 245.8336062393721
-56.596651135385173 -54.901199916994756 245.28092997174136
-56.363517324973316 -54.88714397018996 244.72825370411061
-56.263824671925342 -54.460892762067047 244.31792300515912
-56.043346891308794 -54.469222952645829 243.75996229311991
-55.826595987354551 -54.257072326930299 243.24226435257589
-55.609845083400295 -54.044921701214761 242.72456641203183
-55.441640740573675 -53.974538660014431 242.1529428238502
-55.273436397747062 -53.90415561881413 241.58131923566856
-55.004939175495814 -53.776847462712318 241.0600689358765
-54.736441953244594 -53.649539306610521 240.53881863608444
-54.612668758117955 -53.306450461396494 240.06240469794048
-54.48889556299131 -52.963361616182468 239.58599075979652
-54.246133182353162 -52.744072136320199 239.08302102853168
-54.053331418084483 -52.500498640470241 238.56969907126282
-53.867484924292661 -52.228518090362023 238.06821361672988
-53.681638430500847 -51.956537540253819 237.56672816219694
-53.479336294188464 -51.929778902088927 237.00249609918828
-53.277034157876095 -51.903020263924006 236.43826403617965
-53.024401118869278 -51.646861016725289 235.95809845257668
-52.813377206111319 -51.50709117292223 235.41410093511212
-52.598857105169202 -51.41465875284873 234.86143704628716
-52.387599719785598 -51.228238372127201 234.33170337851388
-52.176342334402001 -51.041817991405686 233.80196971074059
-51.945543531471614 -50.957029644746086 233.25466463234588
-51.742107403132081 -50.672847381114643 232.76696166667566
-51.532922575323525 -50.582498930867878 232.21191314145221
-51.266982438366732 -50.312489908125592 231.74675620966127
-51.001042301409953 -50.042480885383299 231.28159927787033
-50.826799759259373 -49.909183177692483 230.72314493091858
-50.652557217108793 -49.775885470001661 230.16469058396689
-50.398416897135846 -49.759088368762264 229.62143138694029
-50.219171571562342 -49.559331869824248 229.08480446403004
-50.039926245988838 -49.359575370886226 228.54817754111986
-49.803729252861686 -49.234704320506893 228.01094556030074
-49.586025616434782 -48.926637523796849 227.54436226071607
-49.356643537495572 -48.716958176374121 227.03111920608609
-49.160089644188723 -48.551572193692415 226.48888858747597
-48.963535750881888 -48.386186211010703 225.94665796886585
-48.741584282145524 -48.261175672088477 225.40341777274247
-48.538434920272962 -48.135004994717612 224.85313484829129
-48.3352855584004 -48.008834317346739 224.30285192384014
-48.115146165494949 -47.861454233061707 223.76450467675198
-47.880141785445673 -47.617877714378203 223.26908220965578
-47.650219219564605 -47.598705247877042 222.71521577248259
-47.470248809113002 -47.418745719541221 222.1718694561032
-47.290278398661393 -47.238786191205399 221.62852313972385
-47.05924883393115 -47.092218102576126 221.09453518516298
-46.84972492821133 -46.970709417611673 220.54559495853522
-46.640201022491524 -46.849200732647219 219.99665473190748
-46.446692808884308 -46.593361982624018 219.48960334866007
-46.253184595277091 -46.337523232600816 218.98255196541263
-46.059676381669838 -46.081684482577529 218.4755005821653
-45.846731242880495 -46.157074559261481 217.9196492493401
-45.682023692141847 -45.8160997639161 217.45423802078102
-45.463193527485501 -45.763261246423333 216.89807127410731
-45.244363362829162 -45.710422728930567 216.3419045274336
-45.025168746709944 -45.531610532693655 215.81277324056683
-44.805974130590648 -45.352798336456708 215.28364195370008
-44.59168909848475 -45.204169065471113 214.74327979290265
-44.377404066378844 -45.055539794485526 214.2029176321052
-44.250282752498912 -44.791120257654562 213.67954159128985
-43.940891984828248 -44.795379808510205 213.1654801075093
-43.70701173089445 -44.606817430049745 212.64611101307915
-43.473131476960653 -44.418255051589277 212.12674191864897
-43.298466108654075 -44.285549604070418 211.56827860444369
-43.137952310500033 -43.993263926136251 211.06947563424734
-42.977438512345998 -43.700978248202098 210.57067266405093
-42.816924714191899 -43.40869257026786 210.07186969385461
-42.515635721785969 -43.893223088956304 209.88624879116713
-42.258169057946482 -43.726899614362232 209.37045094432179
-42.000702394106995 -43.560576139768152 208.85465309747642
-41.746628631242743 -43.311122944735075 208.37172491802136
-41.492554868378477 -43.061669749701977 207.88879673856627
-41.353114303086024 -43.24119762668456 207.33352557045373
-41.213673737793556 -43.42072550366715 206.77825440234119
-41.09521645195565 -42.848679784608365 206.64139108827038
-40.885998850857042 -42.72199060170847 206.09350620407781
-40.676781249758427 -42.595301418808575 205.54562131988524
-40.442275592217079 -42.462477241011186 205.00955711256157
-40.243263308430862 -42.12983095964826 204.5515827001785
-40.034079018310813 -41.940299312938876 204.0221304476924
-39.853425941853018 -41.752122716337666 203.48180273744805
-39.672772865395224 -41.563946119736435 202.94147502720369
-39.423278499725555 -41.534097172962156 202.39662495436204
-39.173784134055886 -41.504248226187869 201.85177488152038
-38.965517394925243 -41.170753152716671 201.39855749290612
-38.815362289506218 -41.208121459085575 200.81885321140069
-38.583509849952321 -40.984107394893414 200.31282737676671
-38.351657410398424 -40.760093330701253 199.80680154213272
-38.134618066211395 -40.550565896505134 199.28815698427633
-37.917578722024373 -40.341038462309015 198.76951242641991
-37.676828752822999 -40.17375840263712 198.24600804824749
-37.436078783621639 -40.006478342965224 197.72250367007504
-37.27944612161874 -39.852599173067993 197.16412439909016
-37.122813459615841 -39.698720003170763 196.60574512810527
-36.879549936428312 -39.455625308320819 196.1140868853978
-36.663012056577791 -39.24377075112092 195.59617859893825
-36.407719132001247 -39.224399949289484 195.0535458550888
-36.15242620742471 -39.205029147458035 194.51091311123938
-36.015239191334686 -38.829758162420276 194.06330679939256
-35.807759805655294 -38.591714041912944 193.5531232038017
-35.561523614487996 -38.503254244129309 193.01317635240289
-35.424910508511424 -38.371974378473801 192.44387638213334
-35.136994902688386 -38.154377930270762 191.96454727843425
-34.849079296865355 -37.93678148206773 191.48521817473517
-34.70851399362833 -37.736610210546885 190.93733784329078
-34.493833332184053 -37.58322274934271 190.39846448122211
-34.231502272298975 -37.550645614898116 189.85983553163717
-34.004064940362341 -37.344968078577182 189.3441136966384
-33.762105784048856 -37.161091777185433 188.82676925387076
-33.584032460413404 -36.983045625392165 188.28216897913615
-33.405959136777945 -36.804999473598897 187.73756870440153
-33.143755753223161 -36.760672149435138 187.19971698321351
-32.9132469839181 -36.393778469147229 186.78468115989432
-32.675420950559229 -36.298305554591252 186.24216507677514
-32.463062310356214 -35.956083517666372 185.7974315775038
-32.250703670153193 -35.613861480741498 185.35269807823249
-32.046937524057128 -35.534200603003448 184.79400898556722
-31.843171377961049 -35.454539725265406 184.23531989290194
-31.57736278515161 -35.261324456322917 183.73331027961137
-31.383141578432667 -35.094619350370508 183.19064322652076
-31.14661295393848 -34.946591310436702 182.65947290620133
-30.910084329444288 -34.798563270502896 182.12830258588193
-30.692145053555642 -34.510654502420273 181.64912515184909
-30.474205777666992 -34.222745734337657 181.16994771781629
-30.258566803631425 -34.111704738375877 180.62115838656729
-30.042927829595858 -34.000663742414098 180.07236905531832
-29.861069489560748 -33.719699095872237 179.57438671471448
-29.679211149525646 -33.43873444933039 179.07640437411061
-29.433252288843072 -33.311580027374006 178.54411122947255
-29.187293428160491 -33.184425605417616 178.01181808483449
-29.009965603425314 -32.896795852958292 177.51601170319458
-28.780587827680808 -32.765017325224115 176.97747641593597
-28.526913349040711 -32.658488035411324 176.44427779506503
-28.391046412371423 -32.47399587969845 175.88974842704155
-28.127331373961205 -32.182635339592544 175.43635741016377
-27.914765119453328 -31.93688745852149 174.93195324048077
-27.702198864945451 -31.691139577450436 174.4275490707978
-27.516978387521835 -31.597131724219064 173.86464952534249
-27.304154584012146 -31.468894669419512 173.31851649536168
-27.117671749752951 -31.360402370617635 172.75864724845903
-26.934789534797368 -31.173718914810774 172.21855153214483
-26.540009746592425 -31.211378967297396 171.76829533921511
-26.145229958387496 -31.249039019784014 171.31803914628537
-26.211658905556675 -30.925059457497252 170.81741509752376
-26.278087852725854 -30.601079895210489 170.31679104876213
-25.965905695336648 -30.372621530279968 169.85815276416184
-25.653723537947446 -30.144163165349443 169.39951447956156
-25.467596346934229 -30.116572394687939 168.82978171927843
-25.281469155921013 -30.088981624026427 168.2600489589953
-24.982040710615117 -29.86266290225948 167.79194379739221
-24.71585837285258 -29.700668168037716 167.27920149452683
-24.44967603509005 -29.538673433815955 166.76645919166145
-24.175005996832134 -29.360905933851065 166.26351278692272
-24.222796593096781 -28.959194901381448 165.82040523191955
-24.017807352287743 -28.751997051845269 165.29595460287987
-23.812818111478698 -28.544799202309076 164.7715039738402
-23.589445342858646 -28.499496069198138 164.21647944071634
-23.366072574238594 -28.454192936087196 163.66145490759249
-23.245442624370231 -27.989221238184179 163.30194171542297
-23.124812674501872 -27.524249540281165 162.9424285232534
-22.871143710031316 -27.630969683096289 162.40926544540389
-22.660850351549431 -27.497497693035871 161.86340655223853
-22.450556993067547 -27.364025702975461 161.31754765907317
-22.23034653926231 -27.185924616850627 160.78859836173359
-22.01013608545707 -27.007823530725819 160.25964906439398
-21.78014364704606 -26.842013480416693 159.73086696797787
-21.607729110737697 -26.638951380970315 159.19324348315041
-21.435314574429327 -26.435889281523931 158.65561999832298
-21.192194659724024 -26.255849609968219 158.13747096209903
-20.953064244438586 -26.077672744642864 157.61682746684701
-20.772662605758917 -25.829727625817902 157.10109646447023
-20.592260967079255 -25.581782506992937 156.58536546209342
-20.351564720228886 -25.495746642839713 156.04253662458427
-20.142008584705017 -25.328773532796315 155.50568822271765
-19.932452449181149 -25.161800422752915 154.96883982085106
-19.754919231049314 -24.984237125348233 154.42390566714573
-19.528650449189886 -24.876272074464882 153.87879468198435
-19.299938338968047 -24.745063770932891 153.33983721453248
-19.071226228746212 -24.613855467400899 152.80087974708061
-18.842514118524381 -24.482647163868911 152.26192227962878
-18.658043246742963 -24.048586167759794 151.89102937174164
-18.505061954307656 -24.093151223875889 151.31257394568169
-18.30860844658984 -23.873632949523873 150.7898715958392
-18.176975232345235 -23.67145572497634 150.24051099770543
-17.958000822115221 -23.529177573658878 149.70031923978783
-17.739026411885206 -23.386899422341415 149.16012748187023
-17.562099762776477 -23.076583552956901 148.67804759010613
-17.369063534531897 -22.776195018116546 148.19586117105064
-17.176027306287324 -22.47580648327618 147.71367475199514
-16.986554204930421 -22.478646218275216 147.144384070737
-16.797081103573522 -22.481485953274248 146.57509338947889
-16.698223223063522 -21.939592487623987 146.337230842308
-16.496324011769985 -22.065683321595998 145.78646972343043
-16.311359046594664 -21.855294404310197 145.25588093242462
-16.095748919195991 -21.750775396899311 144.70580089274586
-15.901509457063899 -21.561606941114604 144.17055671791846
-15.701114676508965 -21.403266100225142 143.62762936547364
-15.479501580105907 -21.29096291009315 143.08148320464412
-15.293036306376459 -21.112386969276159 142.53987325730716
-15.106571032647006 -20.933811028459164 141.99826330997021
-14.740482532321323 -20.612041363068993 141.648344044476
-14.640783728261999 -20.461128140877918 141.07625546056872
-14.541084924202675 -20.310214918686835 140.50416687666143
-14.248858196235204 -19.993091177585118 140.08699056826043
-14.161076741500008 -19.876722493011627 139.50496587337611
-13.913658492630892 -19.670960342127547 138.99856075157135
-13.762298778473957 -19.572890771450961 138.42630853773761
-13.565971379832572 -19.365823199651878 137.8985031064924
-13.318930780060978 -19.414984862560985 137.35393532102901
-13.071890180289383 -19.464146525470085 136.80936753556563
-12.954810583718933 -18.940203727684516 136.54145651915246
-12.801335650073302 -18.978423639160869 135.96267790594254
-12.735959997511191 -18.554778079287409 135.54285596314824
-12.406137701480656 -18.458191109769693 135.05103464360167
-12.195552419582615 -18.313052716846308 134.50827439639528
-11.984468291304021 -18.146224138232821 133.9719799659313
-11.773384163025423 -17.979395559619331 133.43568553546734
-11.605734505311515 -17.926155989683036 132.86204876846108
-11.412629463481611 -17.617623254164002 132.38506030535842
-11.219524421651709 -17.309090518644961 131.90807184225579
-11.042457429391439 -17.079116968139171 131.3829438137526
-10.834216323276266 -16.924729155364243 130.84183380184146
-10.65473577497124 -16.991854672205069 130.27325584081149
-10.475255226666215 -17.05898018904589 129.70467787978154
-9.9050197795514876 -17.227502104840564 129.62447876039261
-9.8017130099370355 -16.977480482178944 129.08892586893046
-9.6984062403225799 -16.72745885951732 128.55337297746831
-9.8869190730368963 -16.321662285168831 128.15363299679456
-9.7269277559209826 -16.098299957823301 127.62023628779616
-9.5669364388050688 -15.874937630477771 127.08683957879778
-9.4036128535690366 -15.568874359279324 126.59729828275734
-9.2035649158584185 -15.307879857243218 126.09543904699031
-9.0035169781477933 -15.046885355207113 125.59357981122329
-8.9032491192747827 -15.084343481756406 125.00320429916978
-8.7414715395471738 -14.963123959097629 124.43828497570505
-8.5606352700454984 -14.68458801105495 123.93856908714368
-8.3866154369463874 -14.559856255667677 123.37807012471274
-8.1965505832061787 -14.277962642029141 122.88369036990625
-8.0064857294659788 -13.996069028390613 122.38931061509975
-8.0726537295252854 -14.337780914824563 121.90058289700112
-7.8135654356810686 -13.946861723618749 121.52634307824864
-7.7796778954880068 -13.895717449257798 120.92948807255652
-7.5754953518436681 -13.54207816257165 120.48988740856358
-7.3845933753643589 -13.47129060802518 119.92548900539643
-7.1936913988850533 -13.40050305347871 119.3610906022293
-7.1328423708407485 -13.067315982243608 118.86582928600539
-6.8822513126033638 -12.96697021976108 118.32997963406629
-6.7017777898157593 -12.79677054668716 117.78366344461354
-6.5213042670281496 -12.626570873613234 117.23734725516081
-6.2924462330333082 -12.47917288785796 116.70265310513548
-6.0635881990384659 -12.331774902102683 116.16795895511015
-5.8584750493502202 -12.147004540396464 115.63524091593754
-5.6405892592388422 -11.985009720411128 115.10018628249767
-5.4264261199154458 -11.889345669697107 114.54793404016985
-5.1824564961956012 -11.79860435670135 114.00733729876474
-4.9384868724757496 -11.707863043705588 113.46674055735966
-4.7418087434120446 -11.260440112741566 113.1187025789786
-4.517118264895247 -11.169780276626522 112.5697991421343
-4.2924277863784486 -11.079120440511476 112.02089570528999
-4.0374102143083785 -11.02179081338906 111.48082223640867
-3.814144004954386 -10.860321406625634 110.94783083831658
-3.5908777956003903 -10.698851999862203 110.41483944022448
-3.36256813842123 -10.499852836077277 109.89688767292212
-3.1257019353967648 -10.400876080917763 109.35457963886502
-2.8668495762376542 -10.314179537207703 108.82027713515902
-2.6079972170785259 -10.227482993497642 108.28597463145304
-2.3147218732163051 -10.206108824071418 107.76297107738878
-2.0214465293540789 -10.184734654645196 107.23996752332455
-1.9208680234907898 -9.8182042800981169 106.77570526048953
-1.7394105136103675 -9.7677850800886752 106.20602896962041
-1.6412688849292607 -9.511854001660577 105.67229916549248
-1.3538230632567543 -9.5251635673874215 105.1458034342057
-1.066377241584245 -9.5384731331142678 104.61930770291895
-0.72871105614296849 -9.14617989642014 104.31584837507816
0.62195368562213216 -7.5770069496436365 103.10201106371501
0.91741578710020288 -7.108559114147516 102.87123244250161
1.2128778885782721 -6.6401112786513989 102.64045382128818
1.455541280250001 -6.5561325378442827 102.09817893764077
1.6982046719217265 -6.4721537970371674 101.55590405399334
1.882527167214425 -6.2939639007690333 101.01343416672123
2.0364441883696438 -5.98579931708744 100.52216627649935
2.1903612095248635 -5.6776347334058475 100.03089838627747
2.3604520476768047 -5.5701145914028301 99.465647534141524
2.5305428858287469 -5.4625944493998135 98.900396682005564
2.82364757457729 -5.2314679984560861 98.430641208266536
2.997283380057493 -4.9991983777883702 97.905378007223362
3.1709191855376972 -4.7669287571206524 97.380114806180202
3.3682216101876334 -4.5565120436133748 96.854000217992365
3.5655240348375692 -4.3460953301060998 96.327885629804541
3.7462021253477245 -4.134313200196905 95.79637480483413
3.9268802158578895 -3.9225310702877039 95.264863979863719
4.1296817187006774 -3.6643780191230357 94.762640371678003
4.3414270533106647 -3.5183055060228745 94.220582501900694
4.514100008741246 -3.2099357325068221 93.735719497285444
4.7406078540119241 -3.0128405599280823 93.216250837040207
4.9418348302213122 -2.7425888497559199 92.719791657253339
5.1076773494585046 -2.5892019251784992 92.163942118095719
5.27899816437216 -2.3036535993167857 91.664831577258411
5.5772501432173067 -2.0592666804983821 91.205135165454493
5.6904682970009963 -1.8411013962196108 90.657791070401501
5.8743405082590971 -1.5523939615535309 90.165004070678918
6.0666923091178369 -1.3565381923040898 89.631486214972
6.2590441099765757 -1.1606824230546495 89.097968359265082
6.41929744787606 -0.83346565492079527 88.621262942530478
6.5795507857755453 -0.50624888678693958 88.144557525795875
6.7347332387512582 -0.27501778572692392 87.613096723674943
6.91698669850543 -0.034213003131744336 87.094640618409599
7.0992401582596001 0.20659177946343282 86.576184513144227
7.2531771183129177 0.50409589148528799 86.078394682332444
7.407114078366293 0.8016000035071883 85.58060485152069
7.5747865654044917 0.99291252375589267 85.037203106320604
7.7305203612040998 1.2120864867354519 84.500817276159438
7.8939355478871791 1.3770996670196802 83.947584841197582
8.066347769701455 1.5997800559228814 83.417785378979104
8.230772042897021 1.821433312453141 82.885024182706658
8.3951963160925906 2.0430865689834024 82.352262986434226
8.6156964532713864 2.2464370430543741 81.832620538014879
8.7914936798198262 2.3776319067760392 81.274155460439815
8.9672909063682624 2.5088267704977021 80.71569038286475
8.9944278693142881 3.0567839621381321 80.472777844341934
9.0215648322603137 3.6047411537785634 80.229865305819118
9.2110023888328509 3.2301645222686268 79.801139566812807
9.1746662795558755 3.4194464257434953 79.232938855638025
9.3961737879746963 3.5885796005592225 78.701593023913674
9.6949725124669328 3.6142655382297768 78.181920478123729
9.7931403454648827 3.8857594294899598 77.655941254605452
9.933219388870306 4.1310095875099231 76.95125275479657
9.933219388870306 4.1310095875099231 76.95125275479657
10.172254325123578 4.3327656823464604 76.439240276973322
10.411289261376847 4.5345217771829969 75.927227799150074
10.6332517408174 4.6947526557389789 75.393318889992543
10.855214220257947 4.8549835342949601 74.859409980835011
10.979688752682076 5.1140766357582121 74.332744189699923
11.168731643239926 5.2353744537991531 73.776372349229874
11.367052624591421 5.6159694408907361 73.357067872558645
11.551547114034781 5.7376012275071062 72.799243982921823
11.761731990633184 5.8837309569718315 72.256594538237806
11.892348455797705 6.1726225121941631 71.747201754279146
12.022964920962227 6.461514067416493 71.237808970320501
12.306522111649301 6.5170628423225008 70.711967118414336
12.514423647968254 6.7638052989579007 70.206106355664602
12.678639050672674 6.9212293356036723 69.650902812627663
12.879507018429559 7.2017498712813106 69.16002575205917
13.093856378914452 7.380299089483076 68.628824727644457
13.266067524356032 7.5426617514269747 68.077479384513495
13.438278669797612 7.705024413370877 67.526134041382534
13.633490802479235 7.9613134483556438 67.019963957516978
13.875783319294758 8.1605075497451871 66.508479797188613
14.11807583611027 8.359701651134726 65.996995636860248
14.185349811621833 8.6264589154302502 65.4637838832722
14.469832753243804 8.7801740096370331 64.958372045520932
14.629085319820586 9.0558453590240351 64.449801571382039
14.83516766149234 9.1764670420879622 63.899364946486948
15.041250003164086 9.2970887251518857 63.348928321591835
15.213686924675381 9.5712141262980381 62.843833506189654
15.383994218632367 9.835113764593487 62.332607131153523
15.594916593327397 9.9896502119421875 61.792579133459093
15.805838968022432 10.144186659290884 61.252551135764669
15.993125550884974 10.357083905467874 60.723780392956471
16.180412133747517 10.569981151644864 60.195009650148279
16.412814438823787 10.809163222735449 59.696230034021028
16.611613556245167 10.864657262485668 59.132847994491293
16.774991684944588 11.190741500555365 58.656427322453247
16.941963351415414 11.400022459985395 58.11947113930978
17.191081538148907 11.547259086618789 57.593865293816954
17.28189704601558 11.822447332776893 57.068485457215523
17.581427561371889 12.098016248980144 56.627641672193043
17.606758851912833 12.235355399753033 56.044121078396643
17.886030923609603 12.453358930835103 55.559888107187589
18.213836110032496 12.596335182625156 55.07811891849002
18.34125240060337 12.847169812373693 54.548168847807815
18.468668691174241 13.098004442122232 54.018218777125604
18.637227058000459 13.234930259336343 53.458898298729608
18.817851300128488 13.365524710280861 52.991978259512983
18.998475542256511 13.496119161225375 52.525058220296351
19.17909978438454 13.62671361216989 52.058138181079734
