27.568572179379277 -29.595865847356144 313.17832089429396
-123.07057508248928 -17.947081613484741 96.144664376854692
27.568572179379277 -29.595865847356144 313.17832089429396
27.268049358264232 -29.351647036334334 312.72001618524973
26.967526537149201 -29.107428225312525 312.26171147620551
26.632599885033159 -28.695885753723804 311.98160983076048
26.234587899280704 -28.491879328521087 311.58165003568928
25.802924486888838 -28.362671646876255 311.1854530223157
25.384396211447974 -28.203419490737247 310.78611252421717
25.000868030041755 -28.076654750302357 310.34244955004681
24.617339848635549 -27.94989000986747 309.89878657587639
24.230173451579279 -27.869577811443502 309.44750824515933
23.90109577366087 -27.723819986866545 308.96744310533927
23.57201809574245 -27.578062162289587 308.48737796551927
23.211796906813255 -27.402122201720129 308.0409635556698
22.855695204359343 -27.308119074167628 307.56730229535845
22.49959350190543 -27.214115946615124 307.09364103504703
22.177080754167463 -27.050219029935722 306.61497274880958
21.854568006429481 -26.886322113256313 306.13630446257218
21.519173869781916 -26.779944382348258 305.65030595283235
21.183779733134344 -26.673566651440204 305.16430744309258
20.830287280052719 -26.508330239918848 304.70852239076874
20.544131494247608 -26.390561182414 304.19447442088199
20.257975708442508 -26.272792124909166 303.68042645099524
19.948666769683236 -26.209606236253592 303.17019559748047
19.63935783092397 -26.146420347598013 302.6599647439657
19.359079044567999 -25.917004129287921 302.18162177004939
19.071273604665553 -25.797885792078922 301.66880713443226
18.816171429606911 -25.675057114464796 301.13981186390907
18.561069254548276 -25.552228436850669 300.61081659338589
18.235732584917461 -25.54180659169754 300.10678540730993
17.956966213306291 -25.312395076175321 299.62755720842699
17.67615338968934 -25.313044338105804 299.09732731814245
17.395340566072399 -25.313693600036292 298.56709742785785
17.132264819836838 -25.296891647967506 298.02810870241984
16.862305019722879 -25.237494929950376 297.49557350526266
16.577472271905631 -25.16711473170313 296.9722027633735
16.292639524088358 -25.09673453345588 296.44883202148446
16.021679722369257 -25.068798081387936 295.91422904684043
15.735311547670388 -25.050317393850293 295.38730236056642
15.458704873567394 -25.035156286417106 294.85508164632927
15.166120389511921 -24.974982958461272 294.33472264497283
14.87353590545645 -24.914809630505438 293.81436364361633
14.560454081375871 -24.918569477696359 293.30253785784595
14.269615750617612 -25.04783245344592 292.7939081807113
13.96375427641639 -25.063613844781106 292.27796273176637
13.656784726391944 -25.055670625729942 291.76249537040496
13.349815176367489 -25.047727406678781 291.2470280090435
13.07142964740099 -25.066018883014749 290.71583414692208
12.768894680574018 -25.032160813171 290.19879814725334
12.494479621559412 -25.015024128926317 289.66550394192285
12.242016738467679 -24.958419893647239 289.12415520662415
11.94595038768796 -24.947629153838882 288.60240021060559
11.649884036908261 -24.936838414030525 288.08064521458698
11.372527240250387 -24.999897246803307 287.55234909406647
11.095170443592508 -25.062956079576086 287.02405297354596
10.744444492157893 -25.033167656739447 286.53814767736651
10.393718540723269 -25.003379233902812 286.05224238118711
10.171109656959104 -24.966248751737798 285.49630478382261
9.9485007731949473 -24.929118269572779 284.94036718645805
9.6581411918242459 -24.996114353334089 284.4195957987389
9.3877281978632805 -25.01794210828994 283.88443193429117
9.1173152039023115 -25.039769863245791 283.34926806984339
8.835924064521798 -24.89563301496926 282.8393233712269
8.5545329251412774 -24.751496166692725 282.32937867261046
8.3296795071381062 -24.958031475154691 281.81286719474105
8.1048260891349369 -25.16456678361666 281.29635571687169
7.7870008302975062 -25.031083965689511 280.80526566182766
7.46917557146008 -24.897601147762366 280.31417560678364
7.1935846234472693 -24.888395787180283 279.78129204472719
6.9179936754344329 -24.879190426598178 279.24840848267075
6.61809504587404 -24.903077653373209 278.7292840155294
6.3407699144931842 -24.802529737321166 278.20680828587092
6.0634447831123417 -24.701981821269126 277.68433255621238
5.7685365680197398 -24.729462189665586 277.16253376929956
5.5000453459301273 -24.744109955603744 276.62615898744099
5.231554123840505 -24.758757721541905 276.08978420558236
4.9500618786993238 -24.628167884415493 275.57625873360979
4.6631304725810434 -24.615454513155179 275.04946775193474
4.3360505402671325 -24.572635781078016 274.54828387942803
4.0089706079532164 -24.529817049000854 274.04710000692131
3.7576231412488683 -24.517477947297618 273.50242377506385
3.3939679241723675 -24.522528258637053 273.02521378203312
3.0303127070958888 -24.527578569976491 272.54800378900234
2.6942068279679345 -24.506610591026689 272.05142229329954
2.358100948839966 -24.485642612076884 271.5548407975968
1.9284521118629034 -24.421005118043063 271.14104873478107
1.485021767807416 -24.381883829108823 270.73875648439218
1.0802523985671679 -24.409911451602518 270.29674267227517
0.67548302932691917 -24.437939074096214 269.85472886015816
-0.94359444763409717 -24.550049564070992 268.08667361169012
-1.3491977424902639 -24.589846075707225 267.64633033098357
-1.7548010373464353 -24.629642587343461 267.20598705027703
-2.1604043322026238 -24.669439098979694 266.76564376957049
-2.5144626857454062 -24.726557672613961 266.28462386267205
-2.8978970674802467 -24.774083038940237 265.82558201876327
-3.2813314492150902 -24.82160840526651 265.36654017485449
-3.6614013876893758 -24.870268191945744 264.90482698787747
-4.0414713261636521 -24.918927978624978 264.44311380090045
-4.4194122073614217 -24.96830066461111 263.97973163875133
-4.7978794666288858 -25.017497452296162 263.51676057081727
-5.1763467258963143 -25.066694239981217 263.05378950288315
-5.6123682130601704 -25.458702282212201 263.18112746877568
-6.1390479655829733 -25.474251396178339 262.89413153964534
-6.4039318188979992 -25.469371572389402 262.35578896138054
-6.6688156722130287 -25.464491748600469 261.81744638311574
-7.1011655769670572 -25.437788058395455 261.40228319497328
-7.3288666675021004 -25.411180550530787 260.84780663650179
-7.6735542728164727 -25.436749508008866 260.35736124386756
-7.9291631985458455 -25.446920836924967 259.86694126583922
-8.1847721242752165 -25.457092165841068 259.37652128781082
-1.1057221122456844 -25.821814649250804 269.79822994489172
-1.500535580892524 -25.820340568203353 269.34643336227947
-1.8635993458622981 -25.823095222396422 268.86875448013558
-2.2813937994630691 -25.812213003589619 268.4382555000505
-2.6543913742384988 -25.81546497506767 267.96829567847726
-3.0273889490139227 -25.81871694654572 267.49833585690402
-3.5683894954106128 -25.696176987661222 267.26963874875645
-3.7189370921575247 -25.768185312681936 266.69331399461049
-3.8694846889044321 -25.840193637702651 266.11698924046448
-4.2511707150484286 -25.751714519331831 265.66258058841356
-4.6328567411924251 -25.663235400961007 265.20817193636265
-5.0145427673364296 -25.574756282590194 264.75376328431173
-5.2632910652162073 -25.536400398145254 264.20910457426447
-5.7854154967299589 -25.672667436509386 263.94677391979974
-6.0889694337282325 -25.414024165158008 263.49848978499512
-6.3925233707265061 -25.155380893806633 263.05020565019055
-6.6759984334498714 -25.105935134967037 262.52371063051157
-6.9594734961732545 -25.056489376127441 261.9972156108326
-7.1969333503991395 -25.184204967677267 261.46121043799741
-7.4497510215755867 -25.26276946547646 260.92277674214762
-7.7054511112338844 -25.331311590681516 260.38433506357779
-7.9611512008919849 -25.399853715886515 259.8458933850078
-8.1847721242752165 -25.457092165841068 259.37652128781082
-8.1847721242752165 -25.457092165841068 259.37652128781082
-8.5559177834181757 -25.273012988290457 258.94251004821945
-8.8593714345178114 -25.269870906195262 258.42491367173056
-9.1526602452962251 -25.210000094779691 257.90491640307175
-9.44594905607463 -25.150129283364119 257.38491913441294
-9.749294677772756 -25.023490220991285 256.88297891717792
-10.052640299470912 -24.896851158618443 256.38103869994296
-10.324219004894639 -24.918078583278874 255.84644127832308
-10.660630350815655 -24.831225992589768 255.35727460547406
-10.997041696736662 -24.744373401900667 254.86810793262498
-11.338493139067152 -24.723546116946459 254.37518082165229
-11.679944581397656 -24.70271883199225 253.88225371067966
-11.996033215199372 -24.489775239035115 253.41884999705636
-12.312121849001084 -24.276831646077977 252.95544628343305
-12.575410365919835 -24.815914214095944 252.96376143333424
-12.787233064665198 -24.654213507587595 252.42618908861127
-13.096351904814332 -25.163298037664564 252.49884226404887
-13.577603524956109 -25.483725234683135 252.33845744705633
-14.058855145097885 -25.804152431701702 252.17807263006375
-13.981933508319752 -25.426727944881279 251.71803587224571
-14.031067349485408 -25.124047726222358 251.20231254439938
-14.069241682051885 -24.813958465216398 250.69007493299046
-14.107416014618362 -24.503869204210424 250.17783732158159
-14.355274272335802 -24.3794664494853 249.64577507080816
-14.748483360636445 -24.277367297327665 249.20422963033064
-15.126173631531472 -24.275179028332168 248.7380265943581
-15.409724418886507 -24.224283331332426 248.21171054955494
-15.80716789820608 -24.122233520407157 247.77396117281469
-16.15098468626357 -24.123706040367161 247.28224189524386
-16.494840729584119 -24.04079567347674 246.7975885216519
-16.838696772904694 -23.957885306586309 246.31293514806003
-17.171274417259813 -23.892692423619188 245.81781698187578
-17.521381976025719 -23.901585446583333 245.33063568970874
-17.873216940048231 -23.915908269324557 244.84483015779293
-18.237835337772111 -23.892175493990365 244.36892031400293
-18.583907781750526 -23.820771774835716 243.88401272238397
-18.925146606237405 -23.724956405202349 243.39988930877456
-19.266385430724274 -23.629141035568981 242.91576589516518
-19.619069460887538 -23.606473896358686 242.43089459712019
-19.971753491050798 -23.583806757148395 241.94602329907519
-20.312014367006718 -23.575849513352377 241.45189859966735
-20.694710986291469 -23.560856689497299 240.99003442826967
-21.014428527129446 -23.466870894149505 240.49108817429698
-21.375788876911816 -23.377020126873138 240.02061443727757
-21.737072254118846 -23.415431427090279 239.5431221406177
-22.069156365934308 -23.363315127487816 239.04612713662323
-22.401240477749763 -23.311198827885356 238.5491321326287
-22.733668724443625 -23.180726850844195 238.06698223476809
-23.066096971137448 -23.050254873803041 237.58483233690745
-23.394366427311603 -23.044289438765141 237.08263359365142
-23.722635883485758 -23.038324003727247 236.58043485039539
-24.085888305215171 -23.002674784882121 236.10422396086906
-24.419100587995718 -22.949721076707799 235.6080732988774
-24.762095511094767 -22.804983149125437 235.13753593049159
-25.078716626006461 -22.781773791686867 234.62840687482952
-25.413231798471951 -22.7305434036804 234.13295249071825
-25.747746970937442 -22.679313015673934 233.63749810660698
-26.071997855099188 -22.634221234646368 233.13467796440491
-26.391024344161071 -22.530099014083692 232.63730419905136
-26.710050833222958 -22.425976793521013 232.13993043369783
-27.089176962402568 -22.430564935909935 231.67491180275633
-27.468303091582168 -22.435153078298857 231.20989317181483
-27.727465048736143 -22.331636450190285 230.67874405182201
-27.986627005890124 -22.228119822081716 230.14759493182919
-28.338421865694965 -22.162754762186562 229.66596459063399
-28.690216725499823 -22.097389702291409 229.18433424943882
-28.95985748536312 -22.254817844505745 228.67197671737819
-29.300543228234421 -22.149484291677794 228.18944374725811
-29.641228971105726 -22.044150738849844 227.70691077713809
-29.981914713977016 -21.938817186021904 227.22437780701802
-30.253882040881969 -21.817867498150225 226.70341240883891
-30.525849367786925 -21.696917810278538 226.18244701065979
-30.985266824781423 -21.628229537066236 225.80268719007336
-31.444684281775942 -21.559541263853934 225.42292736948698
-31.588365475873093 -21.65785815480077 224.84874142101961
-31.93719177434615 -21.660037777406405 224.36056577359454
-32.286018072819225 -21.662217400012036 223.87239012616951
-32.575025292876163 -21.594304559663751 223.35098560675027
-32.8640325129331 -21.526391719315463 222.82958108733106
-33.240551413801477 -21.398515952710902 222.38026905143155
-33.589869526903335 -21.43093883165821 221.89351899978314
-33.939187640005194 -21.463361710605518 221.40676894813473
-34.248015410244058 -21.427121709421847 220.89362952201014
-34.556843180482915 -21.390881708238183 220.38049009588553
-34.962565310093481 -21.297546607318555 219.94842747023898
-35.254302089226215 -21.290038756767721 219.424182027835
-35.54603886835892 -21.282530906216884 218.89993658543099
-35.894022289783287 -21.129561845385417 218.43570818814993
-36.228372654043859 -21.150711317330099 217.9379506831786
-36.555076479441666 -21.147217725460216 217.43470878777808
-36.881780304839481 -21.143724133590329 216.93146689237761
-37.205570723811469 -21.073084597485384 216.43129710068601
-37.520416100746012 -20.947080689150589 215.936326996834
-37.859773306074814 -20.92542548800386 215.44199134218758
-38.191528090893598 -20.85681342687019 214.94678315584889
-38.506695463223792 -20.757621518321113 214.4459533517269
-38.8476177568662 -20.783432576444547 213.95289576992113
-39.188540050508578 -20.809243634567981 213.45983818811538
-39.514674647790528 -20.673746484828193 212.97478484376225
-39.840809245072485 -20.538249335088402 212.48973149940917
-40.183623277921953 -20.539598109337273 211.99731224746068
-40.545115048900733 -20.469000776857463 211.52366711008318
-40.853693478227399 -20.445131931666129 211.00965385034806
-41.162271907554064 -20.421263086474795 210.49564059061294
-41.508479121013075 -20.308154125414838 210.01883147967138
-41.854686334472078 -20.19504516435488 209.54202236872979
-42.181827633806058 -20.211937844856131 209.03933637567292
-42.532520350665969 -20.111624342051194 208.56294177085837
-42.945784067315969 -20.084755713224215 208.1287860645898
-43.359047783965892 -20.057887084397237 207.69463035832115
-43.471029569213933 -20.021522351673021 207.10629568656827
-43.868282357547756 -19.999496523611533 206.65717979388666
-44.228554427568149 -19.96218515266375 206.17883692819174
-44.539622108044576 -19.925682687694334 205.66707089941082
-44.850689788520995 -19.889180222724914 205.15530487062992
-45.170207786958649 -19.889947600576669 204.64745877208665
-45.489725785396303 -19.890714978428417 204.13961267354338
-45.805121003211781 -19.966377507055206 203.63483446646535
-46.129122304750069 -19.894629241317009 203.13495913904356
-46.471664554235794 -19.863450119992226 202.64333665205717
-46.783528955488173 -19.787761545734657 202.13637330529693
-47.105202491250388 -19.74913224589886 201.63136448004292
-47.426876027012597 -19.710502946063066 201.12635565478894
-47.736644185769407 -19.842008378886767 200.62961627749107
-48.046412344526203 -19.973513811710454 200.1328769001932
-48.335002726392169 -19.938866869359828 199.60798150025124
-48.656353267893294 -19.839914265428821 199.1110486962906
-48.977703809394427 -19.740961661497813 198.61411589232995
-49.299054350895545 -19.642009057566813 198.11718308836927
-49.600512088004209 -19.721353006420596 197.60451577858873
-49.9192663694622 -19.668042991101924 197.09899253449515
-50.238020650920191 -19.614732975783248 196.59346929040152
-50.563168052681952 -19.615313001197244 196.08920861307473
-50.867236941169878 -19.659427545849322 195.5738485273057
-51.17130582965779 -19.703542090501397 195.05848844153667
-51.489641618785264 -19.600656520062532 194.56041526944639
-51.807977407912759 -19.497770949623664 194.06234209735615
-52.102725987455337 -19.362757974231105 193.55747105309507
-52.356896127320532 -19.427075511210653 193.01778522371117
-52.712123407634252 -19.418257806214825 192.53432289074249
-53.067350687947965 -19.409440101218998 192.05086055777377
-53.360527173369405 -19.369514848415783 191.52888975151683
-53.653703658790832 -19.329589595612568 191.00691894525988
-53.953677171635228 -19.348594587588249 190.48763607256737
-54.241222439449437 -19.359957593610751 189.96114903469106
-54.606636641562112 -19.350508524826232 189.48535162402823
-54.982691502046201 -19.078309587082622 189.10523258978034
-55.257368397831691 -18.990011306513814 188.57915653390037
-55.532045293617173 -18.901713025945007 188.05308047802038
-55.924753674690905 -18.926767886177213 187.60014297525296
-56.226020842667253 -18.869783936905268 187.08439989674886
-56.527288010643609 -18.812799987633319 186.56865681824476
-56.704190126849781 -18.74979662124359 186.200581277586
-56.704190126849781 -18.74979662124359 186.200581277586
-56.991459716149755 -18.810875506733971 185.67737428909035
-57.278729305449737 -18.871954392224353 185.15416730059471
-57.565998894749711 -18.933033277714735 184.63096031209906
-57.747114655336041 -19.012002190228323 184.06442611884711
-58.274284687691605 -18.888847414789446 183.8057281129158
-58.667864286035652 -18.986161174451521 183.36343281342937
-59.011443761072471 -18.957324131136954 182.87239150226881
-59.35502323610929 -18.928487087822386 182.38135019110823
-59.692532335570228 -18.938226467554145 181.88537362688015
-60.030041435031173 -18.947965847285904 181.38939706265205
-60.361607441940507 -18.985184611913748 180.89072006636911
-60.677786441494526 -18.896124580498032 180.38862530335592
-60.983913372568189 -18.923171483974247 179.87330524059516
-61.316713506794621 -18.993993923772248 179.37911069117163
-61.669605767153222 -18.95375499400523 178.89553248538667
-61.977700319262546 -18.979065738281825 178.38129799297613
-62.305395822770365 -18.97239848428466 177.87873336558488
-62.633091326278169 -18.965731230287492 177.37616873819363
-62.964765443001831 -18.896394153871551 176.88100750169619
-63.288626699696941 -18.883277667964133 176.37608984087484
-63.612487956392044 -18.870161182056716 175.87117218005352
-63.943620139098144 -18.836860353994698 175.3719302222548
-64.274752321804243 -18.803559525932677 174.87268826445612
-64.587667353849895 -18.855168163049996 174.36335464952896
-64.900582385895547 -18.906776800167314 173.85402103460177
-65.287441191954358 -18.765130266574978 173.41781406114077
-65.560212929765683 -18.849430524734125 172.89009344800758
-65.91022861413515 -18.924386683344395 172.40856401486587
-66.238388938187455 -18.832814596184072 171.9146760168633
-66.568452543221582 -18.774621221370321 171.4170099161897
-66.898516148255709 -18.716427846556577 170.9193438155161
-67.232174925870737 -18.760414298258237 170.42261752047312
-67.550450003708562 -18.784777493068741 169.91457479631896
-67.868725081546387 -18.809140687879246 169.40653207216485
-68.225534867165067 -18.737494034182664 168.92950635598089
-68.556959574705729 -18.657929385531457 168.43571780820301
-68.893573806312745 -18.669723743501095 167.93917802913217
-69.23018803791976 -18.681518101470736 167.44263825006135
-69.554242922541931 -18.631821113809849 166.94012592069026
-69.863270807821621 -18.715464181335008 166.4326758212967
-70.173999308385746 -18.682711796707785 165.92045020671031
-70.507020170360164 -18.667003023920063 165.42160119152908
-70.840041032334554 -18.651294251132345 164.92275217634779
-71.176564598547557 -18.649633173257644 164.42601368357359
-71.503681304156871 -18.645224830502677 163.92304725584162
-71.857771294586783 -18.607477033289779 163.44014417810973
-72.211861285016695 -18.569729236076878 162.95724110037787
-72.520278483037004 -18.639263553446071 162.44729619092851
-72.835615747354481 -18.568143865932754 161.94182176053584
-73.122713288709335 -18.636153456951952 161.41937588077661
-73.409810830064188 -18.704163047971154 160.89693000101738
-73.852291475812166 -18.507772202751667 160.542470533585
-74.161383138400112 -18.52736495184077 160.02858487674902
-74.470474800988043 -18.546957700929873 159.51469921991304
-74.820052215323628 -18.601218232997699 159.03008450073278
-75.139385334943626 -18.569408573071989 158.52311852135233
-75.50422298322664 -18.521301171978131 158.0492206754453
-75.792545798838873 -18.444017465620796 157.52874283467867
-76.08086861445112 -18.366733759263465 157.00826499391201
-76.467634713569808 -18.55461553279104 156.58980063013817
-76.841424958475017 -18.506166316239455 156.12296711995575
-77.177782863176276 -18.506503354252906 155.62611377504362
-77.514140767877535 -18.506840392266362 155.12926043013152
-77.861361020299313 -18.512311782384923 154.63996689839587
-78.208581272721091 -18.517783172503488 154.15067336666021
-78.535687367916864 -18.537072817718791 153.64805073279538
-78.877683041290126 -18.548133013809739 153.15518499909462
-79.23206903386685 -18.546972647197528 152.67102673797049
-79.586455026443588 -18.545812280585317 152.18686847684637
-79.954117578612596 -18.511402039614939 151.71396237300661
-80.309266471913318 -18.434540110116409 151.23650922621516
-80.532295020423959 -18.269244482039323 150.704592294836
-80.912505551240514 -17.987176667407585 150.33597636977976
-81.212647956696131 -18.455315115030039 150.11067450492959
-81.574082752214238 -18.445207519438107 149.63186063180126
-81.93551754773236 -18.435099923846167 149.15304675867296
-82.06444277415865 -18.659887490060804 148.611891664392
-82.477258011962292 -18.432450190337555 148.24060221647875
-82.775978748726104 -18.448401833765505 147.72049504819589
-83.14326742199539 -18.473293586182312 147.24670244467646
-83.526930438776986 -18.483381730741591 146.7855073461624
-83.865239054679279 -18.50782601018188 146.29058335441323
-84.221083647151602 -18.491359646886259 145.80777543723701
-84.576928239623925 -18.474893283590642 145.32496752006082
-84.930740334482223 -18.423256795045518 144.84314735175866
-85.284552429340522 -18.371620306500393 144.36132718345652
-85.624804974643439 -18.370883624187634 143.86713323092971
-85.965057519946356 -18.370146941874882 143.37293927840292
-86.345773917299411 -18.372793461925063 142.90920657444715
-86.716482309075317 -18.339906755575424 142.4385753464008
-87.067019880263587 -18.355475095270101 141.95187108508335
-87.418517395054977 -18.323494587543451 141.4666631459263
-87.770014909846338 -18.2915140798168 140.98145520676925
-88.104803274611257 -18.245612014462939 140.48566316244597
-88.479999504840109 -18.280329683089548 140.01873439667202
-88.855195735068975 -18.315047351716153 139.55180563089806
-89.221177160107629 -18.280493269712142 139.07760776930067
-89.591472879887618 -18.241574615820475 138.60711184127166
-89.967233634167144 -18.188880741727825 138.142324566084
-90.342994388446641 -18.136186867635178 137.67753729089628
-90.702133444501627 -18.146728961871776 137.19700841282022
-91.061272500556612 -18.157271056108371 136.71647953474417
-91.446054938244032 -18.131687101565298 136.25681885890026
-91.821857576561655 -18.047810360667683 135.79666989457468
-92.190649603610638 -18.058526357317 135.32351282953081
-92.566134591915613 -18.111635424516038 134.85854998097315
-92.8513693415521 -18.12761999296135 134.33092735904398
-93.241113980172841 -18.079655432088629 133.87727714404713
-93.613498046534346 -17.972467420321586 133.41919326826292
-93.985882112895851 -17.865279408554525 132.9611093924787
-94.288459443251469 -17.927255160928993 132.44671074816429
-94.591036773607058 -17.989230913303459 131.93231210384988
-94.976723623629795 -18.03632208325919 131.47511622085034
-95.340943446040257 -18.002458920410987 130.99951427892285
-95.705163268450733 -17.968595757562781 130.52391233699535
-96.074866079652409 -17.890207193216121 130.05789188211244
-96.446814084474553 -17.837864819256872 129.59000839490957
-96.818762089296712 -17.785522445297634 129.12212490770668
-97.133480632012891 -17.863321238923906 128.61724909467847
-97.448199174729069 -17.941120032550181 128.11237328165024
-97.860960779881452 -17.854953198018613 127.68552069124128
-98.263611904616198 -17.85186434594349 127.24070327842711
-98.666263029350944 -17.848775493868374 126.79588586561292
-99.187786694102655 -17.56533727052604 126.70827399054747
-99.289663948105186 -17.360708593377218 126.15352347941186
-99.437145329100218 -17.419769523822275 125.57493809353113
-99.789698288733604 -17.536013909547439 125.10356387548234
-100.19755815519358 -17.756826165425863 124.72291669371801
-100.53322102077644 -17.787450711484077 124.2265372241109
-100.8688838863593 -17.818075257542294 123.73015775450378
-101.26503670414814 -17.726919329166634 123.28884885851376
-101.66118952193699 -17.635763400790974 122.84753996252373
-101.97487141238165 -17.655454075375864 122.33644706593695
-102.28855330282627 -17.675144749960758 121.82535416935016
-102.71773190396743 -17.686066748002212 121.40620450839205
-103.07941133231498 -17.699848863109096 120.92766710712297
-103.44109076066249 -17.713630978215981 120.44912970585385
-103.80224983285802 -17.692840346818375 119.97045249288362
-104.16340890505357 -17.672049715420773 119.4917752799134
-104.5056886425984 -17.674833070745478 118.99899050518979
-104.84796838014327 -17.677616426070184 118.50620573046622
-105.17503824735711 -17.669833365057862 118.00324974240962
-105.57261883662864 -17.71900828787394 117.55658263818036
-106.00948951254725 -17.750764256370157 117.14653926122216
-106.41811789293293 -17.752980105034165 116.70720119462869
-106.82674627331858 -17.755195953698173 116.26786312803522
-107.17379716930846 -17.734246214250529 115.77886743888276
-107.5381621095934 -17.754326145914892 115.30259547179303
-107.91196415580548 -17.745850991321696 114.83334052828972
-108.28601713915175 -17.688007114950928 114.36778875714481
-108.64975070933292 -17.758758610638434 113.89588610216052
-109.0112028840596 -17.77657592015154 113.41731022639256
-109.36914307033905 -17.726026690208187 112.93843279071787
-109.72708325661854 -17.675477460264837 112.45955535504319
-110.08128488135344 -17.737013427347215 111.97918619097206
-110.46375038993467 -17.734781650999746 111.5168928274895
-110.83754035809405 -17.747750923463698 111.04773096024626
-111.21133032625343 -17.760720195927647 110.57856909300304
-111.5786279821973 -17.754512479518858 110.10417063580158
-111.94460379972654 -17.786396352225626 109.62978142887857
-112.31057961725578 -17.818280224932391 109.15539222195557
-112.70527239786747 -17.751613233428422 108.70843235666919
-113.0617098633664 -17.774329635160761 108.22631587875017
-113.41200855964408 -17.811298659203239 107.74059567673309
-113.76230725592177 -17.848267683245716 107.25487547471603
-114.12836803961962 -17.775180263513498 106.78513327763831
-114.50945080076379 -17.70890693268894 106.32645716666222
-114.89053356190796 -17.642633601864375 105.86778105568612
-115.26901465459582 -17.710893175369897 105.4072458310804
-115.66877936705949 -17.729831401022359 104.96022288057563
-116.03245331385283 -17.73694031394928 104.4830533889055
-116.41255501824625 -17.72272866950226 104.01902674799001
-116.79265672263971 -17.708517025055237 103.55500010707453
-117.15734197869548 -17.63340995271766 103.08450718289775
-117.52202723475128 -17.558302880380076 102.614014258721
-117.89658987059131 -17.60114661103767 102.14725174247114
-118.27115250643135 -17.643990341695261 101.68048922622128
-118.63669959642398 -17.600984021907017 101.20664771109605
-119.02390863906373 -17.61442476399186 100.7485118101341
-119.41111768170349 -17.627865506076699 100.29037590917217
-119.80170694665915 -17.595476639998626 99.836073160495062
-120.17648363878591 -17.624388224780589 99.368412438064894
-120.55126033091267 -17.653299809562551 98.900751715634712
-120.96835834182143 -17.695425044618627 98.471502704142054
-121.3830181653165 -17.975115862067682 98.14009619030486
-121.87954410744396 -18.078740660307208 97.819590511752594
-122.35083790758706 -18.202219426974306 97.469397496218249
-122.82213170773018 -18.325698193641408 97.119204480683919
-122.94635339510974 -18.136389903563078 96.631934428769299
-123.07057508248928 -17.947081613484741 96.144664376854692
