-30.258481805102623 -35.221917049767974 423.33212836310111
31.631137852842539 33.446415495185576 297.05824718318303
-30.258481805102623 -35.221917049767974 423.33212836310111
-30.318215421201113 -34.891350682926699 422.8349787153881
-30.377949037299611 -34.560784316085417 422.3378290676751
-30.487060206196986 -34.475149687381624 421.75408129407026
-30.484540488884058 -34.122031606445489 421.26900266957654
-30.463707981830975 -33.706721797887845 420.83647085621976
-30.442875474777896 -33.2914119893302 420.40393904286304
-30.335040605396149 -33.150329377108193 419.83081834224748
-30.335745532822095 -32.868077200216057 419.30135331817416
-30.269680387268608 -32.355926558423498 418.99584207999385
-30.196301816916055 -32.174871131974157 418.42853747225098
-30.036973691308027 -31.886328155684176 417.9271818108449
-29.877645565700028 -31.597785179394226 417.42582614943876
-29.750385637952661 -31.208470727905883 416.98737527573451
-29.627133820545037 -30.91146418844092 416.48082211463418
-29.410214637840614 -30.658906501697754 415.98166213723033
-29.193295455136187 -30.406348814954601 415.48250215982654
-29.065588950913231 -30.004768957429956 415.05539015249161
-28.982154020418772 -29.593709023491517 414.62635828527903
-28.898719089924317 -29.18264908955306 414.19732641806638
-28.715139758643083 -29.009940074833178 413.65283562350612
-28.622261109667505 -28.731507705630939 413.12952981201067
-28.389424851267488 -28.278844111357966 412.8119090519931
-28.310980679987274 -28.15488774104233 412.23011756851264
-28.182602405754619 -27.842791273735436 411.73401796782781
-28.054224131521948 -27.530694806428507 411.2379183671431
-28.023924287239943 -27.156033129213618 410.77025337266195
-27.907785888928807 -26.819128946646952 410.28754492628178
-27.791647490617681 -26.482224764080303 409.8048364799015
-27.684811229132823 -26.211060608253213 409.28037865144768
-27.577974967647954 -25.939896452426119 408.7559208229938
-27.442514679801995 -25.468856851257407 408.40983961208008
-27.26772918681835 -25.106185783112785 407.96495791120526
-27.112605400032386 -24.80542372977763 407.46949974137976
-26.957481613246422 -24.504661676442481 406.97404157155427
-26.793958054137981 -24.168492672616495 406.50473309466179
-26.628724770869734 -23.766820698994426 406.09077948891962
-26.422607256388098 -23.568402337219904 405.56338426336799
-26.21648974190644 -23.369983975445379 405.03598903781642
-26.101686618915664 -22.851671799949568 404.75639516863407
-25.986883495924893 -22.333359624453752 404.47680129945172
-25.723444245283666 -22.512902137148501 403.96850586630592
-25.443501526454764 -22.257853178598062 403.50312204308364
-25.163558807625854 -22.002804220047619 403.0377382198613
-25.011433500615855 -21.520597797476363 402.71472915342792
-24.777238182273528 -21.264575402531364 402.22523442807005
-24.543042863931184 -21.00855300758635 401.73573970271224
-24.29983367389304 -20.662121799948885 401.31049305868567
-24.093921513820405 -20.308220386031088 400.8719112857388
-23.888009353747766 -19.954318972113278 400.433329512792
-23.582790725451154 -19.833388146183928 399.93111708335522
-23.320113160610649 -19.616239285659059 399.43730854829107
-23.159079077561561 -19.340204683303078 398.92949665162189
-22.921197898153451 -19.074023427879805 398.44725181365607
-22.683316718745342 -18.807842172456528 397.96500697569024
-22.548606909877577 -18.996826327893565 397.41170935560808
-22.229158961381799 -18.729857854905259 396.97964357053348
-22.011155418148977 -18.471728115169391 396.48381749961561
-21.793151874916155 -18.21359837543352 395.9879914286978
-21.547238677240774 -18.082016778974221 395.45675420985646
-21.301325479565385 -17.950435182514916 394.92551699101512
-21.021655140826379 -17.689177113827153 394.46342530836421
-20.762774434286609 -17.503173900142048 393.95511085423141
-20.514534474920264 -17.370221688361177 393.42529897067618
-20.302070943082786 -17.012823384032522 392.99271868945414
-20.089607411245304 -16.655425079703896 392.56013840823209
-19.673569649408726 -16.644369653310854 392.1279459068241
-19.412603872726685 -16.429036695614929 391.63243750050725
-19.171719612714035 -16.267340119752028 391.10724325964736
-18.930835352701401 -16.105643543889141 390.58204901878753
-18.681006353941576 -15.951737186667984 390.05869607422181
-18.476280162787539 -15.666786235043807 389.57198246045698
-18.191858518886544 -15.559519543738443 389.05468352810055
-17.931467451190308 -15.329560487260014 388.56548487294344
-17.653998226559395 -15.21928876822002 388.04505142151794
-17.402991505731904 -14.944709519270916 387.57430535180947
-17.151984784904425 -14.67013027032182 387.10355928210095
-16.87241487133495 -14.57433844326169 386.58138633249973
-16.604408315817434 -14.331960943231184 386.10240237276975
-16.309195743798544 -14.225119558649746 385.59109575647898
-16.068969783239694 -13.868480594608101 385.1726460734813
-15.845005069040701 -13.612577702892574 384.6783248046637
-15.545926025987773 -13.468327551180511 384.17858125069068
-15.312538823646332 -13.40916978357399 383.62900798686223
-14.986565783326736 -13.115308540280623 383.21987824377959
-15.01652060779077 -13.21518561014947 382.62900830935598
-14.748585104679497 -12.861518449268107 382.22511462843653
-14.499213266087278 -12.660719877789237 381.71767633680969
-14.249841427495067 -12.459921306310374 381.21023804518285
-13.997415836854126 -12.318912823273504 380.6845024377705
-13.765844109213228 -12.100025218850101 380.17611011722744
-13.545782479078568 -11.892028286459418 379.65812348124291
-13.325720848943902 -11.684031354068731 379.14013684525838
-13.138049824521067 -11.403038008498344 378.64433211924495
-12.847592613889137 -11.244868007598425 378.14371563968479
-12.581582175624053 -11.123942899074132 377.61967788831339
-12.373538321177833 -10.82308123246057 377.14407299747472
-12.179197115956969 -10.496604696998521 376.67969753758695
-11.885867249878741 -10.336912030093474 376.18124408760059
-11.619412096006355 -10.070549390336021 375.71428306661886
-11.352956942133968 -9.804186750578566 375.24732204563713
-11.052735804293656 -9.7022933420782298 374.73792534197872
-10.841623345295112 -9.4858565349008792 374.21967189225126
-10.582997196492332 -9.2471040420090169 373.73376062227146
-10.31926877108565 -9.0470509681362792 373.23333471839902
-10.055540345678962 -8.8469978942635414 372.73290881452652
-9.7593706118271832 -8.6018391827730962 372.27227805683606
-9.5542624268781911 -8.3285954359963306 371.77905550330235
-9.2170663515919848 -8.205637765402356 371.29824346304787
-8.9773838250195315 -7.9371851442190628 370.8181544331423
-8.7377012984470888 -7.6687325230357786 370.33806540323673
-8.5204326681162552 -7.6954946080975422 369.77942586554065
-8.3276508894368764 -7.2898612891236096 369.38156056629049
-8.007955050125231 -7.0172518126218559 368.95321649472157
-7.7750961162089043 -6.8870797712478211 368.41578560936057
-7.5422371822925651 -6.7569077298737783 367.87835472399968
-7.2345901453220396 -6.5063072180760617 367.42829618988441
-7.0301693446280238 -6.3739124748784963 366.87994979551559
-6.8257485439340062 -6.2415177316809274 366.33160340114677
-6.5609922812143306 -5.9892409818766534 365.85593485808459
-6.6821006277206454 -5.4527834458000308 366.09582249926916
-6.4134912195752323 -5.4391016272163153 365.55948138235192
-6.1572568193897794 -5.4104757635449028 365.01770237566132
-5.9396606411126021 -5.1641372857950643 364.515736980859
-5.7063164834158604 -4.8522006111363449 364.05939717865931
-5.4729723257191267 -4.5402639364776345 363.60305737645956
-5.2402878005937055 -4.3614653162932449 363.07971335462759
-5.003597681319107 -4.1545342715962033 362.56867780774422
-4.7669075620445138 -3.9476032268991661 362.05764226086092
-4.5202796204086457 -3.8026750489464711 361.53022356415045
-4.3645486142962806 -3.2483542858675678 361.36147420754469
-4.1749274432223729 -3.1204787447799851 360.87233948351167
-3.9853062721484656 -2.9926032036924033 360.3832047594787
46.204782574502076 44.913669598108996 305.18033239469918
46.413665277302009 44.815374172487672 305.16920691638205
56.954737527691847 59.933137249813932 308.22753296269809
56.602819620614341 59.93061031364185 308.21626152920595
29.626346416012062 30.822921829877146 301.77656862415307
29.358775475724464 30.586549034092492 302.25878609928907
29.104121350487009 30.370836667740416 302.75740363959665
28.849467225249562 30.155124301388344 303.25602117990417
28.594813100012111 29.939411935036297 303.75463872021169
28.390013095756849 29.726470359967141 304.27685787331131
28.150861595940746 29.547060709183615 304.79706815516039
27.859100758654733 29.334302449219287 305.27624404838031
27.594883957462663 29.051727329118602 305.73487329239765
27.397179366470038 28.802048913421089 306.24337460354172
27.153135616983615 28.639890455181224 306.76696536239626
26.927924834519274 28.34678929740905 307.23958763734151
26.69333010635669 28.115513341539476 307.74106220873568
26.467844376999572 27.801075319413542 308.1996305418092
26.242358647642448 27.486637297287604 308.65819887488271
26.069041916441922 27.455304668220425 309.23176628769636
25.784638640253075 27.156081415860818 309.66717439710681
25.512901758036453 26.925139620741014 310.14969377921494
25.241164875819827 26.69419782562121 310.63221316132308
24.970647687289631 26.439249301106173 311.1031926731464
24.81680060633348 26.172063191278472 311.61791848209361
24.565119826527191 25.913835297480365 312.09747571532102
24.313439046720895 25.655607403682257 312.57703294854844
24.042568963156807 25.342944977654501 313.01162655777478
23.771698879592726 25.030282551626748 313.44622016700117
23.564604256829906 24.811357504925923 313.96504927292119
23.357509634067085 24.59243245822509 314.48387837884127
23.130790900213633 24.344971932096794 314.98123328605357
22.937370086886848 23.976061448177724 315.41308215293481
22.695094897947875 23.686477360301001 315.87939083704134
22.45491475903869 23.484648214332537 316.39083828958286
22.214734620129509 23.282819068364081 316.90228574212438
21.991481427027697 22.914640658890157 317.3201405860201
21.768228233925882 22.546462249416226 317.73799542991577
21.585881132508717 22.318751721736682 318.26230206747499
21.352162322687622 22.071117317187589 318.75631898987689
21.118443512866509 21.823482912638475 319.25033591227873
20.915393088265258 21.51767258241707 319.72494160861953
20.664398535205493 21.277991497369086 320.21438487581656
20.406245315695188 21.002273044352414 320.68057823690458
20.185627095494933 20.685836797774812 321.14013857327791
19.965008875294679 20.369400551197209 321.59969890965124
19.709711300815819 20.163614022090542 322.10216786680519
19.465223945474555 19.849826530763373 322.55134861368208
19.204181830137586 19.563888835746397 323.00971162330302
18.943139714800605 19.277951140729407 323.46807463292396
18.744957594125918 19.019898497535088 323.97219037398474
18.546775473451234 18.76184585434077 324.47630611504559
18.314440687933832 18.429257431096353 324.9183530448646
18.042606876931217 18.178986264521882 325.39107994528092
17.770773065928591 17.9287150979474 325.86380684569724
17.557777893630092 17.593476314149889 326.31352677455914
17.315918758377506 17.362949089258723 326.8118854378518
17.088546880679282 17.05520424786571 327.27404898231191
16.861175002981064 16.747459406472707 327.73621252677208
16.602675790056534 16.587089899374135 328.25337766298134
16.349839501056678 16.206290553624559 328.64204933578691
16.121475714817432 15.952901720631463 329.13565249668528
15.89311192857819 15.699512887638372 329.62925565758366
15.644080442629104 15.43108913086912 330.10457871173514
15.39389055055528 15.143546159555445 330.56796198457971
15.143700658481459 14.856003188241768 331.03134525742433
14.900714276557412 14.650736502723415 331.54009195865763
14.699297037026437 14.319658012614479 331.99815104764826
14.436639664110881 14.107237651752381 332.49402269913105
14.169987958170733 13.83009726552641 332.95455508023122
13.903336252230577 13.55295687930043 333.41508746133127
13.748316485131195 13.109105425128542 333.78786723336555
13.458568591227536 12.93899214428815 334.28496644847269
13.168820697323875 12.768878863447757 334.78206566357983
12.973321674379779 12.472067515783328 335.26547352028626
12.670540954892024 12.081163337922616 335.60535255705889
12.465781936580019 11.832214859986596 336.11141421313772
12.26102291826801 11.583266382050574 336.61747586921655
12.056263899955997 11.334317904114549 337.12353752529538
11.811248001105298 11.035306570281545 337.58240507868067
11.566232102254592 10.736295236448532 338.04127263206595
11.304077017556352 10.510618813699102 338.53152242939575
11.041921932858116 10.284942390949675 339.02177222672549
10.88512375400772 9.805296466456479 339.34635521800243
10.676096009439402 9.5837710047941265 339.86330189981396
10.431855567611134 9.4021681890214683 340.38037735260491
10.206106856411266 9.0223533603222172 340.78630618293329
9.980358145211401 8.6425385316229661 341.19223501326167
9.7494790609406845 8.4741937701432626 341.7198285023502
9.3719680971265049 8.4033197355315803 342.1807648791073
9.0888612630842953 8.0354396193068904 342.56091582360847
8.9142034837271549 7.8269131086791122 343.09571611762055
8.7395457043700091 7.6183865980513286 343.6305164116327
8.4259209530155026 7.3263844125877737 344.05048574268238
8.1745600727916035 7.2514771441240926 344.59012136884542
7.8840790117408348 7.0910315776402699 345.0899993273178
7.5935979506900653 6.9305860111564481 345.58987728579018
7.2903614654069617 6.7911168736186927 346.08847130266929
7.1216950589435584 6.3565886250121384 346.46627660238545
6.821715562442705 6.4716616734948555 346.97300186837481
6.5404226288063629 6.3382460957437949 347.48590982220242
6.2977720891972107 6.0772336664236164 347.96860354224424
6.0074802753261975 5.985304735372309 348.48559458127221
5.7357380298100145 5.8096924033078556 348.99088307394612
5.463995784293842 5.6340800712434085 349.49617156662009
5.2225306785964882 5.4409878760884176 350.01037970239855
4.9543034154353753 5.2632480362106762 350.51680115200088
4.6617641180082483 5.1896315950610337 351.03545458065366
4.3692248205811195 5.1160151539113894 351.5541080093065
4.0578354267390591 5.0357452495728436 352.06065848839046
3.7464460328969849 4.9554753452342952 352.56720896747436
3.4359863593709874 4.9775148091842976 352.94569142087943
3.1255266858449908 4.999554273134299 353.32417387428455
29.626346416012062 30.822921829877146 301.77656862415307
29.771173778711027 30.935498974947318 301.2052968662116
29.916001141409986 31.048076120017488 300.63402510827018
30.263728858648655 31.514219127097874 300.48638997825685
30.853673516608922 31.608130903119708 300.43030184342814
31.62141915687436 31.743101439223985 300.35375194952394
32.820526124356093 33.224697139820549 297.76543701242093
32.298677371563166 33.144401717985708 297.48043433797591
31.631137852842539 33.446415495185576 297.05824718318303
