18.767210647613783 0.60031472646309059 388.48167768853767
86.000773292887857 130.21146516063192 394.07692937177717
18.767210647613783 0.60031472646309059 388.48167768853767
19.013416695522466 1.1470615863377218 388.46045380598952
19.259622743431144 1.6938084462123555 388.43922992344142
19.479446362194743 2.2513941911927597 388.41137828743342
19.811782802392344 2.7506965084015049 388.39557681450316
20.144119242589941 3.2499988256102528 388.37977534157295
20.334968070163747 3.8181773580576746 388.35239139957037
20.525816897737549 4.3863558905050972 388.32500745756789
20.848443951213643 4.8918152492230442 388.30444970842603
21.171071004689733 5.3972746079409912 388.28389195928423
21.356024902097793 5.9677690355178861 388.26577666361237
21.396772755531064 6.5662299889248334 388.25220832960156
21.732411619984575 7.0615250767485893 388.20716025920984
22.071518022598177 7.5544091403048625 388.16163941125291
22.334310383819506 8.0915325073923992 388.11225658617917
22.675253278018694 8.5810813963253363 388.04822668504221
23.012041811533962 9.0753174231106932 388.00022425260329
23.348830345049233 9.569553449896036 387.95222182016414
23.616989322373453 10.106081949037883 387.93712438697088
23.839124620719634 10.661994253103417 387.89690723370012
24.178487148960428 11.152248434729213 387.82994521592559
24.517849677201223 11.642502616355006 387.76298319815106
24.699587560234626 12.213336363636044 387.72951418508484
25.058910004494585 12.692271391541347 387.69067322608021
25.28998220413952 13.245862598263409 387.67873947598804
25.521054403784454 13.799453804985472 387.66680572589593
25.719857616753792 14.36551942447827 387.65995029437761
25.91866082972313 14.931585043971069 387.65309486285935
26.215359318876171 15.452956165894992 387.64117178615516
26.447568944777366 16.006125160591534 387.63207492157204
26.691921955667787 16.55405755992938 387.62422050722978
26.936274966558209 17.101989959267222 387.61636609288746
27.076084035415882 17.685455287009951 387.61171468587236
27.175161159839917 18.277210909562307 387.61471578459384
27.502312032521701 18.780169180755045 387.61701446733849
27.776771507694338 19.313448778093402 387.63389248708609
28.068175697872277 19.837808698643787 387.64530614851151
28.232488465617941 20.414815106587007 387.65336341530758
28.497228627282887 20.95325012716425 387.65275070199681
28.761968788947836 21.491685147741492 387.65213798868615
28.989271397903252 22.046956240932751 387.65488335355224
29.187564791937451 22.613229975319591 387.65859652281591
29.385858185971649 23.179503709706431 387.66230969207953
29.668671840723071 23.708661265691099 387.65935712870657
29.829828807810635 24.286593013613306 387.66418690124004
29.990985774898189 24.86452476153551 387.66901667377351
30.311381661883718 25.371735623870457 387.6781608922854
30.597404965844287 25.899154439438377 387.68264001903174
31.020916434634152 26.324060068932937 387.69229619981326
31.156432660118401 26.908551734615735 387.69449742171173
31.212588748840595 27.505917053632789 387.69341606373246
31.454805324657332 28.054791946663073 387.70163081878718
31.722124650431329 28.591916152607013 387.70779243033189
31.989443976205319 29.129040358550952 387.71395404187672
32.103601265336621 29.718032339164473 387.72147468753769
32.217758554467913 30.307024319777991 387.72899533319867
32.554286086133018 30.803684607144618 387.7378145953158
32.768249060941386 31.364187515467393 387.74532027135893
32.982212035749768 31.924690423790157 387.75282594740236
33.271275985721502 32.450383144682966 387.76227031223277
33.495107228102086 33.007066248414809 387.76414032663081
33.575705961312231 33.601628134811861 387.76405401962472
33.77244865912936 34.168422808073302 387.75804492500964
34.056249558697004 34.6970401405244 387.75348803606187
34.376519587228245 35.204343347941524 387.74508776410818
34.433646908060844 35.801616920351499 387.74422236529301
34.718737982200835 36.329495004605569 387.73598782766425
35.003829056340827 36.857373088859639 387.72775329003559
35.245845124807936 37.405919778417577 387.70484582446744
35.487861193275052 37.954466467975507 387.68193835889929
35.682398896622168 38.521859718734888 387.69677011432907
35.835305267116098 39.102047719604883 387.69800522924214
35.988211637610029 39.682235720474878 387.69924034415533
36.359151051899289 40.153751388771319 387.69046962709774
36.506473899505281 40.735349427320529 387.68416882326216
36.729164695484876 41.292492240438456 387.6850025960224
37.014497772582487 41.82030379293677 387.68501537582671
37.128419464261803 42.409387110076807 387.68337414695333
37.35816170668452 42.963627634454689 387.6773788834966
37.626372255733465 43.500218964208599 387.68890477659824
37.802844042820695 44.073679258850646 387.6899041920783
38.114675049974338 44.586238871236887 387.696542469566
38.310853450816779 45.153241417498442 387.70124859066692
38.524008116489334 45.714096268870847 387.70387997700334
38.729812292240261 46.277654512451939 387.71071717930243
38.921931238275519 46.846026382210667 387.71732991257011
39.114050184310756 47.414398251969402 387.72394264583778
39.366594162186068 47.958604607681579 387.73175172013498
39.848482774778283 48.299135792389436 387.84048017683057
39.914353131346559 48.895496492970935 387.8443545706557
40.171227904146235 49.436637977767084 387.87872380881629
40.207549642734548 50.035510068134244 387.88446407755475
40.243871381322855 50.634382158501403 387.8902043462931
40.705943720142912 51.016397634523337 387.91372730905493
40.929554078119828 51.573105224882433 387.92239140981695
40.989827448675484 52.17006900738437 387.92355896402762
41.289240340474393 52.689797307180129 387.93886956871944
41.588653232273295 53.209525606975888 387.9541801734112
41.842313743334955 53.753266939443606 387.95287307962474
42.09597425439663 54.297008271911317 387.95156598583833
42.089964110429371 54.896969356197943 387.9548179869326
42.083953966462119 55.496930440484562 387.95806998802681
42.077943822494845 56.096891524771181 387.9613219891213
42.65122486852281 56.273457405937009 387.97448754544143
42.803695019572011 56.85376145984111 387.97424658591422
43.169406811835501 57.329128969298878 387.99099818140064
43.326265701911083 57.908261299814512 387.98998213229504
43.48312459198668 58.487393630330146 387.98896608318944
43.689884261320017 59.050438512572704 388.00416146793702
43.98310776079397 59.573902823354864 388.00190432514057
44.194636638250714 60.135320929285854 388.00998172167363
44.406165515707457 60.696739035216844 388.01805911820668
44.638584487336175 61.249212077552997 388.04553563761652
44.843435558204291 61.812985517956477 388.03155183771025
45.007166780061119 62.390034778868049 388.04591280810507
45.170898001917941 62.967084039779628 388.06027377849978
45.094494413124089 63.562159041010219 388.05332867016079
45.580167321309403 63.910641898556392 388.10511210623133
45.970410438059858 64.36269256424211 388.16308197324844
46.144327222077131 64.936304960164335 388.18994777830733
46.402312191493778 65.477565939123537 388.21186371340553
46.660297160910417 66.018826918082723 388.2337796485038
46.80896502187305 66.599475899040243 388.26106752181397
47.203191228338 67.051770152889119 388.26501797388232
47.597417434802949 67.504064406737982 388.26896842595067
47.408026770830489 68.073384865819378 388.26664651479439
47.731177110776294 68.578925723842517 388.26816264873946
48.011347816090279 69.109385837814358 388.25737175587398
48.326876977789219 69.619519367930323 388.24304941077992
48.528693021867809 70.184444761209576 388.23166589722996
48.730509065946386 70.749370154488844 388.22028238368
49.055220483189636 71.253315110877935 388.1957471754705
49.377164899184947 71.758099086048048 388.15644155982989
49.699109315180259 72.262883061218162 388.11713594418927
50.056024183302576 72.742844658366096 388.06971609416388
50.412939051424885 73.22280625551403 388.02229624413837
50.657508877137467 73.770198874923068 387.99890991121868
50.971375301225137 74.281243353170964 387.98098202559981
51.285241725312815 74.792287831418847 387.96305413998095
51.15179154682081 75.377080168081619 387.97751003292927
51.720438418301967 75.56468535636283 387.9394964973838
52.112431920087488 76.018089323846439 387.91182093364881
52.472207849376069 76.497962907911599 387.89500950833747
52.83198377866465 76.977836491976745 387.87819808302606
53.145107759899531 77.489650237040991 387.8779476056385
53.514927139116516 77.96149784740453 387.85358658452299
53.775104114479731 78.50157398138245 387.82857236859854
54.021065969513209 79.048008082536441 387.79836410872628
54.267027824546702 79.594442183690447 387.76815584885395
54.675754950888731 80.03129083795389 387.72227132575074
54.965865855350955 80.556414606465609 387.71328851682722
55.33746772564588 81.02748188749581 387.71605740399076
55.70906959594079 81.498549168526026 387.7188262911543
55.823217188410851 82.087436531689946 387.73231705240556
56.128705258004366 82.603819962934807 387.72729796166982
56.556853360491857 83.024076519170265 387.73587871207212
56.82295938239362 83.561787984423205 387.72853260812821
57.1440127759764 84.068584542928306 387.73758615750791
57.407234883614805 84.607563105581377 387.75229095437226
57.803239323560874 85.055347449202969 387.80395975685872
58.181792043934834 85.518328202770903 387.85240209085646
58.560344764308788 85.981308956338836 387.90084442485414
58.867799340692372 86.495350278258584 387.93596141247809
59.175253917075963 87.009391600178333 387.97107840010199
59.542387521593106 87.483245088222674 387.9970743286766
59.752693594258801 88.043454968595938 388.04107712099835
60.19734023823905 88.442991896728557 388.09264847986594
60.60057427728033 88.883271496077541 388.15228223000418
60.940807893781674 89.375634568440319 388.1949400683917
61.353818549697692 89.808117766669909 388.24373024515842
61.59323545883619 90.356563385654468 388.28716924417091
61.832652367974696 90.905009004639027 388.33060824318346
62.324180636881238 91.232635993022953 388.4357772374176
62.609726671248666 91.757957202786955 388.48578812452348
62.89527270561608 92.28327841255097 388.53579901162936
63.319707419693884 92.70087335033017 388.60975603581818
63.744142133771689 93.118468288109383 388.68371306000699
63.926176248599049 93.687682307531205 388.73718250111756
64.388693697550309 94.059205018310607 388.82689584901374
64.514344884713537 94.645204660283852 388.85546504171657
64.949151617937503 95.053138291808253 388.92279450788419
65.292917782443027 95.538532917922936 389.00164170872324
65.636683946948551 96.023927544037605 389.08048890956235
65.957470015250578 96.527602815733445 389.13886286835771
66.248843446631867 97.048774259495943 389.19787006869461
66.540216878013155 97.569945703258441 389.25687726903152
66.936595355357795 98.014088604972827 389.33185183508346
67.332973832702422 98.458231506687213 389.40682640113539
67.671793952116985 98.952234685210186 389.44091138740635
68.010614071531563 99.44623786373316 389.47499637367753
68.329890570367382 99.954180236465632 389.48255039737666
68.649167069203187 100.4621226091981 389.49010442107567
69.043721428449302 100.91400802249242 389.50134856851844
69.276596588051504 101.46688711651805 389.5110370890269
69.610180719012135 101.96423532638102 389.54800174400106
70.059056220944726 102.35351550321118 389.63149861634872
70.176813181186333 102.94129725067646 389.65691348721805
70.665512113728681 103.27562095009037 389.75387233076606
70.950528967177263 103.80304001615025 389.77825515272735
71.235545820625845 104.33045908221013 389.80263797468859
71.631229680527696 104.77459818806349 389.88121747370047
71.873607893137674 105.32069566649443 389.93626605318576
72.369486671296428 105.63879438502958 390.04992098109506
72.447574429176655 106.23365268817625 390.05669602697742
72.869504719845921 106.65305992330802 390.1346216385237
73.298582200777787 107.05977366558082 390.23697615578413
73.62909235164831 107.55134047792993 390.33250159306914
73.724086965320026 108.14311830426843 390.36034091108229
74.086595600293492 108.61309046779067 390.44816832755288
74.348934328047932 109.14895725621939 390.51161261003193
74.611273055802371 109.6848240446481 390.57505689251099
74.870878503206285 110.224008249815 390.61847813819497
75.252557438488651 110.68167044860536 390.68823845757572
75.399796590855345 111.26313414680638 390.70309105616116
75.716899042013907 111.77074731505884 390.7452206999518
76.034001493172482 112.2783604833113 390.78735034374245
76.059277345425087 112.87777682689151 390.7951720022528
76.084553197677693 113.47719317047169 390.80299366076309
76.347107257676868 114.01642495796393 390.82015305865121
76.609661317676071 114.55565674545615 390.83731245653928
77.175175525629186 114.7292539481444 390.93760050080169
77.394457560696281 115.28697866594116 390.908299847987
77.613739595763349 115.84470338373792 390.87899919517236
77.856585267907647 116.36183690837876 391.06229921484862
78.093095105961254 116.91144228724174 391.01761114005507
78.343975581556919 117.45595454375582 390.99383322023772
78.594856057152583 118.00046680026989 390.97005530042031
78.856749102737098 118.54011488927301 390.95619987874665
79.125956237142546 119.0761754138189 390.96910851185811
79.395163371547994 119.61223593836478 390.98201714496957
79.879227021688479 119.96644471700174 390.99679969377468
80.363290671828977 120.32065349563871 391.01158224257978
80.847354321969448 120.67486227427568 391.02636479138482
80.257664403898531 120.57422153925043 390.98013446606581
80.255682780831933 121.17421824677051 390.97997911140192
80.673777876139894 121.60407455209038 391.00047418535098
81.023414640519647 122.09146712098757 391.0147085373859
81.217536002280809 122.65776855784527 391.05495253719823
81.457783879395521 123.20616257052943 391.09425857228257
81.747180108356943 123.72773798527005 391.15913468037371
82.036576337318351 124.24931340001066 391.22401078846485
81.924462364773348 124.8383384883914 391.20210411326667
82.265882947369008 125.32435675958588 391.28706425595232
82.607303529964653 125.81037503078039 391.37202439863796
82.938347788394182 126.28798922803897 391.52133741728636
83.269392046823711 126.76560342529756 391.67065043593465
83.659504914534637 127.05022961594122 392.02674014660607
83.981637896512467 127.49346227269193 392.27122972493567
84.311803726901189 127.93986762429176 392.49863418071163
84.641969557289912 128.38627297589161 392.72603863648754
84.976158258234591 128.83294187848406 392.94695672904174
85.374352495017789 129.12568315106932 393.28716827663794
85.772546731800986 129.41842442365459 393.62737982423414
86.000773292887857 130.21146516063192 394.07692937177717
