-127.40838289538445 159.1435078392808 45.987391798614205
-0.74966668983407658 64.288914583896656 4.7210206042528542
-127.40838289538445 159.1435078392808 45.987391798614205
-126.94517032320793 159.00779077795374 45.631000170987548
-126.48195775103143 158.87207371662669 45.274608543360905
-126.18053960838995 158.43232093760068 44.999354848334917
-125.70704136364786 158.25714859526229 44.675141858610822
-125.23354311890577 158.08197625292388 44.350928868886726
-124.84237494782715 157.70009214504779 44.103639584673537
-124.42221905706863 157.34756210288077 43.86034635248113
-123.97708656867644 157.03675976575428 43.604887989896369
-123.53195408028428 156.72595742862777 43.349429627311608
-123.06698329725324 156.43746305767698 43.103313457876894
-122.60201251422225 156.14896868672616 42.85719728844218
-122.2200512965322 155.76713679748227 42.595835400368983
-121.77533259091157 155.47012467517573 42.323789315901543
-121.33061388529094 155.17311255286918 42.051743231434095
-120.90061944360998 154.86197767958032 41.771922090797773
-120.47062500192901 154.55084280629151 41.492100950161444
-120.05802693124929 154.18094850137044 41.262011760371216
-119.58970336241885 153.87514509294459 41.044854420469832
-119.1206393270877 153.58036868140445 40.814450865900071
-118.65157529175656 153.28559226986434 40.584047311330323
-118.17026387585076 152.98097862616888 40.395500635429293
-117.67745105614924 152.6838340952423 40.225675276668404
-117.18804756471566 152.38153261272848 40.055093811548161
-116.70663210211993 152.07077359023293 39.877138810743659
-116.20500092833363 151.78511562290635 39.713536576074816
-115.70336975454734 151.49945765557976 39.549934341405972
-115.19700836791999 151.21800452110347 39.393786081004862
-114.67538689818737 150.9823597771379 39.213834429288646
-114.15232878248344 150.72109867631252 39.079101935836775
-113.65649298018916 150.4061584615294 38.956792826300564
-113.16065717789486 150.09121824674628 38.834483716764353
-112.61641356932019 149.87429545577083 38.705087436752031
-112.11076564842622 149.57347836107357 38.587489581186915
-111.6290871395108 149.24395146770911 38.448213450430138
-111.14740863059539 148.91442457434462 38.308937319673369
-110.65334602906701 148.6029011417989 38.171622729239843
-110.16009437886403 148.29207232312524 38.02988968773591
-109.66684272866105 147.98124350445156 37.88815664623197
-109.17807878625054 147.67538062247939 37.722151507663838
-108.68931484384002 147.36951774050723 37.556146369095714
-108.1940483506188 147.06004456773945 37.418532939411719
-107.76587145283948 146.66716957320858 37.269154952812407
-107.29678183872061 146.32145464778625 37.126199979950187
-106.82769222460172 145.97573972236393 36.983245007087966
-106.34570565020231 145.64291617302291 36.853177997040234
-105.86371907580289 145.31009262368187 36.723110986992502
-105.42824065416455 144.91309027297842 36.61020537232551
-104.95713657646789 144.56943174570813 36.468926341284188
-104.48603249877121 144.22577321843781 36.327647310242881
-103.98392884241636 143.91968250176569 36.208481914920867
-103.53530911091723 143.54843483416613 36.063859973945362
-103.08668937941809 143.17718716656657 35.919238032969865
-102.61047716038877 142.83323487308871 35.7970957296573
-102.14938116540119 142.47585511687996 35.656845263495548
-101.70972112872441 142.09587209397927 35.507473397146342
-101.23521141808958 141.75816056581544 35.363280962329206
-100.76070170745474 141.42044903765159 35.219088527512064
-100.3347292913578 141.0227505876754 35.076317929659851
-99.858820947560247 140.6889334542615 34.927733375472073
-99.429557389413105 140.29287324296439 34.790368508514923
-99.031544066437561 139.86274988831343 34.661607899174264
-98.605898054114192 139.46126677212993 34.528804361522603
-98.071600135076224 139.26449473107672 34.339578312651284
-97.562890187928602 139.00232539237606 34.159352267035459
-97.173178687331671 138.56315573693962 34.03584129567539
-96.819869661261777 138.09005815261531 33.929298309965141
-96.466560635191939 137.61696056829098 33.822755324254885
-95.939407581284712 137.40250463029892 33.632707150319369
-95.540566001740885 136.97076463906711 33.51218339997056
-95.125990840187711 136.55346284493191 33.393918240119
-94.673559262463797 136.18835930591757 33.245577169348131
-94.221127684739898 135.8232557669032 33.09723609857727
-93.800967672643452 135.41368493350606 32.971867455506285
-93.345297592977801 135.05817248407476 32.810697741239395
-92.889627513312149 134.70266003464349 32.649528026972504
-92.562192596351579 134.20066079612027 32.621543394097841
-92.037349164841061 133.99580943577499 32.415205582330444
-91.63298694729103 133.57502861930638 32.27579718405385
-91.206941518298791 133.18379987964232 32.116343850141746
-90.679368433450321 132.91015080888374 32.033985934818226
-90.325148007794468 132.44650406440505 31.894130343644697
-89.85695196512502 132.13019256637085 31.692290055693981
-89.388755922455573 131.81388106833663 31.490449767743264
-88.977273574831514 131.39206483653163 31.377519062531473
-88.565791227207455 130.97024860472666 31.264588357319678
-88.086913186515602 130.6523723777762 31.092453159051367
-87.707469732786237 130.19611232645497 31.003856144483859
-87.328026279056957 129.73985227513364 30.915259129916336
-86.78102658430231 129.57590233916255 30.731107691058561
-86.385845255039442 129.1429195405438 30.603210806412029
-85.93780269312353 128.77590815434422 30.446492890678989
-85.489760131207632 128.40889676814464 30.289774974945953
-85.079131627583479 127.99955147404998 30.135435536648608
-84.628158602933269 127.63466887176989 29.98219057721716
-84.177185578283073 127.26978626948979 29.828945617785713
-83.729206979373146 126.91173976428919 29.652543024175692
-83.281228380463219 126.55369325908859 29.476140430565671
-82.816192132045458 126.19814805718866 29.344501161867232
-82.344541142930353 125.86097846123076 29.190027837217581
-81.872890153815234 125.52380886527283 29.035554512567938
-81.437463576181727 125.14183795131301 28.879023632614292
-81.00203699854822 124.75986703735316 28.722492752660649
-80.572376643278787 124.36621110787368 28.579569737385299
-80.118419054167418 124.00359410429913 28.429798525175482
-79.745077752713939 123.55039731451579 28.306392924171707
-79.296510977248516 123.17754017560178 28.165803444090862
-78.863933787376709 122.79393586425235 28.005414207803835
-78.44237499503248 122.38702410479132 27.876143156869773
-78.003294177421665 122.01209472605933 27.712937775310603
-77.564213359810807 121.63716534732741 27.549732393751423
-77.121412253759217 121.2501341658909 27.430845703683303
-76.6822496551559 120.88408467060212 27.248790824630827
-76.243087056552582 120.51803517531334 27.066735945578351
-75.803924457949279 120.15198568002457 26.884681066525879
-75.314220995585941 119.84593296920983 26.721824512613239
-74.894090278492854 119.44937287758721 26.55986688146508
-74.473959561399766 119.05281278596462 26.397909250316921
-74.003858113258815 118.71340780978794 26.243607952194441
-73.533756665117863 118.37400283361123 26.089306654071965
-73.104996726675111 117.99967720416448 25.899450818433849
-72.619764478570701 117.68158013931652 25.746598200743943
-72.25567634167129 117.2084095709935 25.687021008447054
-71.891588204771878 116.73523900267045 25.627443816150162
-71.379006979129358 116.53808598061843 25.385801160531226
-70.881426175240819 116.26163083571683 25.196101670655658
-70.420129149415573 115.92764466612894 25.007267636411825
-69.958832123590327 115.59365849654105 24.818433602167996
-69.510064654717965 115.22972440144031 24.656693893669786
-69.048129478414253 114.88647059660302 24.487009721284757
-68.586194302110556 114.54321679176573 24.317325548899721
-68.148395655351081 114.16518352014847 24.157879036093895
-67.710597008591606 113.78715024853125 23.998432523288066
-67.215258872334999 113.49995180059939 23.819108285452383
-66.737377386152275 113.17763110650874 23.652559027499308
-66.290561976163062 112.80867768172683 23.496901198470727
-65.843746566173849 112.43972425694497 23.341243369442147
-65.360539502042911 112.12446530888901 23.176553573630095
-64.877332437911988 111.80920636083303 23.011863777818043
-64.447739964133262 111.42789066911662 22.838518314296472
-63.978747670576674 111.07676257101416 22.709076098201876
-63.621995428743979 110.60098034329125 22.629332071902908
-63.117178112965789 110.3550231583575 22.417992201386333
-62.612360797187613 110.10906597342372 22.206652330869737
-62.230985719950674 109.67778275589494 22.0376912799126
-61.76137347267926 109.35149603497898 21.856028644881079
-61.305247070767635 109.00443180367377 21.678559986161666
-60.849120668856003 108.65736757236854 21.501091327442253
-60.392994266944314 108.31030334106337 21.323622668722894
-60.014348761996544 107.8801410522523 21.145892573163231
-59.635703257048775 107.44997876344118 20.968162477603574
-59.107227112157105 107.19035793583255 20.852793546984266
-58.629023885855858 106.86061982110975 20.70247904317927
-58.150820659554618 106.53088170638696 20.552164539374278
-57.781860522850046 106.10802353228505 20.339892586167668
-57.354411787730818 105.72777344531983 20.159068223296085
-56.861186822830561 105.41107223583666 20.030890698312017
-56.400184687602277 105.05171611689471 19.89546466280207
-55.939182552373993 104.69235999795276 19.760038627292122
-55.462378124405589 104.36999203904179 19.5905203789019
-55.0429509458422 103.96019910861253 19.463435383514703
-54.575574365169835 103.61080871390462 19.323844968640103
-54.099283608963084 103.29736703315635 19.137025728941129
-53.634957951195148 102.95979535758056 18.962534905723039
-53.228004000161981 102.54074830566053 18.825465397751234
-52.779089286841938 102.17567575119749 18.666727846609035
-52.311854878515952 101.83821319027251 18.499961460157156
-51.852350794163087 101.47574824372961 18.367767818136507
-51.392749356020964 101.12108555214601 18.216173315411719
-50.929207569799146 100.76626806772239 18.077488185806686
-50.495039887884289 100.37503966672919 17.941698781812896
-50.060872205969432 99.983811265735994 17.805909377819106
-49.567328469064236 99.67984396564529 17.650930475263891
-49.202375053509819 99.224980584944277 17.509833666751387
-48.708530838009445 98.917079962084117 17.363836758362368
-48.245958451588947 98.557549842342695 17.234357492377569
-47.78338606516845 98.198019722601273 17.104878226392767
-47.312518594091948 97.841594081929799 16.998837727742703
-46.847756199612192 97.48054593890302 16.88204665319352
-46.504774121522487 97.069403268508012 16.611260762331906
-46.018623946863741 96.733106177553864 16.508487836446459
-45.540979829196061 96.395193000293176 16.375556344725918
-45.095126130998679 96.019583129833023 16.233670105024444
-44.640358218514578 95.65544838626208 16.090170856596554
-44.185590306030463 95.291313642691151 15.946671608168662
-43.781379847675751 94.879651206496931 15.78190527670704
-43.377169389321047 94.467988770302725 15.617138945245411
-43.529473863177074 94.094579032285509 15.172877181419915
-42.997020150643685 93.898712783983939 15.368144835642729
-42.464566438110296 93.702846535682369 15.563412489865547
-41.977336505013405 93.554661413123497 15.246161545427858
-41.531755089759663 93.166740294549911 15.141402736036525
-41.090850302837623 92.777813663959151 15.021656985019874
-40.649945515915576 92.388887033368377 14.901911234003228
-40.165949114293525 92.068905938181501 14.749072816254586
-39.703543203807598 91.715399702422346 14.603422154645816
-39.209683148522245 91.409492642536264 14.453345119409244
-38.815292320567735 90.975644643072911 14.325941084202332
-38.323141222493241 90.661210963369456 14.188395609059693
-37.835892360411435 90.347209684145909 14.033502926708431
-37.401871265882015 89.955117508862344 13.899751606771465
-36.952701912794495 89.581143439077067 13.764140813044801
-36.51268510977723 89.193869696209092 13.636061692390811
-36.072668306759972 88.80659595334113 13.507982571736822
-35.553479335395451 88.596843293980413 13.292467760402292
-35.18031333211907 88.132155435631532 13.2230968133
-34.698708716221695 87.799693162443106 13.090711652301025
-34.238966158546916 87.437052137445519 12.959836644559422
-33.779223600872143 87.074411112447947 12.828961636817819
-33.320316912824595 86.711509659743285 12.695893281112657
-32.846668086527075 86.371140895220961 12.555159868290655
-32.386037397039878 86.011389854540951 12.419518589056793
-31.899664317219077 85.693736209005678 12.26939401177583
-31.486072950924552 85.277522513008677 12.144061091155812
-31.019265464199197 84.924898411539175 12.010843174192752
-30.569407417774975 84.552669752284103 11.872736102337038
-30.086123552856503 84.227160089891029 11.729627173201873
-29.645807991590839 83.840703770586117 11.600113777073862
-29.168554873297076 83.503234719789774 11.464673381203614
-28.687921991422222 83.171205360789031 11.32774808178006
-28.228888920575038 82.809309920157034 11.192395468512434
-27.76985584972785 82.447414479525037 11.057042855244806
-27.325406434883661 82.070186657383687 10.915043250149774
-26.842310894195997 81.745962025605792 10.768424401715494
-26.357988981472865 81.419800937413186 10.630398210703746
-25.902378365343321 81.053441818125606 10.495490975223639
-25.412469453626137 80.7333890062488 10.362993972126064
-24.962895310916327 80.352656171383956 10.249303169232798
-24.51332116820652 79.971923336519097 10.135612366339531
-24.014468772963411 79.6643904362939 10.006888619348979
-23.515616377720299 79.356857536068702 9.878164872358429
-23.082773817447787 78.961000266828734 9.7518939714880215
-22.588463212339185 78.64855145432827 9.6176078395003426
-22.12002054177271 78.295574303478773 9.4912409317644659
-21.632963705495108 77.968443781445657 9.3656970757236735
-21.155855762540675 77.626819135819048 9.2405547077171413
-20.678747819586242 77.285194490192424 9.115412339710609
-20.19001507220192 76.964130566901929 8.9810313187460391
-19.732120466540472 76.591468629942611 8.8740004313916252
-19.234158069902001 76.291411601592955 8.7256790530537636
-18.76028373497239 75.942459944364444 8.6087352391408807
-18.269690956889047 75.621632593347385 8.4807175179775633
-17.807757651610942 75.256773834828408 8.364546489718208
-17.299114980077555 74.963941932539555 8.2399186048076949
-16.790472308544174 74.671110030250688 8.1152907198971835
-16.476376984485078 74.173125449885148 7.9997247858060163
-15.932457332774565 73.950151477230776 7.8795831194207349
-15.430713262691535 73.648102659273306 7.7491246980481936
-14.950184251856015 73.311012944254884 7.6247768240243987
-14.487342687200373 72.950332691746439 7.499527307148858
-14.00405069153469 72.617223404470067 7.3751607133396577
-13.515070834977816 72.295218439822719 7.2439680968397626
-13.026090978420939 71.973213475175399 7.1127754803398648
-12.543599845653862 71.636519862204437 6.9951331504338894
-12.037210786656608 71.336613671957153 6.8784009870031131
-11.541213652461442 71.026475888268791 6.74497910724173
-11.074653057044468 70.669873280600299 6.6218702488756902
-10.596147316035161 70.329953834386743 6.4974233690152277
-10.117641575025853 69.9900343881732 6.3729764891547642
-9.6391358340165674 69.650114941959615 6.2485296092943026
-9.1397588765552857 69.335531469992233 6.1405486224416732
-8.64488732026288 69.017075321129226 6.023553648087745
-8.1500157639704778 68.69861917226622 5.9065586737338167
-7.6317269501377041 68.425533540411152 5.7769402216132235
-7.150431696470223 68.084301749015538 5.6677809648454396
-6.6884458409035528 67.721924314337386 5.5442833369636872
-6.1856656546563098 67.41496959463079 5.4303057761587841
-5.6828854684090659 67.108014874924208 5.31632821535388
-5.2043925917387455 66.760812838077769 5.2138815824885452
-4.6587281420196804 66.53612872936074 5.1054041212220422
-4.2286598167586531 66.121100564203829 5.0525566261664512
-3.7137886397726354 65.827200766233318 4.9601954878997105
-3.2187202430523127 65.488339732195755 4.9512243018152633
-2.7236518463319941 65.149478698158177 4.9422531157308169
-2.1932776921903678 64.879454714585876 4.8661590626497979
-1.6604818007162396 64.610892333338086 4.8028914927042745
-1.2050742452751582 64.449903458617371 4.7619560484785648
-0.74966668983407658 64.288914583896656 4.7210206042528542
