152.99807364120829 -194.74944571273608 105.65336282882568
107.28817370927732 -100.94069931381949 31.889952876551142
152.99807364120829 -194.74944571273608 105.65336282882568
152.46481833869728 -194.59750499881108 105.4241188500697
151.9715836528093 -194.27893015566821 105.30071052801047
151.47834896692129 -193.96035531252534 105.17730220595122
150.9851142810333 -193.64178046938247 105.05389388389199
150.65012706246301 -193.193742070235 104.83699492980529
150.31513984389272 -192.74570367108751 104.62009597571857
149.92267703261666 -192.32654910705764 104.44607760537158
149.53021422134063 -191.90739454302775 104.27205923502459
149.2556196386868 -191.38195102293847 104.17982625625163
148.92726731651993 -190.88320984467583 104.12115778402983
148.58454964830122 -190.40231535265784 104.01492649185334
148.24183198008248 -189.92142086063987 103.90869519967687
147.89911431186388 -189.44052636862179 103.80246390750033
147.48294197358513 -189.05605509296294 103.60502423812041
147.40385478130415 -188.4623748144453 103.56912238696573
147.3247675890232 -187.86869453592766 103.53322053581107
147.26046420535607 -187.27308466832864 103.49984448949559
147.19616082168892 -186.67747480072964 103.4664684431801
146.97487234888291 -186.13061170353282 103.35705105549661
146.7535838760769 -185.583748606336 103.24763366781312
146.49596515350308 -185.07228689793433 103.06863781697214
146.19414397014214 -184.60151399040296 102.85120543021927
145.93312272299829 -184.09958587004573 102.65136531779402
145.67210147585445 -183.59765774968852 102.45152520536874
145.37216880312346 -183.14181335612111 102.20203316004141
145.15672379674973 -182.60220705724396 102.05233849934596
144.9176086772882 -182.10230130472274 101.82229894135411
144.55916218915976 -181.70533595260321 101.55038972053767
144.40966534989428 -181.13105382422552 101.46178536355873
144.17699114115766 -180.65127332122194 101.18669741121184
143.90546571843322 -180.17463345811919 100.94361638415356
143.61607183974127 -179.78750324500515 100.58811479334148
143.41397782273012 -179.27184605238742 100.3573428973275
143.1721104045599 -178.81611484330674 100.05105999362974
142.93024298638971 -178.36038363422603 99.744777089931986
142.63011076591027 -177.98712810775811 99.383389538691986
142.32997854543081 -177.61387258129025 99.022001987451958
142.13206109330451 -177.1980987038618 98.637345302872134
141.89063376574799 -176.76190030723845 98.303513302770085
141.65452667861197 -176.38645400625973 97.899417375439043
141.41841959147595 -176.01100770528097 97.495321448108001
141.15267824248451 -175.64107430433523 97.104769512636025
140.9171985113226 -175.17609013748992 96.807550703010719
140.61115972790176 -174.78098486902584 96.475538519688754
140.32107641367202 -174.40184134568204 96.112080324689742
140.0309930994423 -174.02269782233824 95.748622129690688
139.80219009446597 -173.54234554010134 95.471294039040671
139.57338708948964 -173.0619932578644 95.193965948390669
139.2888281085221 -172.63481562997291 94.883248294274111
139.00426912755455 -172.20763800208141 94.572530640157552
138.78030143738471 -171.71222752981015 94.318745420485584
138.55633374721484 -171.21681705753889 94.064960200813601
138.27192649467491 -170.846033908636 93.688619436090505
138.0317268371353 -170.39889204711835 93.368669002122402
137.79152717959565 -169.9517501856007 93.048718568154328
137.55132752205606 -169.50460832408305 92.728768134186183
137.28321033865114 -169.11678743866943 92.357677664354327
137.0233490866504 -168.65376840168841 92.078239833877191
136.82391537679788 -168.13438698540648 91.853586456881814
136.59239709665755 -167.90391696004784 91.350314310452021
136.39941914842171 -167.43140320634967 91.034893537418981
136.20359334640656 -166.99631180169689 90.671097269073101
136.0183211975895 -166.57657683353781 90.284449124919774
135.83304904877238 -166.15684186537874 89.897800980766476
135.62369514962518 -165.84260069950375 89.431514122082476
135.46842056362991 -165.41457823194713 89.040762832627507
135.3131459776346 -164.98655576439049 88.650011543172553
135.11510977565109 -164.56846371900468 88.26793733010777
134.91707357366761 -164.15037167361888 87.885863117042987
134.82218733656777 -163.58793162751368 87.69969707141108
134.72730109946795 -163.02549158140852 87.513531025779173
134.53889497705705 -162.71079995637086 87.038691774906567
134.35074823690326 -162.40582367373341 86.557453506272253
134.16260149674946 -162.10084739109595 86.076215237637967
134.1131482773157 -161.70577842164386 85.627355695616515
134.06369505788189 -161.31070945219179 85.178496153595063
133.79024489508706 -160.87464079881448 84.870163317184193
133.65269820164082 -160.445046313463 84.474525243589653
133.55339716850517 -160.13108089818519 83.972962662421921
133.4540961353695 -159.81711548290738 83.471400081254217
133.26211263755954 -159.44065907972589 83.045462394412226
133.08064934829375 -159.01572682679449 82.662704435556378
132.94218745641223 -158.63213148793497 82.222610217800849
132.78980695370851 -158.23614879250857 81.798372209934286
132.63742645100476 -157.8401660970822 81.37413420206768
132.49173240340838 -157.51908528202779 80.888664991201566
132.34603835581197 -157.19800446697337 80.403195780335437
132.19205707394116 -156.82198862425818 79.961718883023011
132.04622590660719 -156.39979426563008 79.561112849398185
131.85302643552819 -156.00334139875059 79.154297057278683
131.72148031776132 -155.66848375411632 78.674124195977186
131.57568890066165 -155.35669395164263 78.18266516230959
131.31550459385215 -154.96186776177944 77.81331924546717
131.19271862456577 -154.57866983998483 77.368254128345299
131.03947638778345 -154.24538306042604 76.893452338713786
130.89095227444338 -153.86982685659876 76.449720296233892
130.74759889425781 -153.56468979253975 75.953392601533295
130.60424551407223 -153.25955272848074 75.457064906832684
130.41758122453746 -152.84730329503341 75.063101903957005
130.23091693500268 -152.43505386158606 74.669138901081325
129.97770631783328 -152.03512853132176 74.300432902261576
129.75095880212575 -151.66772794405179 73.883776721947228
129.58215567503422 -151.28521642009568 73.453439135481801
129.41363895052916 -150.88502196984138 73.039378130860811
129.24512222602408 -150.48482751958707 72.625317126239821
128.98018142502866 -150.15728492435079 72.19809093290219
128.78705670928602 -149.73247124495597 71.820948808540081
128.61131073408094 -149.4346961233019 71.330598597850695
128.40373438836968 -148.99106897389689 70.984034010779368
128.22084993848949 -148.61563245528777 70.553220015548618
127.99459807630376 -148.24369433058661 70.140337312773028
127.76834621411801 -147.87175620588545 69.727454609997451
127.51641702996797 -147.42622798017754 69.414347142390781
127.33277435706857 -147.06731354755945 68.969987154600716
127.14913168416918 -146.70839911494136 68.525627166810665
126.96548901126974 -146.34948468232318 68.081267179020671
126.72504226330155 -145.89180328199421 67.776778924428697
126.52029429705991 -145.45225986462617 67.423395485982127
126.31554633081825 -145.01271644725813 67.07001204753557
126.07693364236403 -144.71294150273357 66.608277310328219
125.83832095390979 -144.41316655820899 66.146542573120882
125.65074648450607 -143.9844159466615 65.77105791095002
125.45877102345521 -143.53703307188934 65.420352927074831
125.25079021318376 -143.19175684293916 64.975911358046034
125.05965027164602 -142.82780254640153 64.538872695247505
124.86851033010825 -142.46384824986387 64.101834032448977
124.8156775681684 -141.98574103022841 63.743194679061425
124.55161215321274 -141.63207427263575 63.336759836561171
124.33568071001434 -141.25448049501813 62.923484442976324
124.11974926681592 -140.87688671740054 62.510209049391449
123.96945737009503 -140.49256423267519 62.074653572426044
123.81916547337414 -140.10824174794982 61.639098095460646
123.66329298239721 -139.63709633636697 61.301865582643345
123.5224666412802 -139.2983206068069 60.827103593106855
123.28166319591296 -138.9099075357278 60.438324752486416
123.04085975054575 -138.5214944646487 60.04954591186597
122.95357933620076 -138.12121134872396 59.611190398181748
122.72202833966443 -137.71267252723393 59.237719961147448
122.48053303928953 -137.28563257079065 58.892297183239364
122.32096905397339 -136.9072193559993 58.454869733870552
122.16140506865725 -136.52880614120792 58.017442284501747
121.97824188781394 -136.24358013221863 57.522369185879541
121.70785254793236 -135.84970904777259 57.159388230847888
121.46615927297933 -135.38923378441092 56.860144362615848
121.22446599802632 -134.92875852104925 56.560900494383816
121.15298325579938 -134.495760975585 56.151750957923539
121.08150051357245 -134.06276343012075 55.742601421463249
120.78928762585333 -133.78341202579901 55.299234281099494
120.59851579922592 -133.33063750398671 54.954848824724117
120.42627853235533 -132.87218936872381 54.608208332030429
120.25232732709821 -132.42221222897166 54.25147096099947
120.09515312564697 -132.21745402058264 53.709834231728379
119.93080046443797 -131.71242627862347 53.430665496721829
119.751393917415 -131.24565380382836 53.099098387890265
119.57198737039201 -130.77888132903323 52.767531279058723
119.39699366393577 -130.49358288788795 52.269553365712376
119.26734035579523 -129.94117495505247 52.074526456213562
119.13768704765467 -129.388767022217 51.879499546714761
118.9380320778198 -129.09561531813679 51.39555743094563
118.73837710798496 -128.80246361405653 50.911615315176505
118.57092702577589 -128.35061165526207 50.554137655312601
118.37925148393037 -127.94892697637333 50.151757355839251
118.18578407217396 -127.55783112230013 49.739914675298458
117.99231666041756 -127.16673526822692 49.328071994757671
117.81458303004347 -126.7016850414479 48.993200313054324
117.63684939966939 -126.23663481466888 48.658328631350983
117.49753482164519 -125.73086936588001 48.367136668616197
117.30087192999406 -125.33838110235835 47.958141961993775
117.11969784808768 -124.89191477440268 47.600589490254109
116.89353884709746 -124.49575310396487 47.210835674176522
116.66737984610727 -124.09959143352705 46.821081858098957
116.56358156951447 -123.53390393062125 46.650132839872605
116.4597832929217 -122.96821642771542 46.479183821646259
116.20066436585709 -122.6347279786637 46.052988049745643
116.00704138445356 -122.17525909669389 45.719223930083551
115.81341840305004 -121.71579021472405 45.385459810421466
115.61979542164647 -121.25632133275424 45.051695690759374
115.45523585259541 -120.72990827737604 44.815455466916966
115.22535249336131 -120.35171226922607 44.410336446669
115.04905269212983 -119.85972231354579 44.115609007166917
114.88827528854044 -119.33745290369261 43.867848457388156
114.6637625690677 -118.91534674090838 43.505328904626495
114.43924984959492 -118.49324057812414 43.142809351864827
114.27536516969278 -117.971481132067 42.896012082545454
114.11148048979062 -117.44972168600984 42.649214813226095
113.92317663250837 -116.99467806171322 42.306465696057828
113.74697828871687 -116.49444172032304 42.025898865520581
113.57077994492538 -115.99420537893286 41.745332034983335
113.32095373551294 -115.61153498957253 41.356551585118083
113.15098625913018 -115.17558596988776 40.980972686339193
112.99427611751749 -114.67202785969319 40.694841315858817
112.83756597590477 -114.1684697494986 40.408709945378448
112.61838509139866 -113.72972628026176 40.063074432056787
112.39920420689256 -113.29098281102488 39.717438918735127
112.21102767875709 -112.79736115964468 39.432961749971852
112.02285115062162 -112.30373950826447 39.148484581208585
111.83467462248609 -111.81011785688432 38.864007412445275
111.6374077787937 -111.35707219155056 38.523661386316078
111.44014093510134 -110.90402652621678 38.183315360186889
111.27062275951592 -110.38205172773678 37.940816086171566
111.10110458393051 -109.86007692925678 37.698316812156229
110.89017397608134 -109.44420641180766 37.320745638218149
110.69717049812179 -108.99528597614997 36.972578867913434
110.49210668820449 -108.52699433569038 36.658490069421887
110.37330431036037 -107.99182315988273 36.414609345289691
110.0430709360983 -107.71027001376453 36.000274040935309
109.93481549486111 -107.27148827697424 35.60562058928204
109.75371250268556 -106.77519164863895 35.32120651978461
109.57260951051001 -106.27889502030366 35.036792450287187
109.44399390028821 -105.71668687086216 34.871323354958648
109.20748766199117 -105.37952267494657 34.434991939359023
109.01653657794591 -104.89387352013716 34.138879491233574
108.81079185924048 -104.42136199822146 33.83163045155775
108.63608194369203 -103.96918345119097 33.478061495038013
108.46137202814359 -103.51700490416049 33.12449253851829
108.27096995989719 -103.02332741468786 32.841597524784433
108.04415852681105 -102.60956933143333 32.470975315030408
107.79268329040892 -102.09692307813141 32.286709136766476
107.5412080540068 -101.58427682482947 32.102442958502536
107.28817370927732 -100.94069931381949 31.889952876551142
