153.74118365720105 -89.469395306966263 312.70950709412426
-15.82579660218253 -169.97491167665888 29.822023837155587
153.74118365720105 -89.469395306966263 312.70950709412426
153.3822397285706 -89.904567226614205 312.50509413844566
153.00149089843958 -90.241442889772856 312.18643269439372
152.64833136642602 -90.588807796280577 311.8478828949921
152.29517183441246 -90.936172702788298 311.50933309559053
152.1550143426677 -91.43156278157025 311.20120236464629
151.82066410556666 -91.810641784485966 310.87792380287812
151.58464219089456 -92.217341899763113 310.50524609757753
151.24366335423716 -92.543604937156061 310.13472502748448
150.92267380973547 -92.8377167373894 309.72185221258371
150.60168426523376 -93.131828537622752 309.30897939768295
150.35818538338933 -93.546327979256972 308.94995501491007
149.99799211998453 -93.726441152833743 308.50518534676496
149.70911331778538 -94.118786902705537 308.15502274139783
149.42023451558626 -94.511132652577345 307.80486013603064
149.05123433151869 -94.728757617164973 307.38476700475337
148.68223414745111 -94.946382581752616 306.9646738734761
148.37026168864043 -95.3199692365624 306.61380894748373
148.01658477482175 -95.561197596749167 306.19342636117301
147.66290786100308 -95.80242595693592 305.77304377486223
147.30423723513869 -96.150894229558673 305.44149401220614
146.94556660927429 -96.499362502181427 305.10994424954993
146.58411481863587 -96.705517163781536 304.6776794481321
146.22266302799738 -96.911671825381646 304.24541464671427
145.89558381692672 -97.129620102661988 303.79207400424337
145.53371443383406 -97.425940533977396 303.41624857726271
145.17184505074138 -97.72226096529279 303.04042315028204
144.79248233357799 -97.830130427893138 302.58826376702797
144.41311961641466 -97.937999890493501 302.13610438377384
144.1413455545009 -98.221820849503445 301.68269008922903
143.86957149258717 -98.505641808513388 301.22927579468421
143.48479179314319 -98.662180806248799 300.79633223591031
143.10001209369923 -98.818719803984209 300.36338867713641
142.75879371197405 -99.038868048555926 299.9216820251774
142.4134515552193 -99.272148135423876 299.49003495193489
142.07923162914463 -99.478262073483663 299.03636757868424
141.7185987283878 -99.58572755788245 298.56903998421251
141.35796582763101 -99.693193042281223 298.10171238974084
141.03665187593498 -99.847312293747763 297.61900688866086
140.6885955747394 -100.03668268682235 297.1684564859035
140.32671966372578 -100.17149985793023 296.70925048049577
140.03780674986635 -100.38084967280903 296.22685854107777
139.7107569337883 -100.50335337007589 295.73897406503937
139.38370711771026 -100.62585706734274 295.25108958900097
139.02804998855115 -100.74032359183185 294.78161603143923
138.672392859392 -100.85479011632097 294.31214247387749
138.33392746096843 -101.02693873853821 293.84759320206803
137.99546206254485 -101.19908736075544 293.38304393025862
137.64694337323365 -101.29400110784007 292.90395510361452
137.29842468392249 -101.38891485492471 292.42486627697048
136.95460550349762 -101.60976989490842 291.98553562417493
136.60175172147586 -101.69032851426995 291.50699145969321
136.21732926307484 -101.7969108283106 291.05881785068584
135.83290680467383 -101.90349314235127 290.61064424167853
135.48543335373748 -102.06182734319141 290.14783490540856
135.11798257568398 -102.22500321373714 289.70246588877228
134.76066345346314 -102.25991440848291 289.22173285123824
134.40334433124232 -102.2948256032287 288.74099981370409
134.00716284668218 -102.59643365787693 288.40622703604288
133.69030630994132 -102.70988566807989 287.9095072191385
133.30788044161267 -102.89588117913084 287.48623883489279
132.95324825894122 -103.03202603969336 287.02180305681782
132.60745335741973 -103.1718999183712 286.55184435209435
132.26165845589827 -103.311773797049 286.08188564737083
131.87967483839924 -103.48151765470701 285.65144919590591
131.49642602245217 -103.55849717151389 285.19626297130401
131.11605706908313 -103.71867395103406 284.76075997634814
130.73049543564531 -103.81555147330043 284.31136374527779
130.35950694185891 -103.94472154338818 283.85784127563414
129.98851844807251 -104.07389161347592 283.40431880599056
129.60646062782934 -104.212336898519 282.9628839579774
129.22440280758619 -104.35078218356209 282.52144910996424
128.85025430483725 -104.29591734156634 282.05561357353162
128.47620663693178 -104.41681472719452 281.60232319829436
128.10215896902633 -104.53771211282272 281.14903282305704
127.72292596457225 -104.66040713613324 280.70055956901888
127.36367293969424 -104.93043013874987 280.30303618332454
127.03337247709563 -104.8255935350282 279.81322918977787
126.62726855154403 -104.86927068183658 279.37371592661248
126.26492951805002 -104.83521043708242 278.89669357437526
125.91641851908587 -105.03377100259043 278.45047189692548
125.56790752012171 -105.23233156809843 278.00425021947564
125.29812353869511 -105.25451789915519 277.46878372184966
125.02833955726851 -105.27670423021198 276.93331722422369
124.51319951701355 -105.35660493102914 276.63625390280038
124.16703535175766 -105.42207286475283 276.15057466673335
123.82087118650179 -105.48754079847654 275.66489543066632
123.41705794960562 -105.56638528545943 275.2281822334993
123.07066976599508 -105.61734936022552 274.74092676730299
122.72428158238456 -105.66831343499157 274.25367130110658
122.44536018045012 -105.94071257125961 273.79759941850108
122.0179348321461 -106.05495090324902 273.39231288389686
121.59050948384211 -106.16918923523842 272.98702634929271
121.26811843184498 -106.40012927778757 272.53677008188532
120.99292398231398 -106.38325452794565 272.00386928645986
120.71772953278298 -106.36637977810372 271.47096849103434
120.39199374429506 -106.69642410876909 271.09022325351486
120.05638406959356 -106.8142591291371 270.60702448052217
119.72077439489206 -106.93209414950509 270.12382570752948
119.39390953583299 -107.13799760043415 269.664736246958
119.06335540336313 -107.33214254806754 269.20317183670142
118.70885681963185 -107.47132294942567 268.73953451075545
118.35435823590055 -107.61050335078377 268.27589718480948
118.03261891246355 -107.75465168061858 267.79040252288195
117.71087958902656 -107.89880001045337 267.30490786095442
117.37330858894566 -108.10580144413964 266.85413493989967
117.03573758886475 -108.31280287782594 266.40336201884497
116.74161116742866 -108.46606480319193 265.90336158839887
116.44012367234029 -108.76003118799187 265.47594018636926
116.12683572303031 -108.93596143169552 264.99542045715145
115.84109383733212 -109.04975516934144 264.48024809761512
115.55535195163391 -109.16354890698737 263.96507573807884
115.08286088426534 -109.34508877258449 263.64290269691014
114.74889493945912 -109.46615467468617 263.15936387214219
114.41492899465288 -109.58722057678781 262.67582504737419
114.08241799260118 -109.74643842261621 262.20244770203078
113.69245168877737 -109.80352947038371 261.7500464485546
113.40899380857722 -110.12521254969815 261.33031840965896
113.03484191834255 -110.22033991937724 260.87101334048191
112.66069002810789 -110.31546728905637 260.4117082713048
112.36006052685514 -110.62144869712441 259.99218797275751
112.05943102560236 -110.92743010519243 259.57266767421021
111.67003773887336 -110.91414433725996 259.11638228476534
111.31642663313121 -111.11719747169009 258.67623616074076
110.96281552738905 -111.32025060612023 258.23609003671606
110.61331280288964 -111.42742295959772 257.76031495096908
110.26615217126653 -111.65551168009532 257.32735417741935
109.91899153964346 -111.88360040059285 256.89439340386951
109.570028391639 -111.9153851355322 256.40734674084877
109.19803952545855 -112.08842686058301 255.96953303066002
108.85149546372963 -112.23183047742569 255.50119275270299
108.45528734403403 -112.42495958975505 255.09410520455376
108.11570137509196 -112.54118787479385 254.61330134074379
107.77611540614987 -112.65741615983268 254.13249747693379
107.41269800263515 -112.87481071091952 253.70744759753097
107.04928059912045 -113.09220526200633 253.2823977181281
106.72474546543383 -113.22279166090721 252.79493065316359
106.40021033174719 -113.35337805980808 252.30746358819911
106.02112359210783 -113.61736648630374 251.92457541326294
105.61060639288685 -113.78509212845208 251.52041735246286
105.18617329276432 -113.88814973617767 251.10903471669627
104.8207624256595 -113.79181618145724 250.64299314726645
104.45535155855467 -113.69548262673683 250.1769515778366
104.14658863662403 -113.82629997250976 249.67940531859455
103.7990851659782 -114.16242498302472 249.32407263617506
103.59520677890673 -114.35717899410255 248.79444590114912
103.3913283918353 -114.55193300518036 248.26481916612315
102.91656264443407 -114.50905492296747 247.90045814301516
102.54500021872664 -114.6437711020269 247.44902385665441
102.21607529321902 -114.95274647855221 247.05362202297019
101.8397253076744 -115.12998305066367 246.62124731755051
101.5035880700776 -115.29186735339741 246.15134814748399
101.16745083248081 -115.45375165613113 245.68144897741746
100.82728929171269 -115.58237049524887 245.20422018490143
100.48712775094455 -115.7109893343666 244.72699139238549
100.16494080018219 -115.95965873680404 244.2861296260121
99.844503424107472 -116.07311013557906 243.79171212214482
99.52691657067659 -116.24358504020162 243.31204880540923
99.170299658947727 -116.32117644655098 242.83580942029948
98.897977229717213 -116.59340245462172 242.37566433984347
98.585691718905224 -116.7142016156409 241.87778350828438
98.282256711918961 -116.86285903082558 241.38197288975567
97.978821704932699 -117.01151644601025 240.88616227122694
97.665713035785785 -117.19321866687321 240.40767793058609
97.352604366638886 -117.37492088773618 239.92919358994521
96.992705217686378 -117.45589799748275 239.45599668560166
96.72275654551143 -117.66291867704415 238.96175974584008
96.422026571547804 -117.73672117135898 238.44783886224732
96.105123402157076 -117.8264330694029 237.94631702166663
95.814674314739406 -117.9856664459289 237.44603304289217
95.524225227321722 -118.14489982245489 236.94574906411776
95.216526058878202 -118.34485954069116 236.47105196825342
94.908826890434668 -118.54481925892742 235.99635487238908
94.659132869629616 -118.5218681975509 235.45126208693333
94.354071708696708 -118.63614477918195 234.94739846353804
94.0490105477638 -118.75042136081299 234.44353484014283
93.946653307870719 -119.31991940843166 234.28480560780039
93.580631068803456 -119.32049703884391 233.80938223137545
93.302809134608509 -119.21850687931492 233.2874502623992
93.019364517822709 -119.24924002948588 232.7595159646919
92.735919901036922 -119.27997317965682 232.2315816669846
92.580802320706766 -119.3519138759732 231.6564616164855
92.14760291200551 -119.65199067185779 231.36959546499233
91.846919685454594 -119.78082140084709 230.86661212477219
91.546236458903692 -119.9096521298364 230.36362878455208
91.215290519246466 -120.03756245006309 229.87977577484361
90.936695592562813 -120.26249921927362 229.39833178362215
90.740416226893018 -120.31341666916467 228.83363556094233
90.519761302559886 -120.33596863697797 228.27613864335868
90.14561189111474 -120.5373792988665 227.85252801649375
89.771462479669623 -120.73878996075503 227.42891738962885
89.519390309588431 -120.82473324178268 226.89126194836859
89.267318139507239 -120.91067652281033 226.35360650710831
88.971088454379185 -121.03905711434768 225.8478729830411
88.706297880840069 -121.14968190857499 225.32094973714374
88.395595664288493 -121.29021668223689 224.8272756442224
88.084893447736917 -121.43075145589879 224.33360155130103
87.817237146949054 -121.34189283446605 223.80401279571265
87.505904779746089 -121.49422053392618 223.3142491495434
87.194572412543124 -121.64654823338633 222.82448550337418
86.961054407285246 -121.73415061263958 222.27877938798829
86.727536402027326 -121.82175299189285 221.73307327260241
86.388116150353525 -121.94684228543754 221.25438071845707
86.054115977478432 -122.01373879674381 220.76044879876116
85.720115804603296 -122.08063530805005 220.26651687906534
85.439610369736585 -122.21033112557538 219.75222542869241
85.106155273752421 -122.31275326726488 219.26404779313961
84.8784766923673 -122.37892138617106 218.71288153544702
84.578311906275275 -122.38343491003305 218.19338107414532
84.282860479232369 -122.51022611962404 217.68679204600835
83.986004838395999 -122.50740696597794 217.16538166936022
83.682310324807503 -122.60390788021611 216.65699479308643
83.378615811219078 -122.70040879445426 216.14860791681252
83.115892340373051 -122.80918439286059 215.62026688390105
82.853168869527025 -122.91795999126688 215.09192585098958
82.39820292810586 -122.8437771671327 214.70786478715959
82.062327090617416 -122.87678416055272 214.21178217289375
81.987168817284342 -123.05816764735953 213.6448154501812
81.691987673730509 -123.15869955138382 213.13221284702405
81.369782643709257 -123.18082341851031 212.62655045655748
81.046395730066621 -123.20896869835845 212.12194293847341
80.723008816424013 -123.23711397820655 211.61733542038934
80.552916257843535 -123.51742064821569 211.11484493066445
80.289538649908167 -123.60034938397526 210.58215828692013
80.027679063336436 -123.58040222565126 210.04268477710221
79.706952304713468 -123.58302211127568 209.53560738409152
79.512064586193375 -123.92228517870433 209.08072349973312
79.212024816152223 -123.78631780816256 208.57923669976566
78.91198504611107 -123.6503504376208 208.07774989979822
78.68046198755107 -124.06860210497851 207.71517216177844
78.395815428188698 -123.9702517602567 207.19622751546609
78.094705389926546 -124.20893905184641 206.73540095189651
77.891562357420142 -124.13816100401318 206.17529080532799
77.62949184073365 -124.33002076100345 205.67080207608689
77.367421324047143 -124.52188051799374 205.16631334684581
77.100451279170841 -124.51963886019269 204.6289847973446
76.833481234294538 -124.51739720239166 204.09165624784342
76.535747658181521 -124.28746985017474 203.62422910875381
76.240240879991987 -124.17308018513367 203.11472861947453
75.982712828770289 -124.65658661532939 203.35947508991558
76.012938354249044 -124.7220322879911 202.76382143086579
75.595267549468019 -124.94670513736355 202.39629835732018
75.177596744687037 -125.17137798673608 202.02877528377451
75.206090788066177 -125.23949130101535 201.43333539099791
75.234584831445289 -125.30760461529458 200.83789549822131
74.927006251370486 -125.45051649646275 200.34294942913888
74.619427671295654 -125.59342837763093 199.84800336005648
74.293538807366218 -125.6001051633602 199.34426546303155
74.040901945913703 -125.79465211700949 198.83600755698268
73.788265084461187 -125.98919907065881 198.32774965093378
73.507187864731762 -126.11092831983505 197.81182563865664
73.210311419609766 -126.18396024135316 197.29555951080096
72.931471707572967 -126.31903259275789 196.78174643693336
72.634403262695628 -126.4262017886152 196.27158459739866
72.337334817818274 -126.53337098447253 195.76142275786393
72.533830401051929 -126.89765474591982 195.32704178807415
72.075340352965213 -126.79070292288949 194.95508993184015
71.73215149157673 -126.88795314482536 194.47263392373961
71.394832026655507 -127.01929426246659 193.99413095676655
71.163587539019815 -127.11018415681183 193.44799451406746
70.932343051384109 -127.20107405115709 192.90185807136839
70.626546718134676 -127.32831564427912 192.40155998067547
70.320750384885258 -127.45555723740112 191.90126188998255
70.045162072294389 -127.59289713669337 191.38629700377601
69.785102895232129 -127.73011980809584 190.86328728792085
69.530269988924502 -127.8663609902903 190.33745601257004
69.275437082616875 -128.00260217248479 189.81162473721923
68.982956706319399 -128.04173789405715 189.28920381040075
68.690476330021937 -128.08087361562954 188.76678288358227
68.453934287793558 -128.46498191112852 188.3711711047039
68.183877346887201 -128.48273519447866 187.83567687541793
67.902158070496526 -128.57278119374354 187.31363667837724
67.822419030922546 -128.79820564335137 186.76334084604079
67.742679991348595 -129.02363009295917 186.21304501370437
67.324779868533795 -129.20946877244725 185.82468503564601
66.976380885383577 -129.33355461349205 185.35222249470536
66.640489366844221 -129.26492395770683 184.85981339562227
66.353275625802652 -129.24518629133118 184.3333927544208
66.08271091608654 -129.38766713816088 183.81716223794302
65.812146206370443 -129.53014798499058 183.30093172146522
65.582643657388275 -129.71991589938676 182.78005100702438
65.35314110840612 -129.90968381378309 182.25917029258355
65.068326505579151 -129.81949029089796 181.73883792721878
64.789288998691617 -129.95901012914197 181.22632228405621
64.534388674764571 -130.01681942715322 180.68624459526936
64.253325898969649 -130.15489884869868 180.17444601241851
63.972263123174756 -130.29297827024413 179.6626474295677
63.747176751798861 -130.56153846829989 179.17560375037547
63.494984635360275 -130.53418560389716 178.63186580134561
63.242792518921704 -130.50683273949443 178.08812785231575
63.050149896835237 -130.84266634756028 177.62975616050971
62.857507274748755 -131.17849995562611 177.17138446870368
62.511306284858811 -131.18519888211011 176.68138446974123
62.165105294968875 -131.19189780859415 176.19138447077881
61.933335570634952 -131.33297931043052 175.65624074735325
61.685297741621312 -131.55707107652739 175.15798366938466
61.441675133954995 -131.61481139265098 174.61271852202256
61.198052526288663 -131.67255170877456 174.06745337466046
60.957102554877409 -132.05484396407519 173.67274368031019
60.693706560880102 -132.02812030258411 173.13431225824914
60.430310566882795 -132.00139664109304 172.59588083618809
60.17270744890633 -132.19443501157747 172.08954416841704
59.91510433092985 -132.3874733820619 171.58320750064595
59.695546698604304 -132.52743644611149 171.04264780293491
59.431202749909815 -132.72834360784174 170.54288927208816
59.183177376844853 -132.73492081495448 169.99659250780834
58.935152003779912 -132.74149802206719 169.45029574352856
58.744560845435259 -133.13184479078947 169.03640637363736
58.477236616787692 -133.17743180578248 168.50118718410656
58.226197030228903 -133.29849917396433 167.96984753911298
57.975157443670092 -133.41956654214613 167.43850789411937
57.730708767665405 -133.52654496906769 166.90110631152686
57.486260091660711 -133.63352339598924 166.36370472893435
57.227416787354116 -133.77087002048521 165.84012469822727
56.990360887087355 -133.95151538968739 165.31938315894459
56.753304986820602 -134.1321607588896 164.79864161966188
56.488754677458317 -134.17145027176508 164.26154808218976
56.246589961479017 -134.27998892174028 163.72342578029526
56.004425245499718 -134.38852757171546 163.18530347840078
55.772087806009836 -134.60829247829534 162.67763951469325
55.539750366519954 -134.82805738487522 162.16997555098575
55.285615082139373 -134.9250237366104 161.63517392059936
55.053580203491073 -135.03625397710428 161.09315210490337
54.808307024948249 -135.23365788093571 160.58239505244143
54.563033846405425 -135.43106178476711 160.07163799997949
54.288641335128034 -135.50182848606084 159.54277050831178
54.01424882385065 -135.57259518735458 159.01390301664406
53.774038187070005 -135.69224874714229 158.4772635887154
53.539744195682445 -135.86225514857156 157.95171230760883
53.271755127173698 -135.9883873981741 157.42991491898945
53.003766058664965 -136.11451964777663 156.90811753037005
52.79138911675566 -136.42371845930853 156.43983115485554
52.53818501684642 -136.47645859940911 155.8984383571464
52.253306339723835 -136.59148637028926 155.38306203711684
52.017679265070441 -136.65483000767671 154.83491291024276
51.782052190417062 -136.71817364506416 154.28676378336868
51.523405544755768 -137.08465736649117 153.88827715295662
51.285077892063931 -137.10903659932546 153.33818117681355
51.034722992073974 -137.27992672579194 152.82037910195552
50.764032197336313 -137.47219871322875 152.32062118406787
50.561302299809014 -137.61557062142259 151.77441143993158
50.271185374136572 -137.77344394898284 151.27350408134777
49.981068448464136 -137.9313172765431 150.77259672276392
49.735272882738307 -137.96283067718645 150.22616150661347
49.514842212552928 -138.018398492941 149.67089351951725
49.294411542367541 -138.0739663086955 149.11562553242101
49.060975870555659 -138.52811214373364 148.80057101706973
48.84267615704367 -138.70021412199006 148.26885103045947
48.624376443531673 -138.87231610024648 147.73713104384922
48.32682748851154 -138.83290305336604 147.21760122651239
48.116495709588911 -139.25435413227038 146.8459299593076
47.846003010384969 -139.19674971917027 146.3134682881342
47.575510311181041 -139.13914530607016 145.78100661696081
47.254232913931226 -139.32791413565641 145.31074375111552
47.032381378237659 -139.56575831425118 144.80654930170243
46.810529842544092 -139.80360249284598 144.30235485228931
46.496476060676414 -139.85802964714296 143.79401647387417
46.18242227880873 -139.91245680143996 143.28567809545902
45.91139534436693 -140.06112107034789 142.77143755256384
45.707069502979294 -140.20171282043594 142.22509982702366
45.387330129231913 -140.36391455157337 141.74399970096707
45.067590755484517 -140.52611628271075 141.26289957491048
44.853357684130501 -140.65445623044852 140.71734201703697
44.579896539615518 -140.79784734568932 140.20289280621967
44.315624597977745 -140.92814113533308 139.68022286328889
44.051352656339972 -141.05843492497689 139.15755292035811
43.781531699138498 -141.23486444863653 138.65152004174635
43.489905055058514 -141.45607249114329 138.17610348503743
43.220937181276192 -141.53569583345617 137.64571079444681
42.951969307493876 -141.61531917576903 137.1153181038562
42.669504673647438 -141.80143841837648 136.61976451628243
42.387040039800993 -141.9875576609839 136.12421092870866
42.101084922964262 -142.08643625006414 135.60608671987799
41.81512980612753 -142.18531483914438 135.08796251104735
41.575531835962067 -142.49209710963174 134.63136920053216
41.282177944590089 -142.55295229241034 134.11152293369369
40.993752088739441 -142.64230754398747 133.593038445312
40.700651213428912 -142.74218336318501 133.07911559348321
40.452303111718415 -143.02821800487584 132.61381203221424
40.162884110316142 -143.16833963502992 132.10725248942555
39.873465108913877 -143.30846126518401 131.60069294663688
39.621020972744397 -143.50575631227838 131.09339951822915
39.341067621709705 -143.58421037912478 130.56854612856714
39.015514214625696 -143.75170563275736 130.09319329209032
38.689960807541681 -143.91920088638992 129.6178404556135
38.439382334310487 -144.05901886045359 129.09090463135988
38.160121513673595 -144.18994667033709 128.57624814140146
37.871597062778463 -144.41551508197742 128.10098765187416
37.582368590445348 -144.57058271811647 127.59869200286445
37.310622724429834 -144.76301413325547 127.09956843622884
37.038876858414334 -144.95544554839449 126.6004448695932
36.755510846217753 -145.11573138639025 126.09644868580824
36.470779291071537 -145.2673030418151 125.590529744894
36.186047735925321 -145.41887469723991 125.08461080397974
35.873739235903159 -145.57048946267312 124.59524758129484
35.640127068191809 -145.82900904094626 124.10678777460991
35.345977647753408 -145.95424667559192 123.5990559031225
35.05807853329619 -146.17110676441848 123.11938330460464
34.77543464939405 -146.3151790903145 122.61011363163793
34.462605965877557 -146.45555222123491 122.11773816628154
34.149777282361086 -146.59592535215532 121.62536270092512
33.931676147242975 -146.78592389231767 121.09968937118852
33.684968571944154 -147.03451667482332 120.61251691632651
33.43826099664534 -147.28310945732895 120.12534446146449
33.17431914365681 -147.24768730349928 119.58768288643884
32.910377290668286 -147.21226514966963 119.0500213114132
32.670396141748164 -147.47092997349162 118.56473628477411
32.430414992828041 -147.72959479731361 118.07945125813501
32.190433843907925 -147.9882596211356 117.59416623149589
31.889052625473209 -148.04854994421402 117.07886589371421
31.60539831884811 -148.40400438920636 116.68746792250303
31.310477318472294 -148.46662869412754 116.16871962132946
31.011291607182976 -148.6441470367775 115.67986877681437
30.712105895893661 -148.82166537942746 115.19101793229929
30.432993300539515 -148.96956346439353 114.68089802916079
30.148275559883036 -149.15833243989636 114.1876414204437
29.86355781922656 -149.34710141539915 113.69438481172661
29.601069655791878 -149.42293214083287 113.16020350810686
29.300387994894344 -149.53838716452861 112.65398154463301
28.999706333996805 -149.65384218822436 112.14775958115918
28.725859073597196 -149.90424464946364 111.67626590635862
28.452011813197593 -150.15464711070291 111.20477223155805
28.185336164854839 -150.37984620474387 110.71674613940304
27.911865387094821 -150.50243459987877 110.19695212338362
27.638394609334807 -150.62502299501364 109.67715810736422
27.35752567096937 -150.83240378995862 109.18919720180983
27.076656732603929 -151.0397845849036 108.70123629625543
26.850550561703056 -151.06318175571568 108.14596287542697
26.537687474522375 -151.22963508594111 107.66180383385422
26.279437853072118 -151.38343327407216 107.14252235878659
26.03641199562265 -151.5818380775068 106.63107933499506
25.734726065137544 -151.69904568732517 106.12585861536056
25.433040134652437 -151.81625329714353 105.62063789572605
25.240407573583539 -151.91249568518884 105.06061102212144
25.047775012514645 -152.0087380732341 104.50058414851681
24.697442700996156 -152.09182552698007 104.02062191402733
24.388454010744123 -152.22441035980884 103.52368403923803
24.163982874348289 -152.34660519118646 102.98083863573004
23.939511737952458 -152.46880002256404 102.43799323222204
23.70580745453082 -152.62287685814357 101.90729309405721
23.395401824159237 -152.74524105383304 101.40861950517679
23.136117077045974 -152.89391072070461 100.88836115582839
22.876832329932704 -153.04258038757615 100.36810280648
22.584583752688395 -153.08307006104977 99.845655339799691
22.319500651219045 -153.10685760147027 99.307914600933714
22.068482356299839 -153.22407956413986 98.775703339230489
21.817464061380626 -153.34130152680945 98.24349207752725
21.535764141360545 -153.4512527959086 97.72526830975491
21.279634118621477 -153.61878718286445 97.209196957479847
21.017204918193357 -153.6764754370746 96.67272423674855
20.692514227568548 -153.86095712800636 96.203104751279142
20.367823536943742 -154.04543881893812 95.733485265809747
20.161487939417693 -154.1463440686193 95.179189539883282
19.901500902819912 -154.36360082087856 94.684006498575457
19.477980009312024 -154.33876946213485 94.259726571657836
19.054459115804132 -154.31393810339102 93.83544664474023
18.557003260723949 -154.52366753734867 93.573623733637618
18.523629469655244 -154.59166742951047 92.978424435304959
18.490255678586543 -154.65966732167229 92.3832251369723
18.480819536309831 -154.85410430374924 91.815681993925253
18.17168825796255 -154.82265969560473 91.302409074937685
17.908211802768758 -154.96513021461655 90.782522251897319
17.620399689781312 -155.11001815037579 90.276388204742688
17.332587576793873 -155.25490608613507 89.77025415758807
17.205216754113778 -155.24928896538506 89.183956348037086
16.926083362526022 -155.37468582612016 88.667855411186082
16.678651511932397 -155.56244915248629 88.154511070042886
16.431219661338773 -155.7502124788524 87.641166728899677
16.177090739329628 -155.76372475544954 87.097810575553055
15.936886344069993 -155.91329904154404 86.568727045817653
15.626447974529404 -155.93808239250401 86.055878331056491
15.375108026630343 -156.11447464163416 85.54040378751732
15.123798781593109 -156.25114828200154 85.012991255065202
14.85468743950139 -156.35823221020789 84.487527538070879
14.585576097409668 -156.46531613841424 83.962063821076555
14.342882659578759 -156.59683551334041 83.429332604370742
14.091990530273639 -156.62147920197896 82.884864214045805
13.837881847497792 -156.79822315431392 82.37086970760538
13.583773164721947 -156.9749671066489 81.856875201164968
13.342485954876617 -157.02625524032891 81.309929125478632
13.101198745031287 -157.07754337400891 80.762983049792297
12.826257253951576 -157.24009166166144 80.255060584583191
12.555675941348714 -157.40336736123243 79.74503431153471
12.285094628745849 -157.56664306080341 79.235008038486242
12.054086451677426 -157.65755457054834 78.688775194798296
11.70141941062036 -157.80261139151159 78.225542556867737
11.493845260665255 -157.89914481345338 77.670930737016562
11.286271110710146 -157.99567823539513 77.116318917165387
11.026602272014262 -158.1625431481568 76.601801478102942
10.772364004358183 -158.24962831866611 76.065351036462147
10.518125736702101 -158.33671348917545 75.528900594821366
10.264325471474617 -158.53626218366381 75.023167716813177
10.032146836537427 -158.67279752028398 74.487022975784498
9.8028963155706101 -158.61847231827136 73.935214158291757
9.5325027648703973 -158.82059801184332 73.439197493513461
9.2621092141701844 -159.02272370541525 72.943180828735166
9.0370117958353529 -158.97969611243289 72.388672236825954
8.7381198303042211 -159.10566737986912 71.883900176662706
8.4565636577481609 -159.17284438184623 71.35834012100689
8.1750074851921006 -159.24002138382338 70.832780065351074
8.038690363655034 -159.51503370712459 70.317235824370414
7.7880339714189306 -159.66911201011573 69.79432928436681
7.4992088718655818 -159.59912712379608 69.273097879370113
7.2806364721263694 -159.66726892668953 68.7184964001342
7.0620640723871571 -159.73541072958301 68.163894920898287
6.8009030951676621 -159.95514702526029 67.670426680441238
6.5397421179481707 -160.1748833209376 67.17695843998419
6.2690893691044227 -160.19949976271107 66.642036837936047
6.0187177413270936 -160.39105523532095 66.131526750947231
5.7603846040332876 -160.5249905371877 65.606812233242792
5.4910494566954906 -160.55915423463514 65.071750161904106
5.2551717182751032 -160.80453199635059 64.577633326962001
5.0160185637860177 -160.92909566618044 64.04163924037482
4.7537440977876617 -161.02309593182048 63.510248560606271
4.4957110174669834 -161.12198148993622 62.977669387284251
4.2376779371463078 -161.2208670480519 62.445090213962224
3.977772459421355 -161.30211461541467 61.910442689469505
3.7178669816964041 -161.38336218277743 61.375795164976786
3.4431659940235244 -161.58438157046902 60.881699452443641
3.1748020418489062 -161.72934497146713 60.365011537407597
2.9678307907341575 -161.53983629852479 59.834682051058181
2.6802125431731945 -161.30896203164275 59.361424387029764
2.5155919426893769 -161.14108544675369 58.809412149717652
2.2544715625172556 -161.6014574793536 59.092031573428379
1.7877887556765608 -161.85733414744087 58.815022027513727
1.3211059488358663 -162.11321081552813 58.538012481599068
-1.4789908922083008 -163.6484708240518 56.875955206111108
-1.9456736990489962 -163.90434749213904 56.598945660196442
-2.4423157416767207 -163.97021665887968 56.268782163777686
-2.4264399529538698 -164.35727912323779 55.81060031339787
-2.7289767163315646 -164.36564061802397 55.29252542285608
-3.0315134797092567 -164.37400211281022 54.77445053231429
-3.311560371757456 -164.47209434684663 54.252960693606113
-3.591607263805654 -164.57018658088307 53.731470854897928
-3.8716541558538493 -164.66827881491949 53.209981016189751
-4.1278248197605336 -164.87868733682009 52.70987618231468
-4.4371269013030412 -164.96972606957101 52.203868107781695
-4.6638603758189614 -165.0413134254099 51.652989553091153
-4.9419173469786566 -165.19826422362925 51.14500257714807
-5.2199743181383527 -165.35521502184861 50.637015601204986
-5.5476148785499104 -165.37613826402372 50.134806599782188
-5.8008363178136957 -165.65398928498411 49.667176711036362
-6.0459220583621569 -165.78846100519462 49.136280924423346
-6.1686679786681173 -165.89440101236875 48.558604411201472
-6.2914138989740787 -166.00034101954287 47.980927897979591
-6.5526521953422021 -166.10196805210128 47.450431433557767
-6.8138904917103202 -166.20359508465967 46.919934969135944
-7.2793578446976541 -166.1880872091931 46.541649826549722
-7.5836819139774505 -166.28909560985551 46.034516546383045
-7.8583959075192649 -166.32600322644933 45.502379299434793
-8.1485685406511355 -166.45346271406899 44.992914951322931
-8.4387411737829989 -166.58092220168868 44.483450603211068
-8.8099026402871843 -166.85132888558343 44.097290803273879
-8.944813655642422 -166.8627142665315 43.512765875630507
-9.0797246709976598 -166.87409964747957 42.928240947987135
-9.4852053630789896 -166.94484753838694 42.491686089714548
-9.6035128275984665 -167.18228283828904 41.953515278355006
-9.9258662430457516 -167.28897634773236 41.458838848158322
-10.216451487384914 -167.3803192131241 40.941908778695947
-10.507036731724076 -167.47166207851586 40.424978709233578
-10.769096143606227 -167.56425806304415 39.893235492734092
-10.999371072116633 -167.70537860198039 39.357457132971511
-11.229646000627039 -167.84649914091659 38.82167877320893
-11.459920929137443 -167.9876196798528 38.285900413446356
-11.778147162188008 -168.09754765823305 37.789263821794393
-12.044953110097001 -168.20263274555617 37.262223300977759
-12.311759058005995 -168.30771783287929 36.735182780161111
-12.561150796810983 -168.44265958350147 36.206415832863115
-12.860885872823852 -168.56443657433005 35.701114686305637
-13.125884409032187 -168.73612244883492 35.190918903979941
-13.377189221886377 -168.8637967054668 34.661253750104564
-13.628494034740569 -168.99147096209865 34.131588596229193
-13.944512888869411 -168.99733005134829 33.621590797304279
-14.201637072566978 -169.15961685311296 33.104338297908818
-14.458761256264546 -169.32190365487764 32.587085798513357
-14.727231144623918 -169.42299804507476 32.060109666876471
-14.995701032983288 -169.52409243527191 31.533133535239578
-15.286353673084061 -169.75288721353868 31.060720588507269
-15.556075137633297 -169.86389944509878 30.441372212831425
-15.82579660218253 -169.97491167665888 29.822023837155587
