-50.857579915643512 -43.684938809741105 373.52201974064349
-81.658939551450686 -83.426221069056822 282.27903226682037
-50.857579915643512 -43.684938809741105 373.52201974064349
-51.376333321560537 -43.895642259257627 373.30638356508075
-51.635890658707538 -44.223844613386809 372.87636821247435
-51.981686293525271 -44.510455739286677 372.47852472383664
-52.327481928343012 -44.797066865186544 372.08068123519899
-52.758874578437123 -44.433056659864334 371.87721882622361
-52.814061161044854 -44.223195800535152 371.31783267979011
-52.869247743652593 -44.013334941205983 370.75844653335668
-52.815728395709172 -43.707684084924189 370.24491636535294
-53.027591659561686 -43.394658790356544 369.77894520488201
-53.239454923414215 -43.081633495788886 369.31297404441113
-53.182204744012076 -43.626044916579509 369.06733483363416
-53.495324812277978 -43.436228326197131 368.59201863901757
-53.808444880543888 -43.246411735814753 368.11670244440103
-54.121564948809805 -43.056595145432347 367.64138624978449
-54.295131016751121 -43.115283599156207 367.07004529601096
-54.596733765656815 -43.012263989824184 366.56169232617049
-54.830180211629475 -42.968691238076111 366.01068944762284
-55.116771901895177 -42.916557449389629 365.48614462480225
-55.403363592160872 -42.864423660703139 364.96159980198172
-55.623808967673234 -42.934924979709542 364.40803553251197
-55.844254343185597 -43.005426298715932 363.85447126304223
-56.222706849389475 -42.888980101950878 363.40367864574807
-56.456587557770625 -42.831839861304914 362.85410171105548
-56.707853214521933 -42.850604059871351 362.30957120264532
-56.959118871273233 -42.869368258437781 361.7650406942351
-57.246938597481652 -42.777494670257404 361.24665951305644
-57.526152760107593 -42.662650189504475 360.72815185001787
-57.774939956544131 -42.632478488528882 360.18299627648906
-58.023727152980669 -42.602306787553289 359.63784070296026
-58.316049199103723 -42.739638509451758 359.13218487187476
-58.60837124522677 -42.876970231350214 358.62652904078914
-58.904393018762789 -42.778308876879876 358.11404777603241
-59.217959198048433 -42.789640905933211 357.60263029849983
-59.374249981142839 -42.656720710285988 357.03879928418007
-59.530540764237244 -42.523800514638758 356.47496826986037
-59.879922690283877 -42.536472596062637 355.98734988617866
-60.229304616330502 -42.549144677486524 355.49973150249696
-60.556493175314721 -42.561524262734117 354.99694487505059
-60.810781759135338 -42.54243743375671 354.45383069819815
-61.001899207310849 -42.606742780836974 353.88872987238051
-61.413164673335679 -42.58377012751162 353.45245819824316
-61.612109888178374 -42.586414833039392 352.88640713427117
-61.905132364292719 -42.570609090856543 352.36306402788125
-62.150426213693343 -42.531299835194844 351.81690863802817
-62.442868301215483 -42.602542601258619 351.29786905020347
-62.735310388737616 -42.673785367322402 350.77882946237872
-62.974645749396871 -42.694838146676915 350.22903371337776
-63.26922176870454 -42.669874285055108 349.70692091477792
-63.563797788012195 -42.644910423433302 349.18480811617803
-63.763030309792406 -42.519075160924231 348.63301840172664
-64.020977136846426 -42.440948056850878 348.09695908595842
-64.329271625518885 -42.422095862701269 347.58256711184731
-64.601786483262785 -42.425194994507642 347.04803362581407
-64.861644001521512 -42.449137929445079 346.50775517346653
-65.121501519780224 -42.47308086438251 345.96747672111906
-65.381359038038966 -42.497023799319962 345.42719826877158
-65.639481043416737 -42.508878409904682 344.88568880574473
-65.897603048794508 -42.520733020489395 344.34417934271784
-66.141144710205907 -42.49487453496765 343.79643962544009
-66.41199004055072 -42.357850569526207 343.27888070133088
-66.677033894032363 -42.432794833639051 342.74583744510471
-66.927239580217787 -42.590136593770765 342.22368738514194
-67.172593212582782 -42.505121305505035 341.68278628896405
-67.445983684972987 -42.515416079203142 341.14879034587011
-67.719374157363205 -42.525710852901241 340.61479440277623
-68.032180630594311 -42.343077764605724 340.1364668315822
-68.28336737496717 -42.393045830514041 339.59387268137345
-68.47792446349149 -42.492267922971607 339.03503235026517
-68.768207689502773 -42.488782013179346 338.50993855185442
-69.058490915514028 -42.485296103387086 337.98484475344367
-69.295122769428104 -42.446529483824996 337.43484246715667
-69.531754623342167 -42.407762864262914 336.88484018086967
-69.849636858913158 -42.402086050423875 336.37599967728033
-70.167519094484149 -42.39640923658483 335.86715917369099
-70.34688921586573 -42.428437692837676 335.29549446641443
-70.611117457600955 -42.413232247493887 334.75702234020793
-70.866131146084371 -42.368501384624565 334.21575792368577
-71.111304529084975 -42.425609228214242 333.67112161708417
-71.380647488904756 -42.338501971388396 333.14209733049256
-71.630860103476337 -42.361504987532761 332.5972445900594
-71.944203525483331 -42.241550181959639 332.09982450149761
-72.064935422795671 -42.32157963244903 331.51757103776742
-72.18566732010801 -42.401609082938421 330.9353175740373
-72.542173769207039 -42.437339553278299 330.45404168097792
-72.952689451805256 -42.304813733358749 330.03701196813296
-73.071460448470901 -42.355003652246474 329.45103037934956
-73.392670064202733 -42.294564171672917 328.94786892221134
-73.611707770391192 -42.297178572926136 328.38928531327372
-73.89284408195536 -42.211927579336034 327.86612697929445
-74.143689545429282 -42.194063768702001 327.32137250457743
-74.352790931254191 -42.170121490420158 326.75949762726333
-74.655560811714579 -42.206887838424862 326.24279787388576
-74.971463715563317 -42.24369969115893 325.73402460135839
-75.287366619412083 -42.280511543892992 325.22525132883101
-75.394158617969651 -42.194058398513008 324.64119540454124
-75.650430575036538 -42.251734639890579 324.10175297461785
-75.906702532103424 -42.309410881268143 323.56231054469447
-76.14081231407485 -42.292025415822799 323.01014177015492
-76.415114730700395 -42.149969690123278 322.49576996393944
-76.646154009383707 -42.247753687457369 321.95073864229738
-76.881491742519557 -42.246782783541612 321.39881907505224
-77.116829475655436 -42.245811879625862 320.84689950780711
-77.396603482345569 -42.010576336767357 320.37109414365426
-77.651899816001688 -42.132026324023037 319.84187426249207
-77.902140792683298 -42.079366120856243 319.29909773703071
-78.152381769364908 -42.026705917689448 318.75632121156934
-78.359623392264126 -42.160322281235963 318.20933165304865
-78.649863358957091 -42.156690332252523 317.6842149320421
-78.937306243497829 -42.013469630032183 317.17739699768856
-79.172556584474847 -42.149895823523607 316.64256508876798
-79.419675882993118 -42.066463846364364 316.10222153371512
-79.690030258715879 -42.055913486802602 315.56668703301455
-79.960615139968667 -42.042258873472022 315.03133913344618
-80.23120002122144 -42.028604260141449 314.49599123387787
-80.494954378189632 -42.00044778928121 313.9578083167122
-80.758708735157811 -41.972291318420972 313.41962539954648
-81.010420256666194 -41.96773491998033 312.87499658175113
-81.256830865146725 -42.079832510678074 312.33953795385531
-81.54933961467917 -42.08441029606621 311.81568904879975
-81.841848364211629 -42.088988081454346 311.29184014374425
-82.05545630206197 -42.080449016667252 310.73121662188674
-82.269064239912325 -42.071909951880158 310.17059310002924
-82.518988046641653 -42.02245419932639 309.62736918729229
-82.768911853370966 -41.972998446772614 309.08414527455528
-83.074339863891311 -42.002201897578658 308.56852827633804
-83.379767874411627 -42.031405348384702 308.05291127812069
-83.642968658109339 -41.935802516341923 307.52226502498559
-83.865965556366007 -41.896903753712216 306.9666039145651
-84.088962454622731 -41.858004991082488 306.41094280414461
-84.271146862831927 -41.853196099269027 305.83929106054103
-84.497440180814635 -41.770901330585232 305.28972859340587
-84.668390663153531 -41.898956121882762 304.72903446733193
-84.839341145492426 -42.027010913180284 304.16834034125793
-85.132078827840104 -41.990933333332478 303.64584339622763
-85.385487283272354 -41.983437089740512 303.10203464211691
-85.638895738704591 -41.975940846148539 302.55822588800618
-85.872524183357527 -42.059905874359679 302.01199551180349
-86.124645835110954 -42.025285321979858 301.46863919218436
-86.376767486864381 -41.990664769600031 300.92528287256522
-86.832348243036989 -41.907518491443327 300.54379516498625
-87.040682658411924 -42.083914761426271 300.00949082539461
-87.025688006720955 -42.073117633090632 299.4097754075168
-87.189867608837773 -41.995039258752769 298.83798101640269
-87.354047210954604 -41.916960884414877 298.26618662528864
-87.586661858048345 -42.024439789496896 297.72365670821512
-87.85608941477895 -41.961921663606439 297.19120926892242
-88.125516971509569 -41.899403537715976 296.65876182962973
-88.312894968773435 -41.929640479635836 296.08957362395017
-88.529000912166154 -41.901304543543155 295.53056083701586
-88.745106855558873 -41.872968607450474 294.97154805008154
-88.963115475930195 -41.984277771326383 294.42375017542241
-89.195773925516747 -41.994712083601804 293.87079342217373
-89.429244393204968 -41.950374637206934 293.31986172807308
-89.662714860893189 -41.906037190812086 292.76893003397242
-89.898274997929434 -41.999626197312537 292.22509870009975
-90.101796433526232 -42.067627712601471 291.66478198682859
-90.323098531726018 -41.88184464902421 291.13893977226206
-90.544400629925804 -41.696061585446948 290.6130975576956
-90.773059150775126 -41.725772237726893 290.05917287149344
-90.906930695927798 -41.975654543853544 289.53036549400781
-91.04080224108047 -42.225536849980188 289.00155811652218
-91.034531303830548 -41.776413349896522 288.60375319320093
-91.236254858084095 -41.266636544826198 288.35995980389021
-91.546457479910785 -41.600435250480004 287.96963589030599
-91.7741967899765 -41.908639131760168 287.50795940810815
-92.001936100042201 -42.216843013040325 287.04628292591019
-92.157443375448537 -42.465533176115621 286.52286083038376
-92.369729462500985 -42.529644217117074 285.96534456006896
-92.582015549553418 -42.593755258118534 285.40782828975421
-92.801728851634309 -42.558550656521021 284.85061495456284
-93.021442153715199 -42.523346054923501 284.29340161937148
-93.215836378030801 -42.208698241846193 283.8209530620889
-93.465476001936437 -42.047598954730518 283.29967858749126
-93.819988262130977 -42.089804824250862 282.81745486145758
-93.94833823414524 -42.203717414137699 282.24251990291947
-94.076688206159503 -42.317630004024537 281.66758494438136
-94.349450550695821 -42.335386077573482 281.13346377343305
-94.452494767258145 -41.939886194065181 280.69418967724937
-94.691497100907412 -42.04312422460135 280.15361609894461
-94.925019266959936 -42.089139125939383 279.60284388939061
-95.1284838149612 -42.175179170136047 279.04499149986339
-95.36948266030889 -42.105879904095758 278.49990694837862
-95.618837869049983 -42.13169606231736 277.95478723139126
-95.819511457146589 -42.168651334580588 277.39054932155852
-96.000671311636509 -42.157750851982044 276.81865572428694
-96.228277951038564 -42.147256400300712 276.26360159703086
-96.436414542939985 -42.143707416447555 275.70087025453671
-96.644551134841379 -42.140158432594397 275.13813891204256
-96.853033731941053 -42.080147680497085 274.57873412448771
-97.074452401516638 -42.13535289223195 274.02382317905528
-97.470537719245712 -42.126452850276785 273.57322667403929
-97.414696483578908 -42.175338111022413 272.97783437674195
-97.697654497860185 -42.156903787661875 272.44906700078513
-97.906641962276098 -42.254107069823689 271.89510331817229
-98.115629426692038 -42.351310351985504 271.34113963555944
-98.360705658164107 -42.205177868630543 270.81333006945067
-98.586175886441978 -42.276683042425859 270.26192261005167
-98.793437876573492 -42.29243413097354 269.69907771964552
-99.000699866704991 -42.308185219521206 269.13623282923942
-99.231075134808222 -42.284002949116726 268.58275071241496
-99.461450402911467 -42.259820678712231 268.02926859559051
-99.611669977673444 -42.277605995772952 267.44865016507407
-99.761889552435434 -42.295391312833672 266.86803173455758
-99.894636516607505 -42.38252656206118 266.28942505308464
-100.17017177649848 -42.309130849860466 265.76151086499402
-100.44570703638946 -42.235735137659759 265.2335966769034
-100.6047564165542 -42.433538358192429 264.68992657416084
-100.87289275548282 -42.327777706708346 264.16369697755533
-101.14102909441144 -42.222017055224271 263.63746738094977
-101.22300536996485 -42.313085552499118 263.05011193571198
-101.4758149751826 -42.143494080662336 262.53307611858725
-101.72862458040034 -41.973902608825568 262.01604030146245
-101.87719443705984 -42.070288975554121 261.4427718948665
-102.02576429371938 -42.166675342282673 260.8695034882706
-102.22013184120848 -42.081022729609494 260.30835744094838
-102.46134686501031 -41.849985295521563 259.80992287519041
-102.65249848258559 -41.672883919022702 259.26946366161309
-102.84365010016083 -41.495782542523827 258.72900444803582
-103.11133196530935 -41.264235727887012 258.24451245460125
-103.37901383045786 -41.03268891325019 257.76002046116679
-103.67478069328922 -41.324596668830864 257.32722509949713
-103.70432624872797 -41.672229388305567 256.96834906815184
-103.73387180416668 -42.01986210778027 256.60947303680655
-81.467370977301485 -83.406177945503742 282.26627934465665
-81.658939551450686 -83.426221069056822 282.27903226682037
