89.384619505416254 18.544162502766294 176.75871997423286
11.372582245765212 -6.5524856461111316 80.2673350302953
89.384619505416254 18.544162502766294 176.75871997423286
88.931982472383979 18.218712127089201 176.5369052558317
88.516595515459301 17.968035937158319 176.18389658197424
88.101208558534637 17.71735974722743 175.83088790811681
87.678111440041633 17.674456685992904 175.40762893814733
87.260552265582021 17.444708397999673 175.04312919879379
86.842993091122423 17.214960110006444 174.67862945944026
86.418533209047695 17.134760934316226 174.26221392091207
85.99407332697298 17.054561758626008 173.84579838238386
85.547278780814992 16.922923937787047 173.46758400184257
85.100484234656989 16.791286116948083 173.08936962130124
84.6446428323204 16.687821605337557 172.71319983150812
84.188801429983783 16.584357093727029 172.337030041715
83.724272799229126 16.500185450510987 171.96672167604186
83.253474038785157 16.466696770183379 171.59627999985744
82.782675278341188 16.433208089855768 171.225838323673
82.194600742236503 16.505623211609748 171.13136933338191
81.980139675370864 16.408588900322677 170.57947188527049
81.535845178462537 16.348843145461313 170.18068266175385
81.095598920083518 16.395413006668402 169.77569564960356
80.661161666803224 16.289434528521063 169.37565460779427
80.223449081761174 16.28952251204263 168.9652795535394
79.779217068363522 16.246297734098508 168.56429384700567
79.326029318820204 16.207440996089069 168.17299981743821
78.872569380248692 16.170933817181229 167.78179487115187
78.396880483916462 16.129228669654356 167.41850331526877
77.921191587584204 16.087523522127487 167.05521175938566
77.496529902356286 16.030155948016407 166.63524579107394
77.060598948808931 16.005293729360837 166.2237289945482
76.624667995261589 15.980431510705259 165.81221219802245
76.19588900778777 15.851383067529252 165.41284384773067
75.728803729885328 15.771403118628422 165.04482951249275
75.269121844376642 15.700016712039794 164.66588816467024
74.797797263108905 15.650314637971244 164.29794408885698
74.326472681841182 15.600612563902692 163.93000001304372
73.850143403688321 15.497217859827476 163.58011438323939
73.370765536021381 15.490959405726404 163.21934064286549
72.918872845668673 15.492512761757856 162.8246374841616
72.41718026322755 15.487779382536303 162.49557495538519
71.96177666240466 15.404622866347438 162.11387801516577
71.506373061581741 15.321466350158577 161.73218107494637
71.043356369578163 15.250240597259946 161.35729117770973
70.619020806906292 15.213464737005745 160.93469578450896
70.194685244234407 15.17668887675155 160.51210039130822
69.789635267500671 15.08073326552776 160.07998115195099
69.384585290766921 14.984777654303974 159.64786191259378
68.977973043967296 14.971333402905088 159.20685654657555
68.583374718775389 14.866901209823533 158.76709970603304
68.151719040315911 14.82455450270368 158.35251541828228
67.742290494240493 14.826977841719804 157.9139240445794
67.332861948165061 14.829401180735925 157.47533267087653
66.92007117885683 14.626386281335471 157.09012009138911
66.482932193896573 14.495818528280893 156.70042589116258
66.091717356786418 14.502654942570919 156.24555864166607
65.643171426313401 14.41333800026913 155.85719150598908
65.297146568702573 14.387328029917446 155.3677119054359
64.901312073870344 14.290637875424158 154.92729611697575
64.543033194576097 14.250023518277974 154.4477268116139
64.160371956839001 14.164034506143036 153.99366044319891
63.810898994889385 14.048373332208755 153.51985548152132
63.461426032939755 13.932712158274473 153.04605051984373
63.076954946269687 13.848207062590626 152.59323612926167
62.69451455038346 13.771769800821133 152.1372792358961
62.330376833499066 13.736368678806418 151.6617264168504
61.966239116614666 13.700967556791699 151.18617359780472
61.602101399730273 13.665566434776986 150.71062077875902
61.232566887248858 13.604007754522801 150.24194736051291
60.88472400445945 13.589838797779361 149.75327101613192
60.650083162404393 13.634415262975821 149.20285606903266
60.247648609815506 13.329752188697674 148.87846919806844
59.821754288980301 13.326945856450687 148.4558509874106
59.395859968145075 13.324139524203702 148.03323277675275
59.045413735104376 13.155486576367972 147.57634808568304
58.694967502063683 12.986833628532244 147.11946339461326
58.30337252349134 13.090355653521641 146.67681617266445
57.939240693519331 13.054800724794854 146.20127032056976
57.575108863547328 13.019245796068066 145.72572446847505
57.195498252271179 12.828529763483633 145.30202271166749
56.825604046877928 12.750088942682481 144.83616295331899
56.455709841484676 12.671648121881329 144.37030319497049
56.070829779927841 12.62551034093546 143.91233087770075
55.72610697930412 12.581559519179207 143.423214821946
55.357833296305543 12.501633594672541 142.9563247481573
54.95924402220178 12.324058390351315 142.5445072674942
54.606143456216373 12.248896034244163 142.0652676504703
54.256980985608777 12.144235651609998 141.58868421241769
53.907818515001203 12.039575268975838 141.11210077436505
53.540305845847151 11.916939460749393 140.65395789648531
53.172793176693098 11.794303652522945 140.1958150186056
52.837134963586131 11.546197212935905 139.76479673754403
52.501476750479164 11.29809077334887 139.33377845648243
52.165818537372182 11.049984333761882 138.90276017542084
51.730467732414283 10.857499362991186 138.53749422758295
51.39026480706351 10.52837819711416 138.16879214221518
51.050390397418425 10.348815728197037 137.7080940790276
50.684363213562889 10.205434131565356 137.25481070361425
50.322544569173438 9.9600194146474994 136.84388627589996
49.960725924783972 9.7146046977296407 136.4329618481857
49.569549866255194 9.4113819890953962 136.09379038682374
49.226116557918502 9.1686976894176411 135.66582088625759
48.882683249581824 8.9260133897398912 135.23785138569144
48.525385270333572 8.711146520341071 134.80637672541593
48.168087291085314 8.4962796509422471 134.37490206514042
47.795926065144371 8.27309239303254 133.96055502483134
47.441282381974233 8.0889101481336549 133.51300082850253
47.166557625079442 7.7062906099752713 133.14134427068529
46.776980951254117 7.5808554658150937 132.70260056438204
46.414318216056486 7.3424507923270728 132.28830724780784
46.074776300082064 7.101777782377293 131.85611771811267
45.744782587134765 6.8707144898980932 131.41146740125242
45.414788874187458 6.6396511974188952 130.96681708439218
44.990332750530435 6.33566504500057 130.67113242427612
44.61409243026602 6.1085065726321153 130.26266914583047
44.197613551209677 5.9476202638352769 129.86184382359934
43.781134672153335 5.7867339550384402 129.46101850136819
43.396131859014609 5.6534720839016668 129.02054817594731
43.075731337155489 5.275217374761036 128.68251433059251
42.603947706195505 5.2809590832182129 128.31185648521188
42.132164075235529 5.2867007916753899 127.94119863983126
41.740760820215051 4.8884965815919639 127.72156963666635
41.318392238181502 4.7906898594831198 127.30679424441014
40.89602365614796 4.6928831373742756 126.89201885215394
40.502286261446883 4.4317858049729626 126.52215530025009
40.123190448025802 4.100373356822562 126.19588523809674
39.675142152803502 3.9258839100737553 125.83698948983313
39.249743633909766 3.7832784281564154 125.43861808442087
38.81462107745859 3.6290053905917694 125.05538422533746
38.393937455687116 3.3727659526511089 124.71279607490446
37.995134306079159 3.0587157548569492 124.39290778013859
37.550094901667208 2.9257624435170473 124.01308763122015
37.128179310631225 2.7432943450058902 123.62748080157826
36.709229050506593 2.5545807117197965 123.24164684227262
36.304964377166975 2.2841210273163015 122.89033269083265
35.90069970382735 2.0136613429127941 122.53901853939274
35.466850049958211 1.8755480735088923 122.14825108597293
35.062554946920372 1.6545410020365181 121.76393176038701
34.645956546070828 1.3402588392927046 121.46783634571349
34.26851559780669 1.1761702728903429 121.0312435457849
33.891074649542546 1.0120817064879777 120.59465074585633
33.488818458247522 0.76245854956793191 120.22603409390733
33.085870988781963 0.52591515102235253 119.84962931517066
32.682923519316418 0.28937175247678493 119.47322453643396
32.294478387333385 -0.0032080447368830534 119.12178828090376
31.906033255350344 -0.29578784195055408 118.77035202537357
31.472017974073264 -0.52572300252420479 118.42573548840828
31.078883259376141 -0.68511828128448982 118.00142635439283
30.662436900548879 -0.81643875128524246 117.58993229079252
30.245990541721614 -0.94775922128599677 117.17843822719222
29.855757982748695 -1.2605069542419352 116.8469153690838
29.465525423775773 -1.5732546871978694 116.5153925109754
29.065839492524777 -1.7571668558822384 116.10743727989014
28.666153561273774 -1.9410790245666085 115.69948204880487
28.233942223016527 -2.1754364394120835 115.35557804884438
27.819279207803532 -2.3877549687351118 114.97745713442603
27.404616192590531 -2.6000734980581397 114.59933622000767
27.101467212238532 -3.0196380041744328 114.29591189514406
26.699615094606951 -3.0105075875126857 113.85045537532804
26.378995955136826 -3.4431151645277147 113.58577811579366
25.919711949101462 -3.4736019328384913 113.20090312471464
25.560256895774096 -3.7780450608369285 112.82927636780396
25.164313478306539 -4.005302113063113 112.43993969809819
24.728576627636372 -4.1545500236071282 112.0554160211077
24.353843926486412 -4.4466758054747739 111.68903107292196
23.979111225336464 -4.7388015873424099 111.32264612473621
23.462413564338561 -4.7786392602547672 111.02026145757164
23.099976167747311 -5.0640946654994101 110.63665443838563
22.737538771156068 -5.3495500707440495 110.2530474191996
22.279868398628317 -5.5141967764232911 109.90172236683459
21.822198026100562 -5.6788434821025335 109.55039731446956
21.408203364004745 -5.8364638541697094 109.14571937083342
20.994208701908924 -5.9940842262368887 108.7410414271973
20.571949447445373 -6.234831838407521 108.38927771494996
20.149690192981819 -6.4755794505781541 108.03751400270262
19.740223987750305 -6.6992799549352284 107.66029323031105
19.330757782518795 -6.9229804592923019 107.28307245791947
18.936949941958602 -7.1919556941550198 106.91897397159489
18.490384987816817 -7.2158190452036761 106.51896111904003
18.043820033675019 -7.2396823962523316 106.11894826648518
17.711383831425863 -7.6546972596509804 105.84101152081746
17.215641106033587 -7.8157048590014018 105.54383194013928
16.910429510090925 -8.1940543848887533 105.19212536078237
16.762501218174098 -8.3263943872024235 104.62590690096479
16.5649676081119 -8.7978380551488851 104.94010642491253
16.176447262381711 -8.5532159870097111 104.55382675325868
15.764974070338109 -8.77600821893264 104.17825594285902
15.353500878294506 -8.9988004508555708 103.80268513245937
14.939844373714237 -9.17569964463266 103.40570280103964
14.516512533536041 -9.3559664815420671 103.02061317432656
14.082352365524642 -9.5414075599836963 102.65032064815473
13.674186571974996 -9.6916677959419726 102.23701380516063
13.243608438663088 -9.8745386633326095 101.86130019484897
12.812228692332358 -10.111733890852291 101.5182988267795
12.412535166370363 -10.366498589928714 101.15041292951166
11.998031202523466 -10.538169390830554 100.75202166445565
11.59202162318879 -10.773181162905406 100.37795524191185
11.028089644914846 -10.929257440299278 100.24521143032386
10.889805661598579 -11.023694303298631 99.669052408121644
10.40334328861668 -11.192286822616285 99.360943787497447
9.9168809156347866 -11.360879341933934 99.052835166873237
9.5148801000896501 -11.512315030783791 98.633952633883837
9.0916050823160539 -11.746316249282225 98.278872799100142
8.6683300645424559 -11.980317467780662 97.923792964316462
8.2242940853537245 -12.044969369293757 97.525481301398287
7.7802581061649914 -12.109621270806848 97.127169638480098
7.349370243468381 -12.33669459382587 96.776779347869976
6.9184823807717724 -12.56376791684489 96.426389057259854
6.4812825633946334 -12.708975121357799 96.041978876017296
6.0935286665581661 -12.979748407431282 95.672751651889513
5.7057747697216961 -13.250521693504762 95.303524427761744
5.265367153290855 -13.343707387309271 94.906841231924219
4.8309084674504783 -13.486117982475099 94.518299248758481
4.3964497816101034 -13.628528577640925 94.12975726559273
3.9689880659390271 -13.825260282482294 93.757503161591515
3.5447564819088817 -13.94990106374981 93.351926733829373
3.1253848080898017 -14.150879843325393 92.9728028367212
2.6940149681411478 -14.344409839270337 92.603389515558817
2.2380823513731012 -14.438363108541704 92.224841985966748
1.7821497346050648 -14.532316377813066 91.84629445637465
1.3320941479717603 -14.75181754833759 91.515735528075155
0.81771472774961218 -15.047648241262209 91.426864761364897
-0.72542353291683281 -15.935140320036066 91.160252461234151
-1.239802953138982 -16.230971012960687 91.071381694523922
-1.754182373361131 -16.526801705885301 90.982510927813664
-2.0463411811346943 -17.016834542900657 90.79673942922733
-2.5219666345045484 -16.915990793282678 90.445155916716132
-2.955066463787531 -17.056032338184572 90.054243006240483
-3.3881662930705181 -17.196073883086473 89.663330095764849
-3.8089460603168561 -17.392248084314264 89.283251064182252
-4.2297258275631968 -17.588422285542055 88.90317203259967
-4.7025556037880509 -17.684388472985766 88.546489409554098
-5.1555753389168135 -17.799469660734548 88.170285422586659
-5.6085950740455797 -17.914550848483337 87.794081435619233
-6.0322436235344536 -18.128168471498295 87.426808488543884
-6.4689376116732076 -18.253302937150558 87.034839451208796
-6.9056315998119597 -18.378437402802817 86.642870413873723
-7.3720240506999914 -18.499125372887949 86.285221849454132
-7.8384165015880241 -18.619813342973082 85.927573285034569
-8.2820119212225922 -18.790723681746382 85.561495752564156
-8.7256073408571559 -18.961634020519682 85.195418220093728
-9.1854973108227451 -19.125698762073593 84.846729281204219
-9.5908474588771533 -19.305203354110596 84.442415839787913
-10.057227689694946 -19.4088983410143 84.079460153796646
-10.483400814537045 -19.578228330967988 83.692544372050023
-10.909573939379145 -19.747558320921677 83.305628590303385
-11.355652049022259 -19.916815932047736 82.941806956569053
-11.801730158665368 -20.086073543173796 82.577985322834706
-12.252949306742645 -20.251200953811249 82.218632823657941
-12.70416845481992 -20.416328364448699 81.859280324481176
-13.134294700567926 -20.571430234233297 81.470777013416722
-13.570391937470001 -20.770198214476945 81.109791570502139
-14.025402515601865 -20.937524245329591 80.756284324201289
-14.480413093733725 -21.10485027618223 80.402777077900438
-14.986631033540837 -21.174813479419644 80.088375189213053
-15.530179601623999 -21.315631890671536 79.876892023955776
-15.98176558429669 -21.528580780479569 79.544141561021348
-16.38025187822571 -21.765141099925437 79.163027550764085
-16.729277351026674 -21.904858250147008 78.695416240731888
-17.078302823827631 -22.044575400368579 78.227804930699691
-17.39511632844869 -22.150254943652467 77.72934626900242
-17.943626091033479 -22.201227466439011 77.491567291231135
-18.492135853618258 -22.252199989225563 77.25378831345985
-18.782646899305046 -22.490302436282718 76.785909528901954
-19.242109563490615 -22.688479927634692 76.454820806440836
-19.694060776791453 -22.818016012901317 76.08204674161108
-20.140140362440675 -22.990576142505713 75.719781638491924
-20.650520906952856 -23.105920037613558 75.426170525546922
-21.066308140145253 -23.245222441264922 75.016639309336043
-21.48209537333765 -23.384524844916292 74.607108093125163
-21.952489778998974 -23.510788735373641 74.256698999223332
-22.413247953977173 -23.639942148201918 73.894730353971326
-22.881231583659265 -23.801279793869902 73.555670644716614
-23.353396373339233 -23.895964736132555 73.197766784587685
-23.836961313543618 -23.992753315488002 72.85601114160356
-24.319715792443354 -24.18716871147118 72.557429884812478
-24.768239268784747 -24.143495402092036 72.16129943506327
-25.208467613106468 -24.320692593173973 71.79414802170848
-25.648695957428185 -24.497889784255911 71.426996608353676
-26.088924301749909 -24.675086975337848 71.059845194998871
-26.527122925378215 -24.803310712861848 70.670562984532438
-26.965321549006525 -24.931534450385847 70.281280774066005
-27.436884350626855 -25.113063880437661 69.957744701652047
-27.888067114372813 -25.235122402109987 69.581532220485187
-28.338309751515038 -25.361449420658147 69.20560263654167
-28.786670883877623 -25.529303730993764 68.843943645932711
-29.2532363468904 -25.683627430568446 68.499704100741795
-29.719801809903174 -25.837951130143125 68.15546455555085
-30.210100664296412 -26.056041034692345 67.887054744041677
-30.6399951935038 -26.126973803924784 67.474551124655648
-31.069889722711185 -26.197906573157223 67.062047505269604
-31.552855286368679 -26.340798073559988 66.735970392559054
-31.947758674108677 -26.545490007205256 66.333288723430655
-32.398630211116867 -26.70477023731663 65.970873677645386
-32.849501748125064 -26.864050467428008 65.608458631860117
-33.35618536708931 -26.954879387413115 65.300202540975221
-33.751833854369913 -27.128339944045301 64.883820853331045
-34.147482341650523 -27.301800500677491 64.467439165686855
-34.651909184753485 -27.387322837504588 64.154007371095418
-35.12926818988732 -27.505013011121427 63.810092551333788
-35.596669720351727 -27.642671912689401 63.459969949751667
-36.064071250816141 -27.780330814257365 63.109847348169559
-36.531472781280499 -27.917989715825382 62.759724746587395
-36.982036054177954 -28.051585405252741 62.386703394809295
-37.432599327075415 -28.185181094680097 62.013682043031203
-37.830210844012129 -28.358834751068635 61.599255343574974
-38.251538046229719 -28.528546002151074 61.207233048383067
-38.657850662985695 -28.645995386498136 60.781656146306126
-38.962331772905557 -28.761973951761753 60.277830555350917
-39.478942291063341 -28.946235155200327 60.034599427745675
-40.01398871597317 -29.135892888046147 59.840292280262645
-40.499877316741589 -29.249706114578533 59.507187466263211
-41.006928633075589 -29.390649858136719 59.219031564439625
-41.513979949409588 -29.531593601694901 58.930875662616039
-41.729803579494401 -29.49910657901636 58.490534779340422
30.373513637711692 6.0741297675639663 100.18519183173505
30.032423933530225 6.0580383854134885 100.1577505493112
29.408176624066378 5.9054543853478254 116.42873254597744
29.052711837098958 5.5795444578039266 116.09742178103818
28.697247050131541 5.2536345302600278 115.76611101609895
28.341782263164117 4.927724602716129 115.43480025115969
27.986317476196696 4.6018146751722302 115.10348948622043
27.630852689229272 4.2759047476283314 114.77217872128119
27.275387902261855 3.949994820084433 114.44086795634193
26.919923115294431 3.6240848925405338 114.10955719140267
26.56445832832701 3.2981749649966345 113.77824642646343
26.208993541359586 2.9722650374527362 113.44693566152418
25.853528754392169 2.6463551099088369 113.11562489658493
25.498063967424748 2.3204451823649386 112.78431413164567
25.142599180457324 1.9945352548210393 112.45300336670644
24.787134393489904 1.668625327277141 112.12169260176718
11.720042749164996 -6.5405592391197702 80.28219168225543
11.372582245765212 -6.5524856461111316 80.2673350302953
