-68.596173850275605 119.94081500127079 264.58170808888269
-5.8914823766090922 104.10892050847374 166.65927450151597
-68.596173850275605 119.94081500127079 264.58170808888269
-68.458545597242193 119.66177771098144 264.06868113579452
-68.320917344208766 119.3827404206921 263.55565418270635
-68.284530976025749 119.31994423782746 262.96005979755142
-68.036619224521331 119.07065446069475 262.47385575552465
-67.843666532212922 118.80071500335393 261.97395381723925
-67.650713839904512 118.53077554601309 261.4740518789539
-67.611276389908909 118.37763698152567 260.89526584974743
-67.571838939913292 118.22449841703823 260.31647982054096
-67.391940021473417 117.94757837100815 259.81552905724095
-67.367777587462868 117.64888233393189 259.29572442642512
-67.343615153452305 117.35018629685564 258.77591979560924
-67.15612753714305 117.22845172085621 258.21911723927809
-66.998831424832503 116.83257661751891 257.79657631154487
-66.834050492123964 116.57218799968453 257.28175108691227
-66.6687428926314 116.2486821736876 256.80423943459783
-66.489589593872964 116.00607674736759 256.28554231424334
-66.362556062759467 115.61254652305274 255.85080510106326
-66.141218004507948 115.40450124843997 255.33338203655921
-65.931181543683977 115.14485294384174 254.83491694947307
-65.721145082859991 114.88520463924348 254.33645186238692
-65.493271090838221 114.57457836044439 253.87646842933796
-65.265397098816408 114.26395208164527 253.41648499628906
-65.036693160348548 114.0339620294686 252.91170872463096
-64.833749609717785 113.73528437190835 252.43253696823072
-64.424355671688929 113.53851358735201 252.04051928769792
-64.388146658830095 113.3359312879345 251.47691542029588
-64.351937645971276 113.13334898851699 250.91331155289384
-64.080115642499521 112.88909044951738 250.43744333105678
-63.808293639027795 112.64483191051779 249.96157510921972
-63.494387505817954 112.49908357441623 249.47145230618267
-63.18006965607767 112.28814737570997 249.00593086799751
-62.865751806337428 112.0772111770037 248.54040942981229
-62.706029351452592 111.87955598288988 247.99688283281321
-62.456183196919689 111.61168310844747 247.5216765384493
-62.153261983815717 111.52802529926267 247.01056000612616
-61.850340770711739 111.44436749007789 246.49944347380301
-61.668597522190097 111.15160517678116 246.00826161386726
-61.388116525026831 111.01925769290065 245.49463280456933
-61.107635527863543 110.88691020902013 244.98100399527144
-60.88314132518633 110.83914572876245 244.42663867583846
-60.578476035456319 110.75100515779825 243.91731530018814
-60.273810745726294 110.66286458683403 243.40799192453784
-60.021299892719831 110.4655156247583 242.90075267499029
-59.768789039713397 110.26816666268255 242.39351342544268
-59.495477934811063 110.15337825544199 241.87185773295937
-59.22216682990868 110.0385898482015 241.35020204047609
-58.949480921122856 109.95874869136446 240.82174410948764
-58.654434491546183 109.90495578008453 240.30207697844116
-58.391831541440169 109.78061230383889 239.77712137030773
-58.118262708646263 109.64537607725254 239.26052553530471
-57.84469387585235 109.51013985066621 238.74392970030172
-57.559233050020531 109.43325854932914 238.22181727713968
-57.273772224188733 109.35637724799207 237.69970485397766
-56.990468536315383 109.17393572152768 237.20326340742159
-56.678571589206136 109.08010542411535 236.69936245517857
-56.366674642096903 108.98627512670301 236.1954615029355
-56.054777694987635 108.89244482929068 235.69156055069249
-55.759757517965433 108.78930686302957 235.17938318388943
-55.464737340943216 108.68616889676841 234.66720581708637
-55.162164369930437 108.60006034351856 234.15629005664272
-54.883531428363185 108.44162949006883 233.64907871159139
-54.560578815557051 108.39147158376427 233.14590300240343
-54.158085397579896 108.43915820392003 232.70349478057295
-54.006392237944191 108.20477657486117 232.17240680548838
-53.68471816071915 108.08312705880681 231.68074921805061
-53.360584212683136 108.03611647620293 231.17802942646304
-53.075857239851999 107.92945020156336 230.6607743087533
-52.791130267020854 107.82278392692379 230.14351919104357
-52.453972533476211 107.89368645389652 229.6522987778074
-52.116814799931582 107.96458898086924 229.16107836457121
-51.741332323091584 107.80315961001584 228.72181367464955
-51.365849846251578 107.64173023916244 228.28254898472787
-51.015776827584347 107.65712800808608 227.79550505414937
-50.665703808917129 107.67252577700974 227.30846112357079
-50.301044967647222 107.59362036933229 226.83856978919343
-49.936386126377293 107.51471496165482 226.36867845481606
-49.531584558445751 107.50684746949483 225.92587624934814
-49.233531051187377 107.33502858773109 225.43430491303928
-48.825525258251631 107.28525949661336 224.99720731466999
-48.417519465315877 107.23549040549565 224.56010971630076
-48.06399137770579 107.1285643689647 224.08726226311683
-47.710463290095703 107.02163833243375 223.6144148099329
-47.297967998302568 107.04629311704498 223.17939782653539
-46.885472706509425 107.07094790165623 222.74438084313789
-46.577351206888139 106.84801469967076 222.28030980447716
-46.188399331769048 106.82789489592327 221.82389811275738
-45.843308811227658 106.55641082708075 221.4149862237187
-45.563483559563466 106.67058833613692 221.03736278402084
-45.283658307899273 106.78476584519308 220.65973934432296
-45.283658307899273 106.78476584519308 220.65973934432296
-44.775805489953456 106.80489670398819 220.34086591515606
-44.267952672007645 106.82502756278332 220.02199248598913
-44.25882127547343 106.47244907854406 219.53660086054748
-43.982079656169184 106.47212500792091 219.00423447249963
-43.645959628578645 106.47780266465745 218.50725248966069
-43.309839600988091 106.48348032139401 218.01027050682177
-42.977126448411823 106.36108731141769 217.52620242358171
-42.644413295835534 106.23869430144137 217.04213434034168
-42.284439155665538 106.18607851952552 216.56500731542877
-41.924465015495542 106.13346273760965 216.08788029051584
-41.56449087532549 106.08084695569384 215.61075326560294
-41.183545020653817 105.99625267544045 215.15498571129825
-40.802599165982137 105.91165839518706 214.69921815699354
-40.447483542601873 105.85017918271167 214.21951699953752
-40.059241728531212 105.7957679968877 213.76530590691169
-39.69056680796588 105.7202935053579 213.29799187537137
-39.315726480284638 105.65024528193501 212.83475546149708
-38.93862150236815 105.66009206693266 212.36817762613001
-38.55411474618743 105.58236104341351 211.9141815441711
-38.165629928119671 105.50405200155504 211.46368488481161
-37.800097950704902 105.46340111318447 210.9896238351968
-37.4205538800786 105.41091173153836 210.5278975491064
-37.026314941323484 105.35573851524103 210.07897486603878
-36.618488802628846 105.41239091986922 209.6425480730399
-36.315462948814847 105.26116188592098 209.14726521324019
-35.905134278194666 105.27366314139663 208.70968767647827
-35.559316990740626 105.23637224132055 208.22079117161303
-35.17138530173699 105.25569590021666 207.76347771142005
-34.827234000106927 105.35594844992832 207.28232356994076
-34.508714881720422 105.21611292222656 206.79345590235098
-34.190195763333904 105.07627739452482 206.30458823476124
-33.836468713841782 105.13812511518536 205.82390951263315
-33.482741664349639 105.1999728358459 205.34323079050506
-33.108091171960851 104.99619042753757 204.92120029561528
-32.825368810297284 105.0534380045498 204.39509119937992
-32.535832227412087 105.42959010285715 204.02810595974466
-32.184598026948478 105.48761807862101 203.54512843391819
-31.835390208645947 105.34004616206872 203.08007313711849
-31.486182390343419 105.19247424551641 202.61501784031879
-31.164557071517226 105.01610769245306 202.14019998761049
-30.832306784129837 104.86885045907619 201.66278501743341
-30.500056496742463 104.72159322569931 201.1853700472563
-30.120004414411238 104.75324149361961 200.7221651230021
-29.739952332080016 104.7848897615399 200.2589601987479
-29.394927533892666 104.78783861884344 199.76809444023914
-29.049902735705324 104.79078747614699 199.27722868173038
-28.750801257592531 105.05770099806512 198.83080346110768
-28.339333229692876 104.887536468699 198.42863671091322
-28.114002623969078 105.37562847449377 198.16219288568286
-27.631870020964207 105.61051187882076 197.89316140148165
-27.14973741795934 105.84539528314774 197.62412991728041
-26.81377412132905 105.834083589401 197.12713825849536
-26.477810824698757 105.82277189565427 196.63014659971037
-26.141847528068475 105.81146020190752 196.13315494092532
-25.923908762774396 105.68960790156078 195.58757752984391
-25.705969997480317 105.56775560121405 195.04200011876247
-25.269553085828466 105.41661958581457 194.65898812929814
-25.011383633207778 105.26923251686374 194.1378110138761
-24.753214180587079 105.12184544791292 193.61663389845407
-24.317212615759178 104.89702263887939 193.27115258201871
-23.98709612849995 104.6846080443095 192.81738706453933
-23.656979641240717 104.47219344973959 192.36362154705995
-23.212619107038652 104.58922028258061 191.97781273943775
-22.980164388116471 104.49161898874286 191.43335081139136
-22.74770966919429 104.39401769490507 190.88888888334498
-22.380376796852179 104.4203780706362 190.41520999265191
-22.013043924510065 104.44673844636733 189.94153110195887
-21.654936393767876 104.48959480626827 189.46202893424555
-21.296828863025677 104.5324511661692 188.98252676653223
-20.966111990015619 104.49494698019252 188.48330759027729
-20.635395117005565 104.45744279421585 187.98408841402232
-20.259867082752205 104.50264191406453 187.5183248097608
-19.905014244578592 104.5217958604904 187.03488651010255
-19.519955132752944 104.47504608324675 186.57712681470801
-19.174373654780901 104.46916216825127 186.08667924194717
-18.827099122331028 104.5339317532798 185.60169955168482
-18.47982458988114 104.59870133830836 185.1167198614225
-18.142286216796609 104.48075953744357 184.63489252896386
-17.80290274067136 104.35521114650899 184.15629409847449
-17.483691030916479 104.51994891703903 183.67570555167364
-17.149371605595363 104.48124126629834 183.17898406066777
-16.796794019952166 104.38616193360158 182.70290742125354
-16.430345297241228 104.38825477284499 182.22781695234534
-16.063896574530297 104.39034761208841 181.75272648343713
-15.731111071089927 104.3507197299152 181.25504843524291
-15.37488699512976 104.34392146940429 180.77228742670934
-15.0186629191696 104.33712320889336 180.28952641817577
-14.70064236338057 104.32482634944763 179.78088930456391
-14.315739132782511 104.36855685602696 179.3227003196794
-13.999624045367032 104.4046143752649 178.81400482450107
-13.653342826146638 104.33255157985802 178.32934383913772
-13.35806090788957 104.27985048663599 177.80969859137377
-12.982544385861692 104.31829944346259 177.34331996900454
-12.628856957805151 104.25883923628631 176.86231093894659
-12.27516952974862 104.19937902910999 176.38130190888862
-11.988351353156792 104.2209693448705 175.85473834022679
-11.701533176564965 104.24255966063099 175.32817477156493
-11.369727371242465 104.2641177855614 174.82873493053924
-11.053294458222933 104.15843555323465 174.33003514376526
-10.736861545203402 104.05275332090791 173.83133535699127
-10.405794431395119 104.18403940163455 173.34847043678886
-10.074727317586833 104.31532548236116 172.86560551658641
-9.6889573829051194 104.2514540448351 172.41052091240383
-9.3756497634378189 104.2418427204974 171.89890977293538
-9.0623421439705147 104.2322313961597 171.38729863346691
-8.7371744589515536 104.24464962212701 170.88320363817016
-8.4129020905654741 104.30464562869679 170.38195728127869
-8.0886297221793892 104.36464163526659 169.88071092438724
-7.81042127420951 104.40949885776028 169.35100545049789
-7.5322128262396193 104.45435608025397 168.82129997660854
-7.3557066339171673 103.98193653281574 168.49623792826998
-6.93312429121044 103.9990804314358 168.07064393116406
-6.5231462513306697 103.94082541546609 167.63645001143379
-6.2031991513832496 104.02993340779551 167.13675648642246
-5.8914823766090922 104.10892050847374 166.65927450151597
