-88.864155205144698 -65.152927326440206 249.7673502765287
-34.877156870441453 47.640801191822206 141.86006335916983
-88.864155205144698 -65.152927326440206 249.7673502765287
-88.285183654798828 -65.013643632200001 249.84078049107902
-87.984661567640188 -64.543244599674011 249.62075498044805
-87.684139480481548 -64.072845567147994 249.40072946981712
-87.607222653109417 -63.990979082728458 248.81133852961207
-87.530305825737287 -63.909112598308944 248.22194758940699
-87.542266194563723 -63.330653918996987 248.06306868613098
-87.463646492460057 -63.098657346771155 247.51534929363461
-87.383842970680874 -62.722377780878958 247.05486575842014
-87.30403944890169 -62.34609821498676 246.59438222320568
-87.224235927122507 -61.969818649094599 246.13389868799118
-87.241975593180072 -61.587087949504578 245.67216010844695
-87.17871929958379 -61.350779967165394 245.12429408577054
-87.144598879117609 -60.972800316006285 244.65957139403184
-87.110478458651443 -60.594820664847177 244.19484870229317
-87.003749212358073 -60.333935134536276 243.66518125184899
-86.89701996606469 -60.073049604225375 243.13551380140478
-86.799598511226151 -59.70906150150703 242.6685858399197
-86.702177056387626 -59.345073398788699 242.20165787843456
-86.622406687912004 -59.071762439066745 241.67351224737325
-86.542636319436383 -58.798451479344784 241.14536661631195
-86.434071780690061 -58.494293105149325 240.63969733275445
-86.371504253648339 -58.054630065394051 240.23623517091886
-86.308936726606632 -57.614967025638784 239.8327730090833
-86.036137593498211 -57.973151426786288 239.43618182442347
-86.095225029760599 -57.604246979304015 238.9666946749681
-86.154312466022972 -57.235342531821757 238.49720752551269
-86.026085848301619 -57.019098530843465 237.95241722957431
-85.897859230580266 -56.802854529865172 237.4076269336359
-85.735142655410101 -56.369690071184763 237.02566899367261
-85.619239477637748 -56.2889424824549 236.44253412051154
-85.488632790821981 -55.8549050084941 236.04940136360014
-85.343345983909558 -55.543148966403159 235.5577715089768
-85.259828916786631 -55.359691892463047 234.99264461922502
-85.176311849663691 -55.17623481852295 234.42751772947327
-85.018494505618136 -54.717656258099908 234.07424815841068
-84.860677161572582 -54.259077697676865 233.7209785873481
-84.607846439801648 -54.163857242483914 233.1852457331739
-84.677648560374209 -53.793357308978884 232.71849369703872
-84.482376306324497 -53.482645653141319 232.24380747043739
-84.287104052274771 -53.171933997303753 231.76912124383603
-84.27895943963216 -52.702024967152056 231.39613442279969
-84.102371961337752 -52.298949410152389 230.98827788201726
-83.91078105167577 -52.025987008726851 230.48949491243738
-83.719190142013787 -51.753024607301313 229.99071194285753
-83.461262498181355 -51.361182078818864 229.61663606363041
-83.254719983384263 -51.100821721074524 229.11708359021389
-83.108284966561911 -50.660963884042999 228.73618745076092
-82.783957357472545 -50.448491823752391 228.27829311188103
-82.459629748383179 -50.236019763461783 227.82039877300113
-82.313895865450746 -49.827615837756255 227.40570868530463
-82.168161982518328 -49.419211912050748 226.99101859760808
-81.908198226067981 -49.032598989173465 226.61293224081047
-81.692310750523859 -48.614162856919094 226.24104005061659
-81.451029983003636 -48.217435987271131 225.86105139009607
-81.209749215483427 -47.820709117623146 225.48106272957557
-81.002503116118817 -47.470198171893358 225.04039150153616
-80.730909698144515 -47.088517712831113 224.66548212250828
-80.459316280170185 -46.706837253768853 224.29057274348042
-80.234675467727243 -46.237556575329968 223.99172135862682
-79.99763643441932 -45.849935672490574 223.59985080299597
-79.802175239792774 -45.430282605138217 223.21816215441322
-79.606714045166242 -45.010629537785853 222.83647350583047
-79.345316099783048 -44.747718562919161 222.36472258273216
-79.11942899580815 -44.330880281870179 221.99699868670422
-78.89354189183338 -43.914042000821375 221.62927479067602
-78.680698192591009 -43.561507801459229 221.19290659984068
-78.497358051768316 -43.068511002538699 220.90421896758525
-78.282401894271501 -42.784571004503356 220.42134017547497
-78.03136979133501 -42.47540025092627 219.97256815269739
-77.780337688398504 -42.166229497349171 219.52379612991984
-77.73475382649778 -41.570695077040618 219.58090012069079
-77.507588336192143 -41.387682112559219 219.05658905381739
-77.30647452864784 -41.102139538300662 218.56871747778445
-77.170637815043563 -40.652696326503886 218.19515464959221
-76.93467788493723 -40.316595398888737 217.75770856395371
-76.698717954830897 -39.980494471273552 217.32026247831521
-76.497531364195609 -39.53787381261607 216.96867904827596
-76.282728340820654 -39.17771907066448 216.53955409794239
-76.067925317445699 -38.817564328712884 216.11042914760887
-75.853122294070744 -38.457409586761329 215.68130419727532
-75.63074359898097 -38.035555669970137 215.31717923403039
-75.408364903891197 -37.613701753178944 214.95305427078551
-75.294991762305614 -37.563775931451744 214.36598192167352
-75.023440867371562 -37.205512070725732 213.96860663613325
-74.8178518645324 -36.740843729363085 213.64951966609701
-74.612262861693253 -36.276175388000432 213.33043269606083
-74.433778657055143 -35.917371102457267 212.88388720748148
-74.179545452451052 -35.536381731672762 212.49631453426269
-73.925312247846961 -35.155392360888264 212.10874186104388
-73.801751574286342 -34.859532316666929 211.60159336781672
-73.678190900725738 -34.563672272445608 211.09444487458956
-73.432419666666291 -34.181032601043221 210.70305838737013
-73.186648432606859 -33.798392929640841 210.31167190015066
-72.938966682823221 -33.480774059552047 209.86695625596036
-72.691284933039583 -33.163155189463261 209.42224061176998
-72.488471832780036 -32.727587590739532 209.06286933675602
-72.285658732520488 -32.292019992015796 208.7034980617421
-72.036405880878917 -31.970493044736251 208.26248395978882
-71.787153029237373 -31.648966097456718 207.82146985783552
-71.585337348837555 -31.140099115521423 207.57585873056149
-71.318737667458919 -30.822347720356539 207.14231673633304
-71.095130056281363 -30.394750687308395 206.7857211480935
-70.826095681211456 -30.105542957486875 206.3340803682228
-70.557061306141534 -29.816335227665359 205.8824395883521
-70.316283487128146 -29.432703874942575 205.48892589471583
-70.152711587160638 -28.939871208900048 205.18832616613571
-69.989139687193145 -28.447038542857506 204.88772643755564
-69.675240267834297 -28.128623774311922 204.48762746267786
-69.415002703080646 -27.753781807096477 204.09805088547495
-69.154765138326979 -27.378939839881031 203.70847430827203
-68.919354768242471 -27.140395407231843 203.21080121144163
-68.683944398157976 -26.901850974582665 202.71312811461124
-68.459192875441005 -26.489464296899893 202.3397329069476
-68.401972327687403 -25.892880957739692 202.36826584144865
-68.34475177993383 -25.296297618579487 202.39679877594969
-68.089723495668565 -25.28336610927391 201.85385002119304
-67.812729280293169 -25.125902712189081 201.34544124547503
-67.580235492577089 -24.776320274424076 200.91679365376393
-67.347741704861022 -24.426737836659068 200.48814606205286
-67.155974194024367 -23.98261305570901 200.13321170089074
-66.885283307564308 -23.719840999862797 199.66665271142227
-66.73315348457335 -23.24177919986322 199.33754265029091
-66.471904770544185 -23.090712509770739 198.81896000059788
-66.26041909961981 -22.708440923502597 198.4076909337746
-66.048933428695449 -22.32616933723445 197.99642186695129
-65.806339849100311 -21.941901636328303 197.60464809399105
-65.563746269505174 -21.557633935422164 197.21287432103077
-65.373493429472319 -21.073675802470081 196.91356113654172
-65.183240589439478 -20.589717669517992 196.61424795205269
-64.887684811253592 -20.232346621539403 196.23354765516862
-64.592129033067707 -19.874975573560814 195.85284735828458
-64.303703506604393 -19.47836252456576 195.50714690261344
-64.076390135617743 -18.994286772077793 195.23511878416997
-63.743937895853051 -18.660353899545019 194.86368326497796
-63.560695278494961 -18.127610881582264 194.65726858527788
-63.377452661136871 -17.594867863619509 194.45085390557776
-63.084545100124807 -17.255400777531769 194.05214692273816
-62.791637539112777 -16.915933691444053 193.65343993989853
-62.488955068024254 -16.45639194984355 193.41426487969676
-62.323339224940085 -15.9202770996234 193.20177426839135
-62.157723381855917 -15.384162249403246 192.98928365708593
-61.839545977494971 -15.407201779759834 192.48111801539508
-61.618686947977913 -14.896347284168721 192.25695518748836
-61.364703614198696 -14.524771589186244 191.8601882923715
-61.117837787438148 -14.090600257528077 191.52769390393163
-60.870971960677593 -13.656428925869921 191.19519951549177
-60.638345441644539 -13.216648776540641 190.85982163473858
-60.405718922611484 -12.776868627211361 190.52444375398542
-60.113641140811865 -12.363936217597363 190.20167852278882
-59.732319659970152 -11.996231490410143 189.91992124807732
-59.513652043369049 -11.643734605312293 189.48641182551961
-59.294984426767954 -11.291237720214442 189.05290240296193
-59.12417087740571 -10.825917209977749 188.71482023231795
-58.906890538901905 -10.32131479787979 188.47364465269888
-58.6896102003981 -9.8167123857818304 188.23246907307981
-58.412158657514212 -9.4458718828094259 187.85102712113101
-58.117564502962637 -9.1066658991716061 187.45334183756077
-57.822970348411062 -8.7674599155337827 187.05565655399053
-57.565008997889301 -8.2998781866094777 186.78211813180243
-57.075118984356173 -8.0791995851341341 186.51508118774527
-57.060560718738735 -7.4801488289294698 186.48464685856206
-56.957285786798003 -7.1030444599105991 186.02953524225293
-56.854010854857265 -6.7259400908917311 185.57442362594378
-56.440345538419386 -6.6228157582410434 185.15223127879418
-56.32184260557591 -6.0780477276710769 184.9304547070459
-56.477052260859196 -5.511830735728279 184.806728069081
-56.144513934618637 -5.1507651941046078 184.46169193150536
-55.866849436033647 -4.771019128520515 184.08927368289375
-55.589184937448657 -4.3912730629364223 183.71685543428211
-55.31152043886366 -4.0115269973523331 183.3444371856705
-55.081682957407963 -3.5847593105265489 182.99082147108831
-54.851845475952267 -3.1579916237007746 182.63720575650612
-54.646737344592815 -2.6769026606572108 182.34312402622029
-54.441629213233362 -2.195813697613644 182.04904229593447
-54.177999182723099 -1.8919565325508461 181.60387937041938
-53.951001127141282 -1.4630543921260979 181.25101277140334
-53.724003071559466 -1.0341522517013515 180.8981461723873
-53.452938646442512 -0.7388737791060126 180.45167702333245
-53.292689011794245 -0.21146979377398481 180.21468527062575
-53.132439377145985 0.31593419155804287 179.97769351791905
-52.906847052626063 0.74368543242153518 179.62253583595592
-52.625817647294106 1.0631490281374842 179.19949271244366
-52.341918120247314 1.3484054788833513 178.7544873014086
-52.131789515989354 1.7932775270872525 178.41107089178399
-51.921660911731394 2.2381495752911489 178.06765448215936
-51.68790244273265 2.6742234474641444 177.7282483004546
-51.454143973733913 3.1102973196371395 177.38884211874981
-51.24724533347031 3.5621226888586022 177.0526178061474
-51.0403466932067 4.0139480580800715 176.71639349354501
-50.859814811158735 4.4358919067585632 176.32990723489328
-50.679282929110769 4.8578357554370486 175.94342097624158
-50.378113155753837 5.2352929737580052 175.58729906459678
-50.076943382396905 5.6127501920789689 175.231177152952
-49.96603317033432 6.1487700238380691 174.98545034362672
-49.855122958271735 6.6847898555971597 174.73972353430145
-49.577216852762284 6.99834526427132 174.31024570924905
-49.299310747252839 7.3119006729454821 173.88076788419662
-49.121950096387977 7.7931985949468325 173.56948744825183
-49.022484453098045 8.3493240794384924 173.36742055016154
-48.757325673801546 8.6929518659531801 172.95316125201967
-48.603409076100206 9.0691493310411779 172.51181654749337
-48.297082092740318 9.3355545297178573 172.07001110458478
-48.115828496068204 9.8411678505592981 171.80261195821157
-47.892482168920978 10.192132498774452 171.37024610172767
-47.669135841773752 10.543097146989606 170.93788024524378
-47.524098111868916 11.07415002322522 170.69924475009284
-47.307488248807303 11.513072577829458 170.35221858640469
-47.090878385745683 11.951995132433698 170.00519242271653
-46.934118333164129 12.422630386982609 169.66765910126469
-46.777358280582561 12.893265641531524 169.33012577981285
-46.534762737715944 13.258780073415124 168.92080121096063
-46.292167194849313 13.624294505298732 168.51147664210842
-46.34790994792067 14.221674945571555 168.51689467306761
-46.092954078106573 14.580069662689208 168.10878839868616
-45.837998208292483 14.938464379806859 167.70068212430473
-45.5830423384784 15.296859096924493 167.29257584992328
-45.504463267376977 15.775774466571082 166.93977931039788
-45.298203231624214 16.217913464896839 166.59053741169333
-45.159313130664216 16.596962067309626 166.14665488572024
-45.048840608547536 17.159124307093926 165.96841505286048
-44.878876944596293 17.601720030203143 165.60069045642763
-44.721886510390284 18.019674490082043 165.19985623504036
-44.639465568025521 18.522651472341281 164.88327931930408
-44.418895101440526 18.99964516117948 164.59375265372904
-44.200594290905045 19.052855303617626 164.03741333563147
-44.107754358506867 19.585168241796104 163.77659983368017
-44.076256346224646 20.176668613259942 163.68102166786593
-43.863797419162488 20.510887997341861 163.23029047567317
-43.710750840320053 20.971977894597465 162.87819268903792
-43.557704261477625 21.43306779185307 162.52609490240269
-43.461781525530519 21.890137095355975 162.14941668359543
-43.247031632437398 22.245460618049844 161.71625657735652
-43.03228173934427 22.600784140743713 161.2830964711176
-42.929283129915532 23.166188997668627 161.11073454312461
-42.826284520486787 23.731593854593534 160.93837261513161
-42.621639396756791 24.213431411855087 160.64519529379561
-42.494629136235673 24.608952465151937 160.21226170752479
-42.281957610550691 24.995431827851906 159.80556215703348
-42.069286084865709 25.381911190551868 159.39886260654214
-41.972506509945312 25.935920112130169 159.18979843292581
-41.832267371860915 26.260380802845759 158.70497037646692
-41.586384184521506 26.616286709709073 158.28919105562039
-41.498264836355219 27.16105093204299 158.05367688928709
-41.315686525758387 27.433630571047001 157.55131695766431
-41.13310821516157 27.706210210051001 157.04895702604151
-41.016959615287163 28.294430814674495 157.0264620700828
-40.84647635378586 28.521656748437419 156.49797003364949
-40.655609018314557 28.702417039158917 155.95862285645435
-40.660435612516537 29.301568471626929 155.99015482372471
-40.577975762750022 29.861618971398364 155.79129856689016
-40.40027542332156 30.431334267407102 155.72927380682864
-40.245871907583727 30.565682979058607 155.16526141511602
-40.104048662090563 31.063177117737609 154.8613111740932
-39.935538987954835 31.439987690908549 154.42585936083569
-39.767029313819101 31.816798264079484 153.99040754757817
-39.608014568232242 32.293704242345378 153.66287892504238
-39.448999822645384 32.770610220611267 153.33535030250658
-39.357235826475268 33.33682082806255 153.15932497189604
-39.246400232475686 33.863009690316773 152.89316571065876
-39.066597665858637 34.289163851480865 152.51098294291478
-38.972046595287459 34.567234726861713 151.98778443057097
-38.731769161351565 35.10358589518151 151.86697806077547
-38.695141792054983 35.6480841364084 151.61761867932123
-38.501217112834311 35.946247941716152 151.13440903124541
-38.369748327631065 36.463291958965499 150.8598522197403
-38.192298260172365 36.86530594008174 150.45132286639347
-38.034872196299084 37.259272784391321 150.02705035962677
-37.877446132425803 37.653239628700902 149.60277785286004
-37.668992451818355 38.068351123483168 149.22300224813952
-37.460538771210935 38.48346261826542 148.84322664341897
-37.182560079156374 38.609006912656312 148.32653865545183
-36.904581387101828 38.734551207047204 147.80985066748468
-36.962699882754087 39.331709868198701 147.8147265135523
-36.970317852995386 39.931593987522476 147.80572596287229
-36.971983175617808 40.501444329179314 147.61792869235393
-36.79904049544632 40.969665700174225 147.28497287378525
-36.660668373295984 41.264866579477783 146.7812769370635
-36.522296251145647 41.56006745878134 146.27758100034174
-36.319367489508274 42.064381771825204 146.02363811038532
-36.154133650978089 42.472050003092264 145.61558861360805
-35.988899812447912 42.879718234359324 145.20753911683082
-35.894861332850908 43.264074751595636 144.75651047914465
-35.763856444981997 43.480773003105256 144.21256233166446
-35.539927255475149 43.577685731027557 143.66441669293926
-35.315998065968273 43.674598458949859 143.11627105421405
-35.307841397250449 44.231330373781049 142.89270217497585
-35.357463135628613 44.784210311166696 143.12043328377914
-35.407084874006777 45.33709024855235 143.34816439258242
-35.183714610331535 45.748936390128435 142.97334646214878
-35.166694482611376 46.319618230428055 142.78886732402032
-35.150986115156861 46.626985880803112 142.27381550653507
-35.135277747702347 46.934353531178175 141.75876368904989
-35.119569380247825 47.241721181553181 141.24371187156461
-34.877156870441453 47.640801191822206 141.86006335916983
