-86.317557823622721 5.0078209587367875 123.79853831139981
-106.63914387993552 3.1892440386466427 121.47277980527818
-86.317557823622721 5.0078209587367875 123.79853831139981
-86.740427843857844 4.9794273439866981 124.22324379597444
-87.166857611205586 5.0258478691196071 124.64277065848282
-87.590987796633016 5.1587940757844333 125.04580774355406
-87.963860879064654 5.4127864985043503 125.44134979390876
-88.3329114642288 5.4807308827747132 125.90952201247383
-88.701962049392961 5.5486752670450787 126.37769423103887
-89.08940668756172 5.6030057837668146 126.83259515135781
-89.476851325730493 5.6573363004885486 127.28749607167674
-89.801990614685224 5.7808470844617483 127.7764025341216
-90.17212199697758 5.8787295427198059 128.2383784904307
-90.55209005401008 5.9409418364854485 128.69854574930443
-90.920514559081056 6.0047194914163242 129.16779599682138
-91.288939064152032 6.0684971463471999 129.63704624433836
-91.696270416237596 6.1635234319144958 130.06722199291031
-92.033836376546134 6.2475094073570174 130.55609373311415
-92.431651578571547 6.2972705101110815 131.00248694284093
-92.798007608133716 6.3532630380019821 131.47434295522589
-93.154689115524988 6.4368996269438625 131.94950947685305
-93.511370622916274 6.5205362158857456 132.42467599848021
-93.890697739772492 6.5395166458348202 132.88916569879282
-94.260117728657235 6.5717786214121343 133.36085207419944
-94.610177015923298 6.7400136235803432 133.81818726795152
-94.940484316552926 6.7050212895731018 134.31785978441755
-95.306207929607723 6.8019430814212694 134.78353392490538
-95.671931542662563 6.8988648732694413 135.24920806539322
-95.995502445315395 7.0256194063697706 135.73832477876024
-96.319073347968242 7.1523739394701078 136.22744149212724
-96.736087937786351 7.1459874525723723 136.65878595385584
-97.15310252760446 7.1396009656746369 137.09013041558444
-97.570117117422541 7.1332144787769014 137.52147487731307
-97.847826928745562 7.2749982804420883 138.03409034165287
-98.23202508989101 7.3369391289280186 138.49076867950271
-98.616223251036445 7.398879977413948 138.94744701735257
-98.943480754758696 7.4194645728023669 139.44991970386417
-99.314360894182371 7.5699989471837883 139.89689545746907
-99.683085759992551 7.6763649090978658 140.35812019171405
-100.02739507238083 7.7582708299705159 140.84262253177931
-100.38002752447402 7.8249383310239438 141.32346117210892
-100.73265997656722 7.8916058320773743 141.80429981243853
-101.10703985680092 7.9812458108155182 142.26452191043907
-101.46858648543733 8.0690272509685528 142.73524311676644
-101.83013311407373 8.1568086911215865 143.20596432309384
-102.19987584244824 8.2428620090593832 143.67059873990564
-102.5541031210192 8.2101383759416642 144.15376765338394
-102.88024497190047 8.3897801782306214 144.62425709638359
-103.2903238223831 8.4350848993017316 145.05989779539541
-103.60694760913688 8.5037373968548913 145.56490889650252
-103.9829127172151 8.6285387225519763 146.01554718450296
-104.35887782529331 8.7533400482490613 146.46618547250344
-104.68208256781372 8.8485209755684302 146.96265227450226
-105.06917125072698 8.9116221000729734 147.4167234139141
-105.45625993364021 8.9747232245775201 147.87079455332591
-105.78758453359619 9.0134635608129745 148.36951611473305
-106.10368348655182 9.1130751802982086 148.86967506667122
-106.41978243950743 9.2126867997834427 149.3698340186094
-106.74507803995361 9.286676115431522 149.86854069943519
-107.07037364039982 9.3606654310796049 150.36724738026098
-107.49266415885509 9.3736441863273292 150.79327821240227
-107.77536906637405 9.5701030751602794 151.2846862305127
-108.14294127987498 9.7119299776720389 151.7372078295397
-108.50680559747013 9.7993884861256024 152.20620011911393
-108.87066991506529 9.8868469945791695 152.67519240868819
-109.22768705368863 9.9636041445875971 153.15126709048906
-109.56504102898802 10.113608675056639 153.62422685219025
-109.90239500428746 10.263613205525681 154.09718661389144
-110.19240091992432 10.258670221462872 154.62242192858778
-110.44364501952937 10.269969821941327 155.16716840305335
-110.89139337612755 10.398199308141759 155.54542573349443
-111.33914173272572 10.526428794342198 155.9236830639355
-111.65756744352294 10.644159914959925 156.41839959887383
-111.98654632115429 10.737185830409038 156.91147066588877
-112.31552519878565 10.830211745858147 157.40454173290374
-112.67866998474074 10.912640178229214 157.87500046432496
-113.04777045917442 11.012504755200334 158.33737683270812
-113.41687093360811 11.112369332171451 158.79975320109128
-113.73027483788428 11.142099493818661 159.31053114724097
-114.13274069731241 11.238883690464462 159.74487438855408
-114.53520655674056 11.335667887110262 160.1792176298672
-114.8498899291845 11.453470813576123 160.67630599788981
-115.16457330162845 11.571273740041983 161.17339436591243
-115.52882592360443 11.684828227528429 161.63645527524866
-115.89307854558042 11.798382715014872 162.0995161845849
-116.23204434348978 11.827709093395189 162.59372479577937
-116.60021683800497 11.974616545784659 163.04413262732197
-116.96838933252018 12.121523998174128 163.49454045886452
-117.35091827829122 12.180513901163295 163.9530072482753
-117.73344722406227 12.239503804152459 164.41147403768605
-118.06381757258232 12.372871999001628 164.8942455751874
-118.41599165438579 12.457989153286146 165.37250124546469
-118.76816573618923 12.543106307570664 165.85075691574201
-119.09080130324237 12.6884879339782 166.33528810521841
-119.35630920871772 12.864760193289111 166.84365179661219
-119.62181711419305 13.041032452600025 167.35201548800597
-119.8890941825767 13.215731808309911 167.85999492049396
-120.16994954273187 13.346846604362849 168.37373529940933
-120.43585136804336 13.579577425022354 168.85864001624674
-120.70175319335485 13.812308245681871 169.34354473308414
-121.05610690598436 13.920255671723609 169.81554134277181
-121.33917450731249 14.046087921406791 170.3293885749508
-121.62224210864061 14.171920171089971 170.84323580712982
-121.89623057430563 14.396030715064189 171.3276992059146
-122.2118092280718 14.592432248833694 171.79869448277003
-122.55524144347696 14.68821194342399 172.28127148546088
-122.8711169199423 14.874202758571423 172.75627685390273
-123.18699239640762 15.060193573718852 173.23128222234459
-123.44875261385027 15.099765402660106 173.76972038863539
-123.79373344429943 15.305623036650582 174.21537817343273
-124.08151625336131 15.493303430201589 174.70726954831645
-124.38622262533741 15.662122353475388 175.19579201251011
-124.69092899731348 15.830941276749186 175.68431447670378
-124.98206981245535 15.95058578752599 176.19511993556213
-125.23873739535206 16.105033863741777 176.71499255807962
-125.53427297687661 16.296812803305478 177.20066689175681
-125.85789534449839 16.424020381518798 177.68963191629331
-126.1741963901159 16.577655125861419 178.17579034095758
-126.47757317887074 16.755382853450705 178.6619748521164
-126.78094996762556 16.933110581040001 179.14815936327523
-127.13879255711632 16.997368780900992 179.62546384146202
-127.42059843475117 17.125127304493407 180.13952921374454
-127.70240431238601 17.252885828085827 180.65359458602703
-128.00120631289894 17.46398091416081 181.12915344581671
-128.32819729892938 17.618078223059548 181.60803852017696
-128.65518828495979 17.77217553195829 182.08692359453721
-128.98097974731792 17.898795374099247 182.5745990384861
-129.3067712096761 18.025415216240209 183.06227448243496
-129.62708305849816 18.13290351728341 183.55810367141342
-129.96684427571915 18.267689546672834 184.03391355104387
-130.29559289595079 18.444202582488824 184.50377256487974
-130.66922133269284 18.448252896579611 184.97322478418801
-131.014083457162 18.557871856075845 185.45182043693214
-131.35894558163113 18.667490815572087 185.93041608967627
-131.71004675065862 18.749998692914396 186.40991626619763
-132.08622558605904 18.900035206357607 186.8526108882912
-132.45654354374898 19.032243838741469 187.30580564525064
-132.82686150143894 19.16445247112533 187.75900040221012
-133.16885666007835 19.356317770456052 188.21312265268892
-133.5417611821635 19.50690460316569 188.65839315836263
-133.91466570424865 19.657491435875336 189.10366366403633
-134.25873881401878 19.761528404523084 189.58406974672857
-134.61801070032374 19.884606851155432 190.04858606257275
-134.9933414862856 20.031559614879669 190.49303143192995
-135.36867227224752 20.178512378603912 190.93747680128712
-135.75283502355654 20.271332366521101 191.3889227342068
-136.13699777486559 20.364152354438296 191.84036866712651
-136.50279442937989 20.527848871648011 192.28690674814487
-136.89292074906737 20.6328801832965 192.73049425727976
-137.28377804193451 20.689983049167409 193.18212445923916
-137.65504598795067 20.882900046544069 193.61217462420149
-138.03956317229319 21.030249199344041 194.04856293994152
-138.42408035663576 21.177598352144017 194.48495125568155
-138.75733925941324 21.101469863419926 194.97804653747212
-139.1304189674243 21.259059569211423 195.42073945146436
-139.50349867543534 21.416649275002928 195.86343236545659
-139.79167159137774 21.600402954082462 196.35657631598423
-140.04189732967376 21.773636792307887 196.87366152867929
-140.44243319441523 21.831127014882362 197.3166805975286
-140.8429690591567 21.888617237456831 197.75969966637791
-141.21644811189037 21.98884038148837 198.2184683647103
-141.56875397885065 22.097808114212771 198.69176172968628
-141.92105984581093 22.20677584693717 199.16505509466225
-142.34655931900122 22.301794719551413 199.57727058704685
-142.69854398428976 22.42137897996728 200.04823385532001
-143.05052864957833 22.540963240383146 200.5191971235931
-143.41360858134615 22.671860246403192 200.97858686766938
-143.79855442848566 22.740834025392267 201.4336245722412
-144.18350027562516 22.809807804381339 201.88866227681302
-144.43460179815511 22.873772152257636 202.4298245330578
-144.88977832736214 22.925611057676164 202.81728686044465
-145.27399653455799 22.941740783784581 203.27784760692103
-145.69300153265215 22.947893011076836 203.70726228025143
-146.13603917325833 22.888972444565944 204.10756968194187
-146.55155915463772 22.931793558383525 204.53827781662926
-146.91526906489554 23.006366129585974 205.00961000607157
-147.33091406769194 22.965099981401234 205.44034929690119
-147.74655907048833 22.923833833216499 205.87108858773075
-148.11263731133928 22.942613256099786 206.3460981190579
-148.51492740410202 22.897781864943425 206.78898955906544
-148.91721749686479 22.852950473787068 207.23188099907293
-149.32756847178925 22.84838384053068 207.669592346012
-149.73615243673299 22.850996849724453 208.10896953678753
-150.14473640167677 22.853609858918226 208.54834672756306
-150.55051429499466 22.767836224291475 208.98192161716969
-150.98027864812394 22.687883986025341 209.39290852739381
-151.37786603001456 22.635844211836449 209.83924487552576
-151.80493552952581 22.613957753194178 210.26011614505518
-152.21393988879578 22.598238090648422 210.69882826741747
-152.6284800524526 22.590936627290308 211.132536857773
-153.03958422088553 22.576224500941052 211.56931702677721
-153.45068838931849 22.561512374591793 212.00609719578136
-153.88727343353091 22.468449767737152 212.40701221218197
-154.29805228574449 22.47409844511575 212.84430939604894
-154.71996563634744 22.406614946612272 213.26553985792549
-155.12759003936429 22.36424078699434 213.70377127699743
-155.61700769041587 22.292241633725567 214.04330991215951
-156.06549010559743 22.207944072030987 214.432870490716
-156.51397252077899 22.123646510336407 214.82243106927248
-156.96879251035568 22.094976689425462 215.21270894265299
-157.4196934234289 22.041109275053312 215.60486537605502
-157.87525094156555 22.002542025016918 215.99342671599226
-158.32280783262951 21.936264928503238 216.3875081488699
-158.78329012331548 21.840172198240154 216.75996250467091
-159.24346210587726 21.75277566404511 217.13493395995232
-159.703634088439 21.66537912985007 217.50990541523379
-160.14019887984423 21.539216569390625 217.90168876256195
-160.57676367124947 21.413054008931176 218.29347210989005
-160.97151218864209 21.402941810931576 218.74521468201266
-161.36094436268684 21.376546366363989 219.20089643754483
-161.75037653673161 21.350150921796395 219.65657819307694
-162.15564734833507 21.297187624467508 220.09583945747244
-162.59984557152046 21.252785704069243 220.49673396726757
-163.01782212605781 21.230047548974735 220.92659275356837
-163.45773123948695 21.175250496751669 221.3309159596667
-163.87600060081689 21.136688515446334 221.75935932228359
-164.2942699621469 21.098126534140995 222.18780268490042
-164.67975731909968 21.080500966906737 222.64724673699948
-165.06524467605249 21.062875399672478 223.10669078909854
-165.47876817020466 20.988967450319269 223.53510173060982
-165.8922916643568 20.915059500966059 223.96351267212111
-166.22802020215877 20.923261423911207 224.33986734300933
-166.56374873996074 20.931463346856351 224.71622201389761
-93.897532048741226 4.6818165731264738 122.31936627122892
-94.48783306941985 4.6162531252274981 122.23424201331522
-95.078134090098501 4.5506896773285224 122.14911775540156
-95.628276047439229 4.3121211454219219 122.12840828034197
-96.221623059540519 4.2992125726218422 122.04024540845856
-96.816563368926921 4.2268955600933724 122.01167482977721
-97.397558251670858 4.0809004444954313 121.97805381779203
-97.986307522892503 4.0159763868468747 121.88235030492845
-98.577953701476872 3.9709247443777458 121.79332699968003
-99.169599880061227 3.925873101908615 121.70430369443162
-99.757310186793475 3.8054445368215211 121.71397613320133
-100.35347799909867 3.7378941109764741 121.70940671973995
-100.94964581140388 3.6703436851314271 121.70483730627859
-101.54900716060595 3.6481555528617555 121.68829463814265
-102.14661190408637 3.5962739613844095 121.67499535111355
-102.74421664756679 3.5443923699070639 121.66169606408445
-103.34369266798042 3.5207689056934548 121.65330363371061
-103.9414527658403 3.4698174257601435 121.64398633264486
-104.53610707146788 3.3906565005945408 121.63304079814517
-105.13076137709547 3.311495575428939 121.62209526364548
-105.72412522219827 3.2338057454818858 121.57869436909687
-106.63914387993552 3.1892440386466427 121.47277980527818
