86.098915268753245 -51.921761353268018 250.86215296504784
86.098915268753245 -51.921761353268018 250.86215296504784
86.098915268753245 -51.921761353268018 250.86215296504784
85.868842623935521 -51.849274093580199 250.312778616093
85.638769979117768 -51.776786833892388 249.76340426713818
85.529955158218471 -51.702265764204256 249.17807876374269
85.421140337319159 -51.627744694516117 248.59275326034717
84.824644444579576 -51.573022923674344 248.55813855623538
84.748642717895223 -51.704765218541709 247.97773550207035
84.672640991210883 -51.836507513409074 247.39733244790531
84.376850887564814 -51.805282438580853 246.87624396282143
84.081060783918801 -51.77405736375264 246.35515547773753
83.935467764671174 -51.62132796841145 245.79348261516975
83.720747513340712 -51.503304198638901 245.24579145818683
83.506027262010235 -51.385280428866338 244.69810030120394
83.290610746363782 -51.639629646000081 244.19919930849079
83.118467899352794 -51.720123440604802 243.63008808100261
82.868515268038948 -51.717316792610937 243.08463798720271
82.618562636725144 -51.71451014461708 242.53918789340281
82.442891667389077 -51.683985610937746 241.96629351973857
82.267220698053023 -51.653461077258427 241.39339914607427
82.061288939140596 -51.628610493011628 240.83039420903211
81.855357180228168 -51.603759908764836 240.26738927198994
81.58540550572593 -51.634013033225628 239.73240250402856
81.381230795549925 -51.637065896318688 239.16821869732061
81.232366181198799 -51.487829522851214 238.60646445262961
80.956879307261303 -51.525955166475114 238.07481285845688
80.731263564969936 -51.534232550744903 237.5189090702525
80.591702924909285 -51.465717860317454 236.93940189605919
80.482017407904763 -51.500277825832164 236.35052610597859
80.190104234957147 -51.520371977255898 235.82671037068781
80.004602450142244 -51.406359299055964 235.26761270744805
79.801369402253641 -51.482653674142895 234.70825995955457
79.611025125430132 -51.576725963158466 234.14708310621873
79.405437681788356 -51.466940757139341 233.59419884024965
79.174416636022926 -51.517947039038042 233.0428118295028
78.943395590257438 -51.568953320936735 232.491424818756
78.772112134461196 -51.654052841795519 231.92272450284253
78.55625688336238 -51.692001763080349 231.36418498772619
78.340401632263564 -51.729950684365178 230.80564547260988
78.143846010777011 -51.668260138048097 230.24212070460308
77.947290389290458 -51.606569591731009 229.67859593659628
77.767128071878517 -51.896328783259079 229.18505652549544
77.560144140942199 -51.825310995304065 228.62638477381279
77.348685592175826 -51.913285763189819 228.0718167235529
77.180398813237062 -51.961932601012791 227.49795868779475
76.938534366529069 -52.25632069622592 227.03445330614809
76.813502215911768 -51.870852806031579 226.59198131049055
76.53957383181401 -51.964436975894706 226.06642898813189
76.414231345560481 -51.944023908003125 225.48002250129957
76.167241774987403 -52.003436686204772 224.93645440638002
75.960761839298087 -51.971703134922066 224.37399639205296
75.691980171278246 -52.142547843432183 223.81154567193676
86.098915268753245 -51.921761353268018 250.86215296504784
86.116927620696941 -52.492658172963232 251.0458711634914
86.134939972640638 -53.063554992658439 251.22958936193496
86.166162627841715 -53.661067449363131 251.27435553091246
86.318196900273932 -54.239251094185718 251.32524023259847
86.47023117270615 -54.817434739008299 251.37612493428452
86.560748196945696 -55.550783633620561 251.46803596608169
178.59490574873067 -39.855707182615909 483.85704123552659
178.59864624385619 -40.076052580569652 483.29897859182358
178.74954526812786 -40.298489484021374 482.76255403193028
178.83223646136264 -40.682276028397958 482.30882497740885
178.83183320675315 -40.908305593288773 481.75302782629979
178.83142995214365 -41.134335158179582 481.19723067519072
178.74704510357253 -41.629941567016836 480.8697348968193
178.58853748167104 -41.902954964997036 480.35950061894056
178.50991731040654 -41.867298441874595 479.76574352969521
178.46685008324872 -41.812677098438954 479.16978906601008
178.42378285609087 -41.758055755003298 478.57383460232495
178.23047149890141 -41.777251830450318 478.00615315127254
178.03716014171189 -41.796447905897324 477.43847170022008
177.72380551983994 -41.681437531932531 476.93989222327383
177.54485420861351 -41.754423548844798 476.37186980334161
177.33341722665571 -41.853255799304613 475.8191252068691
177.22947478322851 -41.886486378872938 475.22913224332132
177.02510523867051 -42.045354668909923 474.68784308244892
176.82073569411253 -42.204222958946914 474.14655392157658
176.65956694666906 -42.468306321880476 473.6324677300978
176.49224278028694 -42.397831287246404 473.06059720905489
176.21418317184344 -42.473855171086868 472.53438126171187
176.05267469114423 -42.289807253812491 471.98662093564838
175.91571676460444 -42.830247151341219 471.7648840566294
175.73240674076246 -42.966857601343804 471.21014536128797
175.56852843406506 -43.066036122734658 470.64154398819016
175.46142469869687 -43.09252501864048 470.05177528076001
175.36899301869187 -43.284033374093077 469.49072186590246
175.27656133868686 -43.475541729545668 468.9296684510449
175.18592189413781 -43.572359605379987 468.34450967771011
175.10669907401527 -43.632370466608648 467.75279822665777
175.08870117978469 -43.875389723978948 467.20451206382813
174.97442359760655 -44.005861095721883 466.63012730135006
174.93748795363487 -44.167382916181744 466.05345888733757
174.90055230966323 -44.328904736641569 465.47679047332502
174.80977516760188 -44.469522750989647 464.90060813715007
174.74116976311609 -44.689663715967214 464.34668462797742
174.55065646652329 -44.587415551213446 463.78699721823358
174.67776238370226 -44.748508657761221 463.2231771256146
174.56603109040782 -44.735427034463861 462.63381731257113
174.45429979711338 -44.722345411166501 462.04445749952765
174.34016186442699 -44.90481784537149 461.48438934021362
174.26822304447734 -44.956416157968967 460.8909565973342
174.23299464101376 -45.27234443049899 460.38208698121861
174.19776623755016 -45.58827270302902 459.87321736510302
174.05166929923851 -45.811611823225022 459.33583917238764
174.01660404260352 -46.117257141285116 458.82071650027444
173.92190740496375 -46.158628207437332 458.22968267577272
173.88309948856141 -46.285565284096279 457.64454942240747
173.83802145422084 -46.777082824888645 457.30340652285741
173.57264972736047 -46.544994217329062 456.81790397412652
173.46656121703182 -46.70256701237242 456.24876774945051
173.31011234230493 -46.86291784032035 455.69216074125433
173.15366346757807 -47.02326866826828 455.13555373305815
173.01054457416319 -47.10916865669062 454.5592394313644
172.86742568074828 -47.195068645112961 453.98292512967066
172.7242323478747 -47.309677720822201 453.41164548782643
172.59533166964036 -47.400545635290634 452.83274339137932
172.47889696475454 -47.636237723396818 452.29339916076003
172.33209228524044 -47.888027370850907 451.7689467229664
172.1852876057263 -48.139817018304988 451.24449428517272
171.89957369285924 -48.255721445853894 450.72977715541236
171.78364792272691 -48.507276429455018 450.19753538136166
171.66772215259459 -48.758831413056136 449.6652936073109
171.48492709148277 -48.939724848400459 449.12320179711412
171.30213203037098 -49.120618283744754 448.58110998691728
171.12773535566532 -49.164367570883627 448.00868374736626
170.92479872622016 -49.282610508671937 447.45656479995313
170.721862096775 -49.400853446460232 446.90444585253999
170.49669698860856 -49.573722242648728 446.37584671011848
170.27153188044215 -49.746591038837231 445.84724756769691
170.05701376919927 -49.805213933742401 445.28998162028785
169.84249565795642 -49.863836828647578 444.73271567287873
169.63415654401837 -50.14851708435198 444.24737871197885
169.43520886901675 -50.368379066331499 443.72576531923335
169.22224327268071 -50.246677701693685 443.17819392423308
169.02313676222516 -50.461795392637512 442.6546664879537
168.82403025176959 -50.676913083581333 442.13113905167438
168.62492374131403 -50.892030774525182 441.60761161539506
168.40318554458386 -50.821472859180332 441.05457115331922
168.15650209118309 -50.978913969963742 440.5307777107738
167.94764583567979 -51.101350806212224 439.98178929043451
167.74559593157971 -51.268656676253251 439.44217407372633
167.51285698004756 -51.291000715946339 438.88960432760388
167.31623004293638 -51.364302488191548 438.32749695548711
167.11960310582521 -51.43760426043675 437.76538958337034
166.92457363096116 -51.749479053133371 437.29136678052782
166.71203005204165 -51.685227596251103 436.73396479152115
166.53014458061119 -51.662247786372667 436.16265961596218
166.34000735889617 -51.825016910910087 435.61735781969173
166.15669619949114 -52.106164210695226 435.12001164783442
165.96555028275799 -52.269922429983602 434.57535902080343
165.77440436602473 -52.433680649271864 434.03070639377245
165.63531824331028 -52.509278177575936 433.45196632760928
165.45148508904697 -52.295964316222168 432.92215261700147
165.24500165534121 -52.44189791888185 432.3780313297687
165.06026450414757 -52.627658180914501 431.8382486790486
164.81040144872691 -52.760741131255166 431.30923319547139
164.67558797398766 -52.716885667923897 430.72622202459661
164.54077449924841 -52.673030204592635 430.14321085372183
164.33524755289662 -52.539191632314818 429.59562897774902
164.11631146534802 -52.617840752997914 429.04256360603904
163.91814664624957 -52.727414745326463 428.4869340129855
163.71998182715112 -52.836988737654984 427.93130441993196
163.53006737721211 -52.799441794511004 427.36339357414289
163.34015292727318 -52.761894851367039 426.7954827283537
163.16457560861403 -52.87053004774377 426.23212582613212
162.8067915509848 -53.241426231180711 425.9248367289967
163.05103149445188 -52.816560074526095 425.57866394129559
162.75367207547006 -52.807134727972063 425.05761832065843
162.58573312292145 -52.856033196566536 424.48367978040699
162.41779417037282 -52.904931665161008 423.90974124015548
162.24639743528439 -53.28764769124929 423.48061235208542
162.04912983616444 -53.288673683526078 422.91396921776078
161.85186223704449 -53.289699675802879 422.34732608343609
161.67433953153119 -53.385294647495243 421.78221787219297
161.49552834565856 -53.364668471669667 421.20985337235254
161.31671715978592 -53.344042295844091 420.63748887251205
161.10167183787203 -53.443576963796787 420.08626445415013
160.88662651595814 -53.543111631749468 419.53504003578809
160.6797995489878 -53.440607493178149 418.98122101543078
160.52510176526414 -53.727562917699501 418.47750960991289
160.29550263633126 -53.651835574838479 417.9283742809306
160.08500234099546 -53.739358235320353 417.37337030836318
159.88333678891132 -53.636989584568525 416.81762606462701
159.69663147253934 -53.500242576483721 416.26405458720217
159.42901908687986 -53.603643473717987 415.73708982036021
159.16140670122041 -53.707044370952261 415.21012505351825
158.98626317720715 -53.545465329029739 414.6594736581622
158.74556429817645 -53.504610302828908 414.11139071145845
158.50486541914574 -53.463755276628071 413.56330776475471
158.26416654011513 -53.422900250427247 413.01522481805085
158.00318867266651 -53.394201790585008 412.47571860760962
157.8023418846565 -53.371063086110652 411.91080696133093
157.60149509664654 -53.347924381636304 411.34589531505225
157.31229882261096 -53.432602347646977 410.82705511117803
157.15968412813226 -53.203764751752331 410.29381772526597
156.97359494907965 -53.161662422748364 409.72496079129053
156.81124778286841 -53.072005002994601 409.15434275380284
156.51605123206213 -53.053713072460482 408.63230405632015
156.22085468125582 -53.035421141926349 408.11026535883747
156.00274903665331 -53.021982941737541 407.55147260426008
155.78464339205081 -53.008544741548747 406.99267984968264
155.56653774744839 -52.995106541359895 406.43388709510521
155.28698394480014 -52.982250427491351 405.90314761875072
155.06428467884777 -52.999186394184605 405.34626503689304
154.82953866124018 -52.839869020409196 404.81757582607946
154.57890468173304 -52.871711972371621 404.27336204940093
154.39711697910531 -52.771663742313343 403.71038462282365
154.21532927647763 -52.671615512255059 403.14740719624643
153.94742475573827 -52.744567214417522 402.61551884619632
153.75212733805671 -52.517490421499609 402.0956197706393
153.49309179269093 -52.573657764582393 401.55733934576017
153.26689376162233 -52.751399661030931 401.03080134239519
153.0739877626728 -52.574173502545548 400.4910067848848
152.88108176372324 -52.396947344060166 399.95121222737441
152.64340029448059 -52.458595830816741 399.40375722168056
152.4057188252379 -52.520244317573329 398.85630221598666
152.05583574317018 -52.835135535848579 398.48424664280452
151.92195910414335 -52.464371391604246 398.03190717419091
151.72097121042515 -52.343501737774581 397.47964419936659
151.51998331670694 -52.22263208394493 396.92738122454227
151.30371199138079 -52.098164968253549 396.38173055703317
151.0874406660547 -51.973697852562154 395.83607988952406
150.90679020203444 -52.462883340331679 395.53932583579444
150.69999657477805 -52.283291617497071 395.00548764980971
150.49320294752164 -52.103699894662462 394.47164946382497
150.20967575324005 -52.115124686763657 393.94298907734964
149.99789470256164 -52.080476653625865 393.3826781811739
149.73177624396823 -52.063379907978721 392.84519453743758
149.49517694298984 -52.058071460984948 392.29383930606031
149.25857764201137 -52.052763013991168 391.74248407468315
149.03847803477919 -52.00102020373555 391.18671537775691
148.8228428770972 -51.940253548689668 390.63011058761765
148.60720771941521 -51.879486893643801 390.07350579747833
148.36138477593383 -51.888745981277125 389.52625325088371
148.11201636949531 -51.855179222612151 388.98156189737881
147.87269340166873 -51.806436468531118 388.43352114981042
147.6833261094923 -51.712398853399179 387.87200805504409
147.42592847049329 -51.631383902622211 387.33611344489361
147.2124230775928 -51.680295253986387 386.77752314162103
146.99891768469229 -51.729206605350569 386.21893283834845
146.80903384902811 -51.592440368649093 385.66644833589436
146.5950601043883 -51.514478078442913 385.1113473379574
146.38108635974851 -51.43651578823674 384.55624634002038
146.17039003453638 -51.503180633581543 383.9984266048574
145.96586162539876 -51.470566899363199 383.43530630314916
145.76133321626116 -51.437953165144847 382.87218600144092
145.555706409739 -51.419862804842793 382.30881192029801
145.35007960321681 -51.401772444540732 381.7454378391551
145.12885667910007 -51.331479623329187 381.19215731615492
144.90763375498329 -51.261186802117642 380.63887679315474
144.68860512108944 -51.422989460014648 380.10423078182379
144.49088648898191 -51.286016426527851 379.55455293925149
144.27227995868967 -51.142143162382297 379.01463473361503
144.05367342839742 -50.998269898236742 378.47471652797856
143.85499554799287 -51.108383555755132 377.91937691813075
143.65631766758835 -51.218497213273508 377.36403730828295
143.46447581907714 -51.024896562558375 376.82951369495754
143.27786820549218 -51.077694530050046 376.26171974185411
143.09126059190723 -51.130492497541717 375.69392578875056
142.86916129808108 -51.026547154568547 375.14632441059661
142.64706200425491 -50.922601811595356 374.59872303244265
142.44885098239735 -50.916086978269888 374.0324457613458
142.25063996053973 -50.90957214494442 373.46616849024895
142.0524289386822 -50.903057311618959 372.89989121915204
141.83850868140578 -50.9140882618848 372.33943030020851
141.56512604190155 -50.914453489800543 371.80533124663674
141.39178844150416 -50.853438779982284 371.23416464968426
141.21845084110677 -50.792424070164039 370.66299805273178
140.99129559810734 -50.775196344968307 370.10792715540208
140.75898142927267 -50.673045909175961 369.56424028281265
140.5101001981599 -50.783047042231587 369.02948998264787
140.31158936886021 -50.755449493612751 368.46395322348809
140.08089815553029 -50.636630261636441 367.92296934738368
139.8453932879876 -50.476634951075724 367.39482262727432
139.6392291472765 -50.605921269986098 366.84638722102534
139.35676352860258 -50.645808036250969 366.31854044387876
139.18270736059375 -50.555386659988116 365.75150567854877
138.93355061949893 -50.559468968848563 365.20569962039133
138.68439387840414 -50.56355127770901 364.65989356223383
138.42287808429683 -50.609402501217261 364.12183487144335
138.14076892712907 -50.688048942306004 363.59816592950943
137.85865976996132 -50.766695383394755 363.07449698757551
137.64561984560288 -50.612692321607497 362.53514826217651
137.43957159874407 -50.450878567143754 361.99537013291155
137.25461461289143 -50.333645224304512 361.43675823122038
137.06965762703879 -50.216411881465277 360.87814632952922
136.80274722766612 -50.327130478927288 360.35231343698376
136.53583682829347 -50.437849076389298 359.8264805444382
136.30028145404279 -50.466917294553546 359.27541911015493
136.06472607979214 -50.495985512717802 358.7243576758716
135.7983065829917 -50.509687085254512 358.18692589542439
135.53188708619126 -50.52338865779123 357.64949411497719
135.31360446837431 -50.425075899775919 357.09932386826222
135.06549699954471 -50.586259447329823 356.57734441664667
134.80824142493773 -50.533380571730163 356.03787857542136
134.5635028309602 -50.479159423998887 355.49275190412686
134.2903179241016 -50.469776482291657 354.95863397045531
134.017133017243 -50.460393540584434 354.42451603678376
133.7685786187898 -50.368822463300681 353.88615235968933
133.51105016796191 -50.388504459449763 353.34458822125163
133.24935181701136 -50.34595338261304 352.80634721671015
132.98455719982806 -50.35266208455328 352.26798042350219
132.71976258264473 -50.359370786493521 351.72961363029424
132.46559597090857 -50.258957943336647 351.19546328216398
132.21142935917243 -50.158545100179772 350.66131293403367
131.95155768535986 -50.099400381697237 350.1237549228149
131.73787597065964 -50.368538347230476 349.63191665639863
131.46459325246923 -50.279821364625697 349.10518536538206
131.19131053427881 -50.191104382020924 348.57845407436554
130.93564923935375 -50.251301613865067 348.0389973146938
130.6578493987372 -50.269667586645014 347.50749948817213
130.39684809034904 -50.265242622708541 346.96725997026005
130.17692336690808 -50.160504674017133 346.41893244211349
129.95699864346713 -50.055766725325732 345.87060491396687
129.67983208846442 -50.078109471611441 345.33892878842016
129.40266553346171 -50.100452217897157 344.80725266287345
129.30418082481978 -50.175063989563284 344.22011226595589
129.15738374450569 -50.474311523504468 343.72121194460766
128.85426731849446 -50.073339968635722 343.39358068164836
128.58971981223016 -50.081580311694879 342.85511367831793
128.34681098925353 -50.145832104540382 342.31025864178417
128.1039021662769 -50.210083897385871 341.76540360525036
127.84746336801661 -50.039721761798951 341.25041245435057
127.65898893944491 -49.96198676319942 340.6861123039277
127.47051451087319 -49.884251764599895 340.12181215350483
127.21323295144302 -49.946366919730238 339.58334404239673
126.96036961136363 -49.97775323471479 339.04013595107665
126.70750627128423 -50.009139549699341 338.49692785975662
126.42942305962954 -49.969340681163395 337.96675262697124
126.24062719440701 -49.791746685569088 337.42562741594912
125.97825499884007 -49.84462858810015 336.88863175919005
125.69737932013345 -49.891601337022067 336.36051963665375
125.46347378964228 -49.922232899737566 335.80884046342783
125.21962141399806 -49.889792194206073 335.26158949767512
124.95294804769021 -49.862909770441682 334.72478166334832
124.68627468138234 -49.836027346677298 334.18797382902159
124.46017263233109 -49.827057056023619 333.63227841127872
124.23407058327984 -49.818086765369941 333.07658299353585
124.02977217925149 -49.692846393457017 332.52651298766875
123.67120578597553 -49.819768092395705 332.06248602298717
123.45493375717191 -49.739531362226771 331.50860112818594
123.23866172836833 -49.659294632057843 330.95471623338472
122.95767458327551 -49.705681500030174 330.42661161991089
122.70550768916269 -49.709550776911087 329.88218817606423
122.34438787388729 -49.71213551047488 329.40303705359042
122.1134217546557 -49.745892592062091 328.8503028396957
121.88245563542425 -49.779649673649388 328.29756862580092
121.70234866251749 -49.593851317899912 327.75623651950093
121.47038008305631 -49.483120178370299 327.21408414896177
121.24435048248461 -49.616661908868075 326.67456841621521
121.01832088191286 -49.750203639365857 326.13505268346864
120.77806954323334 -49.453113429357074 325.67243329198186
120.52265467463289 -49.542754937697829 325.13696373646985
120.27366358176266 -49.63584682944331 324.59906287630827
120.02467248889241 -49.728938721188783 324.0611620161468
119.7553028878604 -49.735517219242794 323.52506804919392
119.53600126556573 -49.76505228378975 322.96736339758957
119.3026550149696 -49.755414342831251 322.41468208125366
119.01518662952564 -49.749139911596949 321.88806784019772
118.72771824408169 -49.742865480362639 321.36145359914178
118.57411382962133 -49.855031509823917 320.79239783237267
118.3178032511053 -49.93536905907488 320.25588057680568
118.06351950180711 -50.003337684031408 319.71669596939893
117.84722162172088 -49.860612593497009 319.17554462679487
117.5539699736112 -49.821722237712052 318.65353791121748
117.19562899427993 -49.857727597747619 318.17364692715898
117.06943155334648 -49.963359365618139 317.59665807499772
116.84868087545806 -50.024034048389282 317.04205215988105
116.62793019756967 -50.084708731160426 316.48744624476433
116.38860052108564 -50.096218096694287 315.93736548663964
116.1492708446016 -50.107727462228141 315.38728472851494
115.89412919029549 -50.112405876143114 314.84425540271275
115.6389875359894 -50.117084290058088 314.30122607691055
115.38791472133728 -50.027754973531238 313.76365495142898
115.13684190668513 -49.938425657004387 313.22608382594746
114.89397159461298 -50.151498236330013 312.72050090747268
114.65110128254086 -50.364570815655632 312.21491798899785
114.40643979989287 -50.235313048569353 311.68253355218889
114.16177831724485 -50.10605528148308 311.15014911537997
113.89066666649455 -50.105348315501026 310.6148940611987
113.61719889986318 -50.123956579088002 310.08116274945098
113.36222896606289 -50.042338645684623 309.54420013827138
113.10725903226262 -49.960720712281251 309.00723752709177
112.89254360209277 -50.122545483109327 308.47085144636878
112.63365318896653 -50.189377841654569 307.93372093164948
112.37476277584031 -50.256210200199817 307.39659041693022
112.13781769736431 -50.16686164775772 306.85264752841846
111.90087261888831 -50.077513095315616 306.30870463990669
111.59086857361983 -50.205153326862209 305.81110493813037
111.34799147382466 -50.110954149748657 305.27060773237793
111.10125043604921 -50.147725605180526 304.72492767928554
110.84280930328994 -50.100457155407042 304.18550773661184
110.58265918147663 -50.036576636667689 303.64862675031588
110.32234904527554 -49.971032929266073 303.11202386604202
110.06203890907447 -49.905489221864464 302.57542098176816
109.6967548455475 -49.884731511221489 302.08963277198137
109.3314707820205 -49.863973800578506 301.60384456219464
109.3314707820205 -49.863973800578506 301.60384456219464
109.15711440780521 -49.99073484896924 301.04390573394517
109.05933169267284 -50.246466835961712 300.5100146481887
108.83954869610857 -50.281440362006343 299.95281424716836
108.61976569954432 -50.316413888050974 299.39561384614797
108.2711807464963 -50.374318250741801 298.91070600408943
108.03845559942256 -50.371249017472422 298.3576873916299
107.80573045234878 -50.368179784203036 297.80466877917041
107.56226713926382 -50.541342454238951 297.28434166581985
107.31880382617888 -50.714505124274851 296.76401455246935
107.06086031949103 -50.66183774084223 296.22485660336724
106.8029168128032 -50.609170357409603 295.68569865426514
106.49979527622008 -50.705206881829106 295.17688206644897
106.19667373963701 -50.801243406248595 294.66806547863274
106.04705930248346 -50.673046154579922 294.10133716201199
105.78515015142617 -50.638069970986507 293.5626533371447
105.53851423940232 -50.665077765224552 293.01635551914558
105.29187832737848 -50.692085559462583 292.47005770114652
104.9810801786343 -50.794308144645314 291.96711132844291
104.71785681656709 -50.766541977177873 291.42864823629435
104.48188387406199 -50.831390115169981 290.88082391280693
104.24591093155691 -50.896238253162096 290.33299958931946
104.05651785655323 -50.99196467954782 289.77178063522751
103.85969674913403 -51.082901373052671 289.21232378304973
103.47748996604544 -50.849848529626044 288.81281865525807
103.18969800168142 -50.836192377466176 288.28652093081337
102.92102632429264 -50.857793323526849 287.75047155911483
102.62784201515717 -50.913920449367318 287.22999801836409
102.391932907913 -50.917284160376212 286.67833183436557
102.15602380066882 -50.920647871385121 286.12666565036704
101.89387847293457 -50.981906642878549 285.59045003136453
101.64252314756621 -50.997512555311864 285.04586123611978
101.39116782219781 -51.013118467745173 284.50127244087514
101.12098861523654 -51.017997325874283 283.96556786476145
100.8508094082753 -51.022876184003394 283.42986328864777
100.6009534706595 -51.062718032697056 282.88581858687155
100.3510975330437 -51.102559881390725 282.34177388509528
100.13122376412186 -51.059371743224631 281.78518578743075
99.846762529775475 -51.152535691419587 281.26518359040568
99.562301295429066 -51.245699639614543 280.74518139338068
99.36822602826939 -50.919535555318447 280.28047527033925
99.119631648231817 -51.019794356896412 279.74368014469087
98.871037268194243 -51.120053158474384 279.20688501904249
98.607350207667281 -51.158250559843388 278.669288429917
98.343663147140262 -51.196447961212414 278.13169184079163
98.075917109384676 -51.261743617166658 277.59872980032372
97.808171071629118 -51.32703927312091 277.06576775985587
97.581309122545008 -51.300112652166533 276.51096273722021
97.354447173460912 -51.273186031212163 275.95615771458455
97.101598075413122 -51.287902525861888 275.41223606728448
96.848748977365346 -51.302619020511614 274.86831441998436
96.584505835429837 -51.344514121089979 274.3312665985685
96.334218742469631 -51.333028084765679 273.78608365489993
96.081034363712817 -51.331577880848613 273.24212081861231
95.827849984956032 -51.330127676931546 272.69815798232463
95.606735825207352 -51.298236972583467 272.1412993725009
95.456811455032096 -51.567283672326745 271.62638524705392
95.147661225456616 -51.411428325546844 271.13634928262525
94.886805411114025 -51.423713173094278 270.59616105002073
94.638678095149373 -51.440732597779096 270.05013616573837
94.390550779184721 -51.457752022463907 269.50411128145601
94.152894064371353 -51.35081912614303 268.96366272554292
93.872521468348125 -51.336212284966372 268.43340066996092
93.681301590870277 -51.556597851741913 267.90912482613976
93.364833346481532 -51.363108989137984 267.43752127405207
93.257993479302783 -51.694828782989326 266.94910831236035
93.151153612124034 -52.026548576840682 266.46069535066869
92.828038706513183 -51.628354183144303 266.14918614919804
92.52108870179427 -51.5574261521338 265.63854840184672
92.285217496618827 -51.528523703228906 265.08761335756623
91.966913778244162 -51.486211027118863 264.58076783838976
91.648610059869512 -51.443898351008805 264.07392231921324
91.217394995790343 -51.34924951120162 263.66760327506893
91.110974518603982 -51.153122991368647 263.11063911980074
91.004554041417606 -50.956996471535668 262.55367496453249
90.88189424598724 -51.216946182458301 262.02700550236841
90.759234450556875 -51.476895893380927 261.50033604020433
90.636574655126481 -51.736845604303561 260.97366657804025
90.263615509878477 -51.791164954950681 260.50681447713339
89.890656364630487 -51.8454843055978 260.03996237622653
89.806558662213348 -51.749701004474275 259.45365773214291
89.608056640517802 -51.47165106164816 258.96041826020542
89.359033411167246 -51.517557147072736 258.41646967571899
89.110010181816691 -51.563463232497313 257.8725210912325
88.917944339917625 -51.446644099074888 257.31622620320815
88.656440051053963 -51.588926346658852 256.79529312792073
88.394935762190272 -51.731208594242823 256.27436005263337
88.196355224975633 -51.804984460423192 255.71300197456836
87.97220735879462 -51.76966186771277 255.15756516580365
87.748059492613578 -51.73433927500237 254.60212835703896
87.367059876391878 -51.856955046224826 254.15513320596187
87.176111973407743 -51.672369483202409 253.61711176747673
86.985164070423622 -51.487783920180007 253.07909032899153
86.766023127010584 -51.615728942487692 252.53539251017418
86.7301465776886 -51.888960058645218 252.00242193840489
86.385664088727751 -51.828293079384572 251.51492698209591
86.098915268753245 -51.921761353268018 250.86215296504784
