86.412783696261201 -21.703611860646056 267.25878253538525
85.225558124358173 -21.850526325721326 274.54928637898399
86.412783696261201 -21.703611860646056 267.25878253538525
85.852590043245314 -21.749067123389068 267.46882274632037
85.363213469994633 -22.053423258438162 267.63578954724619
84.873836896743938 -22.357779393487256 267.80275634817201
84.352088080392065 -22.58724703128048 267.99016706248955
83.82194043980914 -22.814934089377452 268.15479416463097
83.27477502132902 -23.012341065473329 268.30190123654853
82.727609602848901 -23.209748041569199 268.44900830846609
82.197800565714829 -23.454019618929671 268.58912890175947
81.63781174610628 -23.645606143938615 268.68765364661283
81.083433608639211 -23.815085428653394 268.842384550931
80.523560678492601 -24.003317683453993 268.94779290136745
79.968064944215001 -24.191817999891324 269.07385685300477
79.412569209937402 -24.380318316328655 269.19992080464215
78.860573286590082 -24.581271001669638 269.32206219345926
78.300254399743196 -24.760733147645855 269.43968907475892
77.742276381926089 -24.947364007479994 269.55728777284043
77.195349419218758 -25.159769411060513 269.68280606630208
76.643384758225082 -25.353575326383492 269.81612628307346
76.091420097231392 -25.547381241706471 269.94944649984473
75.533606759388292 -25.727191785550655 270.07794727200894
74.985008004542834 -25.912940515706527 270.23458958885686
74.436409249697377 -26.098689245862392 270.39123190570479
73.926843078833386 -26.354335898229902 270.57828031292684
73.39290421467345 -26.569172349453101 270.74785209290633
72.858965350513486 -26.784008800676311 270.91742387288576
72.317182274484281 -26.959027340099073 271.10673739429052
71.787919022244793 -27.173028820259123 271.29135531410918
71.258655770005305 -27.387030300419156 271.4759732339279
70.743894768201272 -27.621678875875027 271.6758761029875
70.22913376639724 -27.856327451330905 271.87577897204704
69.691238989246528 -28.040454110081367 272.06752511216825
69.153344212095817 -28.224580768831828 272.25927125228947
68.618744442541271 -28.41557089752493 272.45350270477337
68.082633849647948 -28.604481392013106 272.64559189567126
67.546523256754611 -28.793391886501286 272.83768108656909
67.005104770055624 -28.980981299263515 273.01565927197424
66.464838152388296 -29.189949604591597 273.17200577562119
65.924571534720968 -29.398917909919675 273.32835227926813
65.358000446776103 -29.514841609296475 273.48822378463348
64.791429358831238 -29.630765308673272 273.64809528999876
64.251471455826689 -29.859058307483444 273.77587545151528
63.711513552822147 -30.087351306293623 273.90365561303179
63.176429488681677 -30.287940010495497 274.08654688141144
62.6413454245412 -30.488528714697377 274.26943814979114
62.090319626828524 -30.698680216562099 274.37992306513758
61.539293829115834 -30.908831718426814 274.49040798048395
60.971350622497496 -31.028633869056677 274.64235520408658
60.408516663124963 -31.194034150629875 274.76829439986193
59.834798118949948 -31.324251253481247 274.88615252726385
59.306588855456837 -31.510934809919984 275.10096459330168
58.71823971455084 -31.576071559260885 275.19895690055324
58.159558351385655 -31.720880614758649 275.3629857757482
57.610146304742933 -31.924245634369164 275.49255842642214
57.060734258100169 -32.127610653979666 275.62213107709596
56.499066415591734 -32.285048423332427 275.76263938102545
55.941242197683763 -32.443800727108012 275.91635941212519
55.3834179797758 -32.602553030883605 276.07007944322493
54.845927970488333 -32.825802348046643 276.21590204881954
54.33800244597218 -33.108449237858018 276.36463804723599
53.830076921456019 -33.3910961276694 276.51337404565248
53.304843817356165 -33.620137574977257 276.69133528236637
52.779610713256304 -33.849179022285121 276.86929651908031
52.304038926889874 -34.123077238394565 277.11180681416965
51.828467140523422 -34.396975454504009 277.35431710925889
51.337332406692909 -34.578869301711514 277.64706495566139
50.819551982756579 -34.696426097389903 277.92649980026408
50.392653953691422 -35.004271481665583 278.21457842175562
49.861756026027152 -35.21996872622298 278.53601513188721
49.330858098362881 -35.435665970780384 278.85745184201892
49.330858098362881 -35.435665970780384 278.85745184201892
48.918762054990211 -35.768182509769503 278.57530010565125
48.569513273052443 -36.106798336882449 278.22406712037849
48.220264491114676 -36.445414163995402 277.87283413510579
48.096154430440642 -36.86082243458641 277.45806593289632
47.878604904473129 -37.083254092929749 276.94503926583315
47.661055378505623 -37.305685751273074 276.43201259876997
47.536765412183556 -37.80337579032291 276.12079462161853
47.026784826782809 -38.135057744833993 275.52585825198901
86.447743291627518 -13.223665011375582 277.21760003857923
86.391278663086197 -13.724678437518355 276.89233508112392
86.334814034544891 -14.225691863661137 276.56707012366871
86.430793381827812 -14.805156065070884 276.68958218095167
86.24490345071689 -15.269253393683936 276.35783136620392
86.235328491097249 -15.869052484627238 276.34560963752625
86.207178442192998 -16.450953497442825 276.20208686570629
86.179028393288746 -17.032854510258399 276.05856409388628
86.146427565810654 -17.620216068426942 275.94048113138297
86.111721959245131 -18.154236814735288 275.66915593280163
86.038187125538954 -18.707390217877442 275.44867023978725
85.962727097182864 -19.077734527719993 274.98267573736496
85.842585228617565 -19.633227143822904 274.79033779292138
85.758107966140642 -20.046428263802405 274.36357272104681
85.673630703663648 -20.459629383781976 273.93680764917235
85.692787098585811 -21.051568491817729 273.84067687932509
85.43349759100488 -21.547510608751825 274.05703391736495
85.225558124358173 -21.850526325721326 274.54928637898399
