-44.566447399026146 130.67750055111645 376.36768951002415
16.693859323389468 132.15046740365827 93.489470101920702
-44.566447399026146 130.67750055111645 376.36768951002415
-44.343646360080982 130.34847602247345 375.91813133070116
-44.120845321135818 130.01945149383045 375.46857315137811
-43.970908405824126 129.79518872383119 374.93263926420633
-43.832069707527921 129.55556245785203 374.40037704639604
-43.532406038443206 129.41546309335891 373.89980352182715
-43.288385318716884 129.27150899030846 373.37090740295389
-43.087207886870672 129.03447201382832 372.85773967920568
-42.831285142566479 128.94101771704896 372.32316522848691
-42.524149218056252 128.79409476048301 371.82911951328521
-42.397143733620609 128.68475885538308 371.25299863466751
-42.27013824918496 128.57542295028318 370.67687775604975
-42.160642829172126 128.33201141198666 370.13951235334849
-42.121378961034829 127.97559857803587 369.65844246190437
-42.082115092897524 127.61918574408514 369.17737257046019
-41.833217412791569 127.78471447031916 368.65713206297426
-41.742809246491703 127.60279814644935 368.09256779331497
-41.713942932286791 127.39737249035279 367.52956953779233
-41.685076618081879 127.19194683425621 366.96657128226968
-41.637529453118979 126.83121449109754 366.48948487112045
-41.589982288156087 126.47048214793885 366.01239845997122
-41.538469801682481 126.33178083010921 365.43092755943564
-41.520195020492061 125.97563502380542 364.94840688938655
-41.402632695913461 125.85979785929241 364.37155261735825
-41.285070371334868 125.74396069477939 363.79469834532995
-41.273826317857129 125.92647227119312 363.22324135155321
-41.147000936949759 125.58996960398397 362.7429484432995
-41.066968319803749 125.22801538956794 362.27116043279136
-40.975693687795356 124.96647836302452 361.73893179273284
-40.845183534169358 124.78366020260951 361.18256445003294
-40.714673380543367 124.6008420421945 360.62619710733304
-40.602680894911806 124.49683346283902 360.0459903350677
-40.46543278456155 124.31435240237802 359.49113574260377
-40.3281846742113 124.13187134191699 358.93628115013985
-40.19799692529056 124.01064904192067 358.36325732514251
-40.067809176369821 123.88942674192432 357.79023350014523
-39.921534295648421 123.79629569985725 357.21583793237556
-39.768357629874778 123.51012397443716 356.711216636122
-39.597917826134832 123.30455413421581 356.17391661370209
-39.402617728363879 123.19626789293832 355.61702168486846
-39.187653773585509 123.17160127956352 355.0573949732734
-38.972689818807098 123.14693466618871 354.4977682616784
-38.815324526678879 122.87170667331615 353.98837085613661
-38.630266236836732 122.66768776899369 353.45533266234577
-38.445207946994593 122.46366886467123 352.92229446855498
-38.262803903362048 122.80325615466299 352.46250186602367
-38.092306626865636 122.5710666588528 351.9361761904741
-37.92180935036923 122.33887716304261 351.40985051492453
-37.689586285621957 122.2991829170127 350.85803821438066
-37.516665436105995 122.20969969188641 350.29050748197608
-37.362251278022292 122.27443729875537 349.71434317377907
-37.194670252130486 122.27646478154398 349.13822470586246
-37.006485847127955 122.28594589461655 348.56857855410794
-36.854637701043373 122.28009030434657 347.98814091525838
-36.702789554958784 122.27423471407656 347.40770327640882
-36.566058159599734 122.08444048267238 346.85517936267399
-36.378568131644535 122.06279354278247 346.28563665188688
-36.191078103689343 122.04114660289254 345.71609394109976
-36.080166903786797 122.29286610368749 345.18286228538551
-35.926216059322549 122.19719330912255 344.61089563087768
-35.772265214858308 122.10152051455762 344.03892897636985
-35.577489310805532 122.126683768772 343.47198174969196
-35.382713406752757 122.1518470229864 342.90503452301402
-35.224931866336021 122.00943986673096 342.34394167209632
-35.048056230440928 122.02079957849917 341.77071748700359
-34.882760946107609 122.03681278178958 341.19415782287717
-34.675065053175587 122.08068054843397 340.63296442028872
-34.554826904963321 122.00616520336303 340.04987759050823
-34.419352390566658 121.84180545750644 339.48895644641493
-34.238289718962172 121.83257001417284 338.9170027633794
-34.057227047357685 121.82333457083924 338.34504908034393
-33.907831831599964 121.74465474750181 337.76929691585963
-33.716304908346203 121.75816450654129 337.20084733667107
-33.52477798509242 121.77167426558074 336.63239775748252
-33.450323964821621 121.64509483345037 336.05064674009873
-33.375869944550821 121.51851540132002 335.46889572271493
-33.161480640572897 121.70633635499527 334.94091796210341
-33.014456836843266 121.56904876541094 334.37564270270934
-32.859787361200077 121.44914580258421 333.80845610836002
-32.664703321505037 121.57943228676913 333.25621734704839
-32.479529178097089 121.52973164788598 332.68767501519631
-32.294355034689097 121.48003100900287 332.11913268334433
-32.158146623681752 121.48353166500559 331.53480827500732
-32.007461781652026 121.54726580186431 330.95754573665812
-31.823071024177342 121.50582220774314 330.38808768107879
-31.638680266702664 121.46437861362195 329.8186296254994
-31.468146603487803 121.48489199563183 329.24374053109159
-31.29597652651038 121.36715743665896 328.68116072500442
-31.218692296296194 121.48481695116728 328.09790830417285
-31.099430520971083 121.56699308445279 327.51565087651346
-30.855785197574875 121.43001369771666 326.98473317667992
-30.657658463399788 121.37032497321236 326.42154310807769
-30.459531729224693 121.31063624870804 325.85835303947545
-30.261404995049567 121.2509475242038 325.29516297087326
-30.184206625911379 121.63773350869478 324.84301585542988
-30.061667386114966 121.35142486164114 324.33016939367701
-29.912413372014147 121.3026680983666 323.75107871225504
-29.763159357913338 121.25391133509208 323.17198803083306
-29.621918344240509 121.38654530302327 322.60413311396826
-29.48067733056768 121.51917927095447 322.03627819710351
-29.409591343403925 121.31400481155599 321.47694804089923
-29.272363990551916 121.34159761657915 320.89350370701624
-29.135136637699912 121.36919042160234 320.31005937313319
-29.030386710313401 121.42447551259639 319.72186636788211
-28.859305126175265 121.38223572730541 319.14832744844648
-28.698511593711316 121.3128992005509 318.57444776944101
-28.606729617696139 121.20480927477774 317.99144465038842
-28.514947641680966 121.09671934900459 317.40844153133577
-28.449278611217601 121.45950885340308 316.93507977333633
-28.383609580754232 121.82229835780156 316.46171801533694
-28.277227952863136 121.45518634590027 315.99921210189899
-28.17084632497204 121.08807433399902 315.5367061884611
-28.101127411398561 121.36675147644382 315.00994407576798
-27.800484562907023 121.32232390115743 314.49260466280481
-27.834234293923636 121.40631130073533 313.89947139585001
-27.686148774570238 121.45769395743737 313.32030777341845
-27.54101322128971 121.35621947579193 312.74703767935387
-27.363743738072685 121.27303229993963 312.17989093988189
-27.186474254855646 121.18984512408733 311.61274420040996
-27.185105127113069 121.26332022045099 311.01726159302029
-27.018361289683249 121.21664795915312 310.44278949386796
-26.926046738788479 121.26520632198913 309.85192562706629
-26.833732187893709 121.31376468482514 309.26106176026462
-26.553211181006539 121.23657085500975 308.73632460955639
-26.542888931415057 121.13476219994484 308.14511529897572
-26.389915321188006 121.09674399760368 307.56619070037516
-26.284328986111298 121.08807502709581 306.975617779564
-26.227689924080966 120.83769417829171 306.43330657075074
-26.171050862050635 120.58731332948764 305.89099536193754
-25.989234065023005 121.12559911868118 305.69814552016703
-25.94525914493833 121.16813861824149 305.1012731741996
-25.901284224853658 121.21067811780176 304.50440082823218
-25.578239410515572 121.23345131682058 303.99930338284588
-25.545723112137146 121.21055795517441 303.40062267968909
-25.513206813758721 121.18766459352824 302.80194197653231
-25.39733251382588 121.11696885281594 302.21749757467683
-25.262150598041437 121.18085374225527 301.63642565955257
-25.139048019268891 121.22273175240878 301.05068511343586
-25.024932792809004 121.23937111781945 300.46187203052352
-24.910817566349117 121.25601048323014 299.87305894761118
-24.788236076943857 121.24097955442321 299.28590662526682
-24.665654587538601 121.22594862561625 298.69875430292245
-24.564206492174744 121.26342228687754 298.10858143955215
-24.462758396810891 121.30089594813884 297.51840857618186
-24.30226760818454 121.33272617530474 296.94114819870504
-24.141776819558185 121.36455640247064 296.36388782122827
-24.013633024493029 121.33375855424845 295.77854120568225
-23.872154890157582 121.29168570679644 295.19697967582294
-23.730676755822142 121.24961285934447 294.6154181459637
-23.620176817010339 121.42088230808113 294.05109860930736
-23.509676878198544 121.59215175681781 293.48677907265107
-23.399351388852914 121.51039555816007 292.90270355494664
-23.288978100073727 121.47308024273499 292.3141244996288
-23.178850581298448 121.74004484044747 291.7881950051368
-23.071893443239141 121.72645984867543 291.19796147625465
-22.96493630517984 121.71287485690337 290.6077279473725
-22.85526621259293 121.85558249341508 290.03535831044786
-22.745596120006009 121.99829012992681 289.46298867352323
-22.584150971887624 121.94573137467448 288.88751231310926
-22.422705823769249 121.89317261942219 288.31203595269523
-22.432068636497554 121.94335502455183 287.71421151027653
-22.309444069432896 121.89729034548125 287.12868502847203
-22.186819502368241 121.85122566641067 286.54315854666754
-22.137907183194212 122.03982516680244 285.9756747905256
-22.023799687392788 122.03847211459124 285.38662670365011
-21.937973167915647 121.86142764236277 284.81980304199885
-21.852146648438513 121.68438317013428 284.25297938034754
-21.893213753788828 122.22429666164135 284.51144971626024
-21.763573503748539 122.10042845704007 283.93886778023852
-21.635660803207664 121.96657216808804 283.36814820378407
-21.544584598444381 122.13478915922524 282.79945833327588
-21.453508393681101 122.30300615036246 282.23076846276768
-21.385666055213477 122.33657291656831 281.63556203696419
-21.309323360861509 122.44124489674951 281.04971600805897
-21.23298066650954 122.54591687693066 280.46386997915374
-21.19418247961223 122.81612062084653 279.92956235477681
-21.081592032942925 122.68838520542658 279.35423022898658
-21.009922930384626 122.6818090987438 278.75856228914142
-20.908811931902548 122.65963247904089 278.1675591051191
-20.80770093342047 122.637455859338 277.57655592109683
-20.731822020635821 122.71047355986582 276.98586919701694
-20.67234716027756 122.86403297304878 276.40890971177703
-20.612872299919307 123.01759238623177 275.83195022653717
-20.42110785660142 123.07754996433974 275.26659061787524
-20.229343413283569 123.13750754244765 274.70123100921325
-20.245159172960655 123.26590827093089 274.11534440357116
-20.134247862535005 123.28821773698148 273.52610678686273
-20.023336552109363 123.31052720303209 272.93686917015435
-19.987857589820571 123.26707552884207 272.33949726317763
-19.952378627531786 123.223623854652 271.74212535620097
-19.816367523922018 123.52912697286422 271.24395989728447
-19.730732586957 123.2320886631957 270.72972755664426
-19.625430310341425 123.01276329597822 270.18126806512782
-19.49691337141406 123.23794710202466 269.64018059539382
-19.368396432486694 123.46313090807112 269.09909312565981
-19.276314482233069 122.98258891781067 268.75181757219536
-19.243222507632009 122.9181190882523 268.1562098470157
-19.158558292301898 123.07207438812115 267.58251154975062
-19.050413841433691 123.05505604172552 266.99258345783403
-19.030108501513105 123.25421849964096 266.42696697245918
-19.009803161592508 123.45338095755638 265.86135048708434
-18.928658760030835 123.68000246346037 265.31175219818869
-18.685958095801219 123.43331653750238 264.82160687125315
-18.603671668844395 123.3761738393285 264.23002961004033
-18.561982235134341 123.48484897160461 263.64142812623169
-18.402725602710753 123.42695886099875 263.06585357838998
-18.243468970287154 123.36906875039287 262.49027903054832
-18.108276754008891 123.39464411855951 261.90626793031061
-18.041261310194418 123.32213969109708 261.31444697910263
-17.900968195828256 123.46433904698543 260.74867566024102
-17.804136482430774 123.44995036656198 260.15671570791642
-17.707304769033293 123.43556168613854 259.56475575559182
-17.610132819390774 123.51929803798323 258.97862792347462
-17.512960869748255 123.60303438982794 258.39250009135742
-17.41384729665246 123.93170629663265 257.90041140290225
-17.30651256059576 123.64629945166146 257.38366950671104
-17.199177824539056 123.36089260669023 256.86692761051995
-17.152974953993535 123.7237074520846 256.39129047707172
-17.014759529503813 123.73623887915112 255.80756155045529
-16.876544105014098 123.74877030621766 255.22383262383883
-16.788007432274966 123.83064502282029 254.63607605147104
-16.699470759535835 123.91251973942295 254.04831947910324
-16.56585383561335 123.80796205313482 253.47280735248941
-16.439088716692726 123.46963830918375 252.99377953606955
-16.3123235977721 123.13131456523271 252.51475171964967
-16.292999810173857 122.53196619981459 252.53495390031108
-16.166754576235398 122.85587562511736 252.0459295398669
-16.040509342296936 123.17978505042012 251.55690517942267
-16.018341252838646 123.35801610421008 250.98441739154009
-15.946056862836144 123.50295588220936 250.40669130790229
-15.859277588545263 123.63789844721268 249.82853919841563
-15.772498314254374 123.77284101221599 249.25038708892899
-15.613548125076107 123.71421700242313 248.67480211445869
-15.481971709444702 123.65944013455221 248.09197526058537
-15.371821494706703 123.68476887266715 247.50271692571124
-15.249788537212586 123.87603150567679 246.94726525139612
-15.127755579718476 124.06729413868641 246.391813577081
-15.011543098858102 123.78119160079493 245.87738185459071
-14.918560477720092 123.78721038909013 245.28466100431314
-14.771137640769837 124.01815570157865 244.75087193568666
-14.708650414827712 124.21992960781286 244.18928255067561
-14.555160118543835 124.16922456883374 243.61146793683412
-14.450603469961607 124.19293963713135 243.02112439043685
-14.34604682137938 124.21665470542897 242.43078084403959
-14.241490172797162 124.2403697737265 241.84043729764235
-14.083553182694596 124.26803106214709 241.26225846693313
-13.963674610605839 124.20378727904361 240.67787685849007
-13.84379603851708 124.13954349594012 240.093495250047
-13.728338534274807 124.24640879938481 239.51448802070195
-13.658036508335192 124.58723879762636 239.02572167831789
-13.535877659768222 124.32983233554685 238.49768841327062
-13.442258529709923 124.49768336916142 237.92930343018116
-13.35521075855004 124.71081373462377 237.37522930801521
-13.235578911887236 124.73283134268877 236.78768914241019
-13.115947065224429 124.75484895075378 236.20014897680517
-12.893120422567373 124.51903552370808 235.69543092190011
-12.864748054038989 124.4698683533627 235.09812229307886
-12.801562075377504 124.28727748574322 234.5300834676782
-12.679165103212746 124.44469655529306 233.96418752517025
-12.556768131047987 124.60211562484292 233.3982915826623
-12.469871111327279 124.62551017517265 232.80507863356348
-12.335210073600438 124.46667884183735 232.242371771628
-12.22463145628652 124.32222122118166 231.67061625986844
-12.134412856994798 124.45604171124305 231.09272986897349
-12.044194257703072 124.58986220130446 230.51484347807855
-12.055122593817673 124.58162786081839 229.91499952578221
-11.916649146692114 124.47429798519696 229.34114814934378
-11.726369447890789 124.41391079110868 228.77533278810461
-11.642055236366716 124.53179870494299 228.19310125897991
-11.563270702659464 124.60361210674346 227.60264733819491
-11.484486168952207 124.67542550854394 227.01219341740989
-11.205293380707484 124.20404674191172 226.76754377943666
-11.208815280369141 124.45093742393308 226.22070505791649
-11.083231310179942 124.53572269641279 225.64015348914586
-10.974697388818274 124.56991936801344 225.05104316368443
-10.860568819039731 124.52417923626156 224.46377618018579
-10.741525568209331 124.43927649939488 223.88186533675329
-10.622482317378928 124.35437376252818 223.29995449332083
-10.545235229768853 124.5346309580281 222.73290931793682
-10.362295089617103 124.5539199722958 222.16180438970574
-10.302438148761873 124.43868819894169 221.57602389750656
-10.191960191414463 124.32742252378603 220.99687402875711
-10.073855547852897 124.6631534883971 220.51382536395144
-10.019281435892124 124.65369040169045 219.91638740374665
-9.9273693712831168 124.65820931688968 219.32348627220387
-9.7542507265830309 124.71609220341489 218.75192743332136
-9.5811320818829522 124.77397508994011 218.18036859443887
-9.5589858039850348 124.67616858426364 217.58880842858707
-9.536839526087121 124.57836207858716 216.99724826273527
-9.4772320605970091 124.55399771558041 216.40071383131232
-9.2710803575121421 124.45079654836555 215.84677250373267
-9.0649286544272716 124.34759538115068 215.29283117615302
-8.9412389779225769 124.46020086214018 214.71661865496202
-8.8175493014178894 124.57280634312971 214.14040613377105
-8.7063796562036977 124.42290051142103 213.57016973401855
-8.5929365632129038 124.41186316679136 212.98109517025244
-8.4825735451470301 124.47163928687391 212.39436966397949
-8.3722105270811511 124.53141540695644 211.80764415770651
-8.1932130242991459 124.50219912227064 211.2357120789533
-8.1260000312065017 124.74077135284611 210.68930041696413
-7.9917988743171877 124.87202945201048 210.11942204319183
-7.8575977174278702 125.00328755117486 209.54954366941956
-7.7790388872672107 124.71817284567631 209.02749183778573
-7.7004800571065628 124.43305814017774 208.50544000615187
-7.5606157563997005 124.72842813585643 208.00225560353138
-7.4207514556928427 125.02379813153513 207.49907120091089
-7.3631871739532455 124.86339503435741 206.92378240397184
-7.2636105466127221 124.96477670189725 206.34085337503751
-7.1640339192722013 125.06615836943709 205.75792434610321
-7.0644572919316868 125.16754003697694 205.17499531716891
-6.7508551905842733 124.89146269733256 204.74437364497231
-6.7961184917790165 124.81743716162116 204.15068058148952
-6.8413817929737588 124.74341162590977 203.55698751800671
-6.6871849720448981 124.6551598933947 202.98389505415508
-6.6280344318363031 124.54293107093625 202.39746014301608
-6.5688838916277108 124.43070224847777 201.81102523187707
-6.4238985036824019 124.71183707186006 201.30117971766305
-6.2789131157370921 124.99297189524233 200.79133420344903
-6.2504640533049693 125.20591863712168 200.23111608881001
-6.195257831863489 125.04906561272178 199.65461855902282
-6.1400516104220104 124.8922125883219 199.07812102923558
-6.1245200763933045 125.40447271185133 198.76611407852403
-5.9837236082379874 125.1807620691317 198.2274769995098
-5.8156113585297957 125.11361687222954 197.655436971163
-5.7011203727990578 125.37078514335596 197.12557255972149
-5.6645304670482073 125.05620117492029 196.61596672615951
-5.6279405612973568 124.74161720648458 196.10636089259754
-5.582397648076423 124.63173099434104 195.51827002934925
-5.4550655630565181 125.1060649235402 195.17360517222721
-5.3972847721423536 125.38836184102061 194.64732593970669
-5.3258260060748936 125.53013089640999 194.06871105942264
-5.2751276695341947 125.75623238083821 193.51526025093887
-5.1749041023265141 125.72496303802112 192.92451710474421
-5.0723321643206774 125.69572881264988 192.33407290111387
-4.9697602263148415 125.66649458727866 191.74362869748353
-4.9485082092605239 126.17532143736234 191.42638496089438
-4.8476017858845424 126.03165638801127 190.85264438596838
-4.7466953625085617 125.88799133866016 190.27890381104237
-4.6711766012389031 126.05894955293388 189.70875452737306
-4.6442122059652249 125.83460972731307 189.15292670868462
-4.4595960188048442 125.75556671781082 188.58753386641723
-4.4243157804815869 125.71326874993699 187.99006739313393
-4.3890355421583278 125.67097078206318 187.39260091985062
-4.2904002288911247 125.81883233680401 186.81953195750287
-4.1917649156239225 125.96669389154481 186.24646299515513
-4.0711930370264104 126.36417481638046 185.81348339230615
-4.0463370718664429 126.10883597285756 185.27109584084101
-4.0388689422630843 126.17784183496045 184.67512401429576
-3.8116187296299495 126.40507464245172 184.16844601787415
-3.7664078138150003 126.37539361941019 183.57088848092695
-3.7800547007749792 126.86277169583161 183.22120809385891
-3.6906630497815334 126.88881711413349 182.62847647759557
-3.5439865648818114 126.83749679151988 182.04894888268373
-3.4964514744039326 126.72595863160809 181.46132684935213
-3.4452678515251742 126.8461218744026 180.87571517611627
-3.3987239932190185 127.09979360266659 180.33397324167373
-3.238112139864131 127.42157941156299 179.85370485237999
-3.1411020291496268 127.40544761854815 179.26181904948109
-3.0440919184351225 127.3893158255333 178.66993324658219
-2.9470818077206191 127.37318403251848 178.07804744368329
-2.850071697006118 127.35705223950363 177.48616164078439
-2.7311617249941493 127.74582640881378 177.04489634208835
-2.6087221412662207 127.65177244831889 176.46510120512033
-2.5441488419315994 127.54378181135455 175.87844260649496
-2.4795755425969768 127.43579117439022 175.29178400786958
-2.4745887436287526 127.61885106178393 174.720413541829
-2.3576699125126561 127.61970391435746 174.13191608255417
-2.306515305823766 127.95683618819285 173.63823092361878
-2.2280149017056408 128.14382675839951 173.07354321062417
-2.1708516320811708 127.78178948497423 172.59850492452858
-2.0836975636743382 127.86201250421905 172.01031410893947
-1.9253086132161823 127.74403174760444 171.44375124266477
-1.895487421733685 127.66703263204504 170.84946020896024
-1.8303043575400217 127.8754160011182 170.29059748911209
-1.6948510273108077 127.90150972801518 169.70666982856977
-1.5593976970815955 127.9276034549122 169.12274216802743
-1.516424734508917 127.83374478453743 168.53168897711888
-1.4375889894132441 127.711878959163 167.94950889681638
-1.3636055479803624 127.71663973231423 167.35410669205663
-1.1818397395107576 127.70047212735082 166.78253010101994
-1.0000739310411517 127.68430452238742 166.21095350998323
-0.63492799492569452 127.76074636137317 165.74103320760116
0.82565574953613974 128.0665137173161 163.86135199807293
1.1908016856515977 128.14295555630181 163.39143169569087
1.5559476217670607 128.21939739528756 162.9215113933088
1.2737478822372457 128.56752132241249 162.52254643448109
1.607465911304611 128.5729309848991 162.02394537889941
1.9411839403719742 128.57834064738572 161.52534432331771
2.0089492532269313 128.69663004922319 160.94103663058502
2.1397113034054964 128.66669793814333 160.3562243915207
2.2461095560044426 128.74795771118511 159.77135153257692
2.2570387207767384 129.079144255019 159.27115554444751
2.3598127475091824 129.13405920629756 158.68257942570392
2.4669652123883128 129.08688883222391 158.09411251492637
2.5741176772674446 129.03971845815019 157.50564560414881
2.6812701421465794 128.99254808407653 156.91717869337123
2.8253294779207225 128.80850558079891 156.36457099819896
2.9248143108039661 128.92007080040034 155.78348927434121
3.0242991436872089 129.0316360200018 155.20240755048349
2.4541155211064849 129.0360812855798 155.01567009801437
2.7105868132838915 129.04172774312855 154.47327670405937
2.967058105461299 129.04737420067727 153.93088331010438
3.2235293976387092 129.05302065822599 153.38848991614941
3.4800006898161144 129.05866711577474 152.84609652219442
3.6054035349699176 129.03782348212968 152.25971808691239
3.730806380123723 129.01697984848465 151.67333965163033
3.8232247897384113 129.11007242955645 151.08785471679965
3.9290110861649898 129.07376045139429 150.49837129911069
4.0874025297184717 128.95329378084895 149.93233249134502
4.1518534515113679 129.14669576302097 149.3680260568859
4.2163043733042604 129.34009774519296 148.80371962242674
4.3567373918864076 129.1282685257566 148.26020609997778
4.4971704104685575 128.9164393063202 147.71669257752882
4.6457101700897949 129.15037363669003 147.18451716576493
4.7942499297110341 129.38430796705984 146.65234175400101
4.8425005211312095 129.28158946593197 146.0631721774327
5.0154776879727239 129.12159128683689 145.51137558226586
5.1057799564319204 129.35933390222701 144.96793842017755
5.2201599830130698 129.38712536775344 144.3795976652037
5.3550647108173886 129.34690584407912 143.79634548618384
5.495228870176077 129.30770201352689 143.21426553626173
5.5974125096305825 129.42779094215845 142.63535522105917
5.6624248714921013 129.71137799645484 142.11061549944409
5.8704329236231541 129.5702575657107 141.56580573973412
5.9887773522679124 129.57886013265613 140.97765559559517
6.1071217809126654 129.58746269960164 140.38950545145619
6.2626899867151664 129.54417750384553 139.81164307582361
6.4046397244619797 129.70401098299925 139.25101527514366
6.5522565628813991 129.92641904580879 138.71366629858153
6.6275059487720664 129.92897952321414 138.11840923320682
6.7980010447854839 129.65505338506614 137.61254769773024
6.979408981054311 129.67384682995905 137.04093771960902
7.0968147928278169 129.86818355572535 136.48555576781345
7.2142206046013273 130.06252028149166 135.93017381601791
7.3620106224895521 130.03839437839753 135.3491608631395
7.5098006403777733 130.01426847530337 134.76814791026112
7.6665942171212311 129.99730867661043 134.18924538001937
7.8233877938646916 129.98034887791752 133.61034284977762
7.9431670740307396 130.26671107587464 133.09687462717366
8.0846829226274597 130.44801346747968 132.54270614431465
8.2261987712241762 130.62931585908467 131.98853766145564
8.3933544276676333 130.60707499199924 131.41272143178662
8.5545209861589235 130.50683353016558 130.84353166575642
8.6954905781456127 130.44874762075676 130.26322691714304
8.6998600209451169 130.33940915610708 129.67328962546054
8.8937195090900314 130.44076118659223 129.11458911107675
9.1451056765695018 130.48941301639232 128.57196770138387
9.2921729671819211 130.57575251106363 127.99671410192374
9.4308475023343039 130.61665594639803 127.4143943596188
9.5799931245257035 130.56741353171239 126.83531684496548
9.7291387467171031 130.51817111702678 126.25623933031216
9.8742815155042578 130.7365448584209 125.71656675759945
9.9994016958508549 130.77936997294432 125.13132240689106
10.124521876197454 130.82219508746772 124.54607805618267
10.248867545224504 130.64864390944197 123.98534804699814
10.389169098936256 130.80728852122448 123.4239681745602
10.530797336838329 130.77866887616543 122.8416260430383
10.672425574740405 130.75004923110637 122.25928391151642
10.767735761872874 130.73788231939182 121.66702726572161
10.948836444607677 130.64777336674496 121.10215301478972
11.003237914022856 130.82855202120192 120.53262728383615
11.151942857433756 130.72662476241018 119.96035315920673
11.241981732083975 130.77519483403006 119.36913919692695
11.332020606734194 130.82376490564991 118.77792523464716
11.648323518617328 130.94177235103524 118.28191443761963
11.679221416036167 130.93191369779734 117.68279163977982
11.710119313455005 130.92205504455941 117.08366884194
11.844312681955969 130.9405460225228 116.49916031027915
11.978506050456932 130.95903700048615 115.91465177861831
12.234232734759749 130.90676378023133 115.37440056540386
12.254120944553318 130.97684845196747 114.7788398229948
12.352926963501201 130.98277971732821 114.18706098701728
12.509410475043953 130.98047804415916 113.60783079709631
12.581923363637516 131.1517754633864 113.03739317986381
12.696979934444411 131.16447274184912 112.44866508928735
12.812036505251308 131.17717002031185 111.85993699871089
12.942024524014176 131.1394234597235 111.27540444004384
13.044966201311794 131.30689610036958 110.70852180165193
13.14790787860942 131.47436874101567 110.14163916326001
13.269258256895673 131.45051772503953 109.55452314855195
13.39060863518193 131.4266667090634 108.96740713384388
13.562481399330235 131.42875743146288 108.3925546468319
13.734354163478539 131.43084815386237 107.81770215981992
13.646018311111849 131.00984646510349 107.39942670602325
13.851398025083245 131.08962066799882 106.84134494710126
14.006826676129061 131.33903479711586 106.31824407094936
14.076797370646124 131.50038821355315 105.74459855592042
14.193845956919452 131.25075743037925 105.21169696974957
14.307215185696851 131.55314159423409 104.70601798519886
14.3963329888178 131.61928762916142 104.11637171901016
14.485450791938751 131.68543366408878 103.52672545282147
14.633714865395737 131.913372084939 102.99187795977109
14.7572086708076 131.70328571875808 102.44359609907369
14.855079601711788 131.82860862441291 101.86505011974086
15.002606404804729 131.71176667535786 101.29532755453022
15.088011696491131 131.61915445328211 100.70870253590746
15.212118156692279 131.73791721723305 100.13381733655451
15.336224616893427 131.85667998118396 99.558932137201566
15.476526459142823 131.73224004125618 98.988993461191427
15.632134962923027 131.75093153229017 98.409824555159503
15.787743466703224 131.7696230233241 97.830655649127578
15.892223265230296 131.80479562073117 97.240870213489004
15.996703063757366 131.83996821813827 96.651084777850429
16.12930124112626 131.61271727017726 96.111849458152918
16.261899418495151 131.38546632221625 95.572614138455407
16.367328190127179 131.64399849156578 95.041534208949869
16.47275696175921 131.90253066091526 94.510454279444346
16.578185733391241 132.1610628302648 93.979374349938809
16.693859323389468 132.15046740365827 93.489470101920702
