-127.84472160448169 48.78624560263539 465.57589386681656
-87.356099102588288 -81.424144264555167 331.28143520296868
-127.84472160448169 48.78624560263539 465.57589386681656
-127.92899548062385 48.378211493360439 465.14414616332743
-127.98073115867587 48.154626533315223 464.58976977019904
-128.03246683672791 47.931041573270015 464.03539337707059
-128.04255303824058 47.337310302797206 463.94947802918807
-128.06249317187184 47.266566627861934 463.35399694340333
-128.05562611902351 46.933663228898766 462.85486953427414
-128.07015521651121 46.434199566073161 462.52271752864573
-128.08468431399893 45.934735903247585 462.1905655230172
-128.12500765940771 45.48313716608272 461.79758637801558
-128.16533100481647 45.031538428917834 461.40460723301413
-128.24798130046855 44.613750321453487 460.98197024233542
-128.28550336056441 44.057938973790193 460.75911189985106
-128.32588860928621 43.48252973559638 460.59396578186187
-128.45879562887589 43.30904681938145 460.03518192210447
-128.48885298846372 42.795273261729406 459.72674507833869
-128.33162792476222 42.741215218955688 459.1502400849904
-128.37818065045624 42.299928717603123 458.74638482941674
-128.48678605445562 41.710623110952568 458.71599127430466
-128.59346668199652 41.122264111828883 458.66646419224179
-128.61281217895575 40.77996647240915 458.17406386954178
-128.82064492569685 40.242161274583765 458.00801833791257
-129.02847767243799 39.704356076758387 457.84197280628331
-128.95900772736661 39.320556090865026 457.38604353812872
-128.88953778229526 38.9367561049717 456.93011426997401
-129.06645446575212 38.54080543943568 456.51547761267483
-129.1339382442041 37.961351612623716 456.37519503271989
-129.1009718988073 37.398317946973371 456.17048472175458
-129.0680055534105 36.835284281323034 455.96577441078927
-129.06884715811151 36.300694483196871 455.69335370775633
-129.06968876281243 35.766104685070744 455.42093300472334
-128.98265198341474 35.267530514016514 455.0986778341059
-128.82081090428977 34.740921865573071 454.86099990813835
-128.65896982516483 34.214313217129657 454.62332198217075
-128.54802425298141 33.83647266805621 454.17063268531382
-128.42762158424867 33.331125815663228 453.87041983392584
-128.31319581540416 32.801749368506783 453.61221967780585
-128.14571282538853 32.356820301440209 453.24617654737619
-127.97822983537291 31.91189123437357 452.88013341694671
-127.85697027368693 31.462511787628699 452.50151192846113
-127.59171746873776 31.052665985690091 452.15270343071506
-127.35240861456566 30.618866010831464 451.81425276351604
-127.17353851667879 30.172182465253037 451.45581267341532
-127.01320637841108 29.714283175708328 451.10279447831346
-126.73415792194271 29.253990483844984 450.83772355052281
-126.51476876499919 28.895771918188625 450.40929869476076
-126.32743222900633 28.412121337700778 450.10765795103407
-126.1487700814863 27.972177601061968 449.74087552828752
-125.95803292686381 27.514852566586871 449.40253671778999
-125.78135131274152 27.088412302181375 449.01921921476549
-125.5917569595847 26.60658159058563 448.71608039076864
-125.40216260642785 26.12475087898985 448.41294156677185
-125.21510943970425 25.774168538324346 447.96338274388864
-124.98725880585384 25.360404173201026 447.59340552998475
-124.75940817200342 24.94663980807767 447.22342831608091
-124.46081084364646 24.523309363737379 446.92072223686756
-124.3027051522359 24.162523892419451 446.46813364440249
-124.14459946082533 23.801738421101494 446.01554505193747
-123.85319411089401 23.411687663633529 445.66491229729229
-123.56178876096267 23.021636906165575 445.31427954264711
-123.30636028468612 22.678449169598817 444.89359145037781
-123.13366679591782 22.283688748964252 444.47604963302604
-122.90730865162212 21.922919961499009 444.05342938682162
-122.5653281963162 21.624749287842594 443.66081810634176
-122.41094488898848 21.126024799298051 443.3651160959588
-122.20780361105228 20.791278528194358 442.91049696395856
-122.00409665914204 20.40265225948745 442.50126218902568
-121.80038970723176 20.014025990780549 442.0920274140928
-121.58082094618558 19.587987909862825 441.73108266377693
-121.39423830446658 19.176331851611629 441.33646106336175
-121.15551046044656 18.86684035360733 440.88124240254848
-121.00167812826089 18.476101866186504 440.45268779923356
-120.84784579607519 18.08536337876567 440.02413319591858
-120.69401346388952 17.694624891344791 439.59557859260377
-120.51367677088652 17.192255211493414 439.32152863014664
-120.34538114956638 16.804503697507638 438.89570548934023
-120.17708552824627 16.416752183521872 438.46988234853387
-119.98731937869707 16.086508382158577 438.00627924226046
-119.79755322914791 15.756264580795303 437.54267613598694
-119.58913229478392 15.343434451766786 437.16040398334553
-119.43463985469316 15.000455973247963 436.6929664482376
-119.28065387720633 14.653091955209693 436.22861038043004
-119.11860084390764 14.217799197245469 435.84879591353518
-118.87062078936117 13.822972487109393 435.47114824505269
-118.73403855053103 13.439956711059448 435.02996324153037
-118.59266759089039 13.005134580481203 434.64144816263422
-118.4076208313119 12.666288473150106 434.18216501215295
-118.2757052855474 12.244225372139262 433.77662706380431
-118.14378973978289 11.8221622711284 433.37108911545585
-118.00216676909386 11.464865596890556 432.91034838494488
-117.86054379840479 11.10756892265273 432.44960765443392
-117.69860387676511 10.695243620948117 432.04493086074109
-117.56097538202027 10.218133820462915 431.70814511918536
-117.40567204619049 9.7976370838535214 431.30931762717785
-117.2601362631724 9.4445929086143359 430.8465226983044
-117.14029658630095 8.9893089410056604 430.47456173168848
-117.02045690942953 8.5340249733969902 430.10260076507257
-116.86728120837225 8.1638242532622662 429.65595926295111
-116.71410550731494 7.7936235331275538 429.20931776082961
-116.56677552094717 7.5715457465137392 428.67175350252217
-116.48630410359674 7.0379190574574464 428.40951905071154
-116.41668489757872 6.6105530435464726 427.99417406602134
-116.22600647322129 6.2672843632087432 427.54051301238798
-116.03532804886387 5.9240156828710457 427.08685195875449
-115.96450421491056 5.4089567312513314 426.78735527947322
-115.8521702758768 4.971549369292811 426.39231618540072
-115.73983633684307 4.5341420073343279 425.9972770913281
-115.66693940287232 4.0027447733760146 425.72838488846776
-115.50399275482107 3.6356278062291922 425.2826568073221
-115.34104610676982 3.2685108390823814 424.8369287261765
-115.15653474824838 3.0663183702361012 424.30300573161787
-115.01305938092362 2.6488947031920662 423.89659177865542
-114.86958401359884 2.231471036148025 423.49017782569297
-114.76828152009539 1.9184689851857641 422.98841341792439
-114.66697902659193 1.6054669342235464 422.4866490101557
-114.50331405697196 1.1665543927192061 422.11172293927041
-114.33964908735194 0.72764185121484282 421.73679686838511
-114.14116979651885 0.34386076507573043 421.32048202474846
-114.00315028224297 -0.038403653628590106 420.87909270920971
-113.87335912001511 -0.35195355520501215 420.38427889227557
-113.69195106423888 -0.73337857020000641 419.95812624915862
-113.57434307403187 -1.0625708292673064 419.47047799763948
-113.48848170099689 -1.3887371794249013 418.97424888055201
-113.24941188750043 -1.8837984674043695 418.73391589193233
-113.1149509249562 -2.2665018134110229 418.29180911918741
-112.98048996241201 -2.6492051594176518 417.84970234644231
-112.83689253264029 -2.990086647348916 417.37728347578968
-112.6808160215422 -3.3945419877900003 416.96248713989445
-112.53347429678331 -3.7626946792999725 416.51220499292538
-112.38542789131017 -4.0716511459662961 416.01963198967462
-112.27453517545025 -4.3708916750996405 415.51153956570704
-112.16364245959028 -4.6701322042329858 415.00344714173951
-111.89762376279081 -5.159987811220871 414.78146620279284
-111.8372858245455 -5.5823139121496652 414.35956574334466
-111.66888650786355 -5.9586039544348344 413.92362139572896
-111.50637255030892 -6.2445244803503694 413.4217860975881
-111.35329862806842 -6.592363603386028 412.95748412815908
-111.20084112260051 -6.9940504873647544 412.53867109557058
-111.09694776204947 -7.281893109611401 412.0225773110202
-110.99305440149843 -7.5697357318580369 411.50648352646976
-110.85158800179617 -8.0264427608273756 411.14398394378685
-110.71012160209391 -8.4831497897967072 410.78148436110394
-110.55189296107672 -8.6893561436540701 410.24070470469042
-110.4080630228091 -8.994504888575042 409.74452208474986
-110.27708158098218 -9.3467016504973142 409.2767600696306
-110.14738677754224 -9.6755674473153448 408.79196470492104
-109.98178988657403 -10.090641050268964 408.39160040352442
-109.81619299560585 -10.505714653222588 407.99123610212786
-109.73923702004102 -10.775072564162649 407.46064766120696
-109.66228104447619 -11.044430475102692 406.93005922028607
-109.52714210094962 -11.478308161476804 406.53828426038029
-109.41779829076108 -11.826433307109127 406.06199357796891
-109.30845448057252 -12.174558452741442 405.58570289555752
-109.18016474705878 -12.515205391381414 405.10873181942168
-109.05187501354503 -12.855852330021388 404.63176074328578
-108.94601416733208 -13.278341746002884 404.2190911725362
-108.84015332111922 -13.70083116198435 403.8064216017865
-108.69466415241098 -14.006204752378419 403.31086144188822
-108.54917498370273 -14.311578342772487 402.81530128198995
-108.45992902673154 -14.688717173230316 402.35726038673579
-108.35303710105472 -14.976784885809664 401.8419050634933
-108.19323939193892 -15.353056007294438 401.40271861641423
-108.03344168282311 -15.729327128779209 400.96353216933517
-107.95295152675678 -16.309385917487965 400.83294451134964
-107.90849756718799 -16.377186417166211 400.23844729712403
-107.83778422465232 -16.896663828061694 399.94665483190812
-107.77639206808574 -17.359059208978845 399.56926708062491
-107.71499991151916 -17.821454589895993 399.19187932934176
-107.46888622365233 -17.952283487472066 398.66054906274326
-107.20126251503261 -18.259538927761401 398.22012694136737
-107.03574403549908 -18.65523314001403 397.8005679784996
-107.10172183031634 -18.972991279344697 397.29591295228846
-106.99597466862672 -19.289254846068779 396.79711951392193
-106.87187924776238 -19.6552559942301 396.33816038059405
-106.74778382689806 -20.021257142391413 395.87920124726611
-106.63113572562015 -20.316757596028964 395.37020939824663
-106.51448762434222 -20.612258049666504 394.86121754922721
-106.40863516915253 -21.061922291974227 394.47833724558109
-106.30278271396284 -21.511586534281946 394.09545694193497
-106.14475663029896 -22.082277379787332 393.99881473718881
-106.02727660462547 -22.411027883139166 393.5108377396636
-105.90979657895198 -22.739778386491011 393.02286074213845
-105.78383109595902 -23.060991499294868 392.53198923832383
-105.65534361470313 -23.439872561520861 392.08484260930038
-105.52685613344727 -23.818753623746851 391.63769598027699
-105.44341419139639 -24.372166046464979 391.42142732168764
-105.35510427107303 -24.565587502755246 390.86036627490301
-105.2191927636155 -24.991852330383455 390.46058338523949
-105.09590751279794 -25.331810865200193 389.98180479179979
-104.97262226198036 -25.671769400016938 389.50302619836009
-104.85665161964648 -26.164812855801834 389.1813758278887
-104.72778570795444 -26.485075469734898 388.69063614646836
-104.59891979626236 -26.80533808366793 388.19989646504803
-104.48189517978619 -27.257424325853044 387.8231694169541
-104.32153415079736 -27.653250538431831 387.40173620775346
-104.16117312180855 -28.04907675101062 386.98030299855276
-104.10885431379577 -28.447815552706693 386.53502767883458
-103.97841393386656 -28.888925587986115 386.14979107094314
-103.84797355393736 -29.330035623265537 385.7645544630517
-103.69970419983608 -29.651232601121031 385.27994255641823
-103.54006718513651 -30.044421239240926 384.8557742898173
-103.39209078236665 -30.376482465034172 384.37845015827986
-103.25545144624809 -30.711314351735517 383.89968372308095
-103.08907241538459 -31.192312777237142 383.58194399822128
-102.96280980473493 -31.533369592015845 383.10472496858716
-102.81808663861493 -31.822296400161036 382.59917921920021
-102.69590352663631 -32.256409797064563 382.20343075644121
-102.55181818037909 -32.713996483304328 381.84307837672094
-102.40773283412182 -33.171583169544036 381.48272599700067
-102.22581922052623 -33.501249631258545 381.01557777511687
-102.07645144040585 -33.917482141976897 380.61006604497459
-101.92708366028548 -34.333714652695214 380.20455431483225
-101.78207970063437 -34.620791369679935 379.69803599309967
-101.63707574098326 -34.907868086664664 379.19151767136708
-101.47965531250847 -35.314349748945489 378.77921745680464
-101.32425255126149 -35.702900706783666 378.3492428820216
-101.16884979001453 -36.091451664621836 377.91926830723855
-101.00561119748582 -36.450336375909743 377.46699081950226
-100.84237260495711 -36.809221087197628 377.01471333176602
-100.69807929814002 -37.279745892318637 376.67151390086082
-100.52857479603746 -37.664653816655274 376.24359555169849
-100.35907029393489 -38.049561740991926 375.81567720253616
-100.18956579183231 -38.434469665328578 375.38775885337384
-100.00404314928006 -38.667845846664605 374.86706997593791
-99.83458253690975 -39.159046814937099 374.56706212666853
-99.645268313235789 -39.536605305345901 374.1409052177313
-99.455954089561828 -39.914163795754696 373.71474830879401
-99.239095344334416 -40.339544531270633 373.35139790701862
-99.155894977892004 -40.66497153393852 372.85423096829641
-99.000570342972338 -41.075858319103709 372.44551797906843
-98.873538376487289 -41.426813296139102 371.9757377287545
-98.680780488519417 -41.872260786319266 371.62300421727821
-98.510094852849988 -42.189461778433106 371.14316055067616
-98.356351729841592 -42.599214973468648 370.73271521779276
-98.186837216131622 -43.030364878889173 370.35143502069678
-98.017322702421637 -43.461514784309699 369.97015482360081
-97.847808188711682 -43.892664689730239 369.58887462650483
-97.936271944839405 -44.018316038582874 369.00888677975001
-97.744133003670214 -44.45576943887211 368.64595820570025
-97.551994062501024 -44.893222839161353 368.28302963165049
-97.288573109603874 -45.356650781392766 368.00763183947726
-97.161152825129065 -45.779673716220536 367.60165688001047
-97.082470200273548 -46.058324666001219 367.07614504119795
-96.972737768630694 -46.434207895924132 366.62153466856165
-96.73786018318404 -46.868352894164111 366.28043257188392
-96.646487473877812 -47.124269103811038 365.74549526561901
-96.503610982983886 -47.627758218032163 365.45209277719965
-96.390299547770027 -47.944708697339578 364.95540080795053
-96.273812591567122 -48.400804476760882 364.58336931865335
-96.157325635364202 -48.856900256182186 364.21133782935624
-95.98229402151108 -49.192178929313741 363.74555660872244
-95.875687021779157 -49.5951191473902 363.31396174283003
-95.769080022047248 -49.998059365466666 362.88236687693768
-95.641740027575779 -50.278529412685145 362.36746778155947
-95.532541850180948 -50.849840031574253 362.22022670441663
-95.423385382792134 -51.27431505904174 361.81046358176684
-95.243672895025767 -51.60823735405107 361.34549119265483
-95.063960407259387 -51.942159649060407 360.88051880354283
-95.226550674846152 -52.309523140683794 360.43486370157677
-95.047413309514695 -52.565852282276197 359.92280396335025
-94.607929671890474 -52.959177357645203 359.81257911430731
-94.556417822966438 -53.28096413801169 359.30879364667072
-94.447907349837209 -53.640426352539279 358.84080604689035
-94.33939687670798 -53.999888567066861 358.37281844710998
-94.187354143573003 -54.370704350092197 357.92630006858542
-94.032468867529218 -54.786520154254298 357.52243404095515
-93.877583591485447 -55.202335958416406 357.11856801332488
-93.80688623304485 -55.748888588953001 356.88132951399763
-93.669285020586983 -56.026063809414062 356.36728690536245
-93.531683808129131 -56.303239029875115 355.85324429672721
-93.446392184994394 -56.828432854339212 355.57594159971939
-93.313260029689232 -57.196482355609405 355.1211719944921
-93.180127874384056 -57.564531856879604 354.66640238926482
-93.046995719078922 -57.932581358149761 354.21163278403753
-92.948329024156621 -58.350898018553721 353.79297295202406
-92.822380829062766 -58.699022870116991 353.32080122491976
-92.696432633968897 -59.047147721680268 352.84862949781547
-92.575182806173871 -59.451028214230654 352.42180514635817
-92.448832899913413 -59.847959696912291 351.98997057242485
-92.322482993652969 -60.244891179593935 351.55813599849159
-92.263515493483439 -60.668092318542712 351.13691915419855
-92.204547993313881 -61.09129345749151 350.71570230990551
-91.957723391934834 -61.422575945602318 350.28058217795899
-91.833722979544973 -61.881698920222007 349.9147543606685
-91.709722567155083 -62.340821894841689 349.548926543378
-91.592623392324427 -62.61275778986019 349.0270657839273
-91.475524217493771 -62.884693684878684 348.5052050244766
-91.391346657150351 -63.364688885470137 348.15517824586703
-91.307169096806959 -63.84468408606152 347.80515146725736
-91.146169536436318 -64.161116261990472 347.32146787274814
-90.985169976065691 -64.47754843791941 346.83778427823893
-90.876035729008379 -64.883087946387988 346.40926657359853
-90.745702545289177 -65.293937692920167 345.99187497450237
-90.563272627450459 -65.64533495555969 345.5410542907635
-90.380842709611741 -65.996732218199199 345.09023360702457
-90.389269104611145 -66.443011784067025 344.68928031179416
-90.397695499610563 -66.889291349934823 344.2883270165637
-90.210603093931326 -67.201155191652802 343.81110864310551
-90.093761173781246 -67.524162688065502 343.31915933376888
-89.934612103371052 -67.989315545247663 342.97520527747236
-89.865462674224915 -68.393652270944955 342.53733524115887
-89.736676859406046 -68.759634904536796 342.07965530298088
-89.618623544356097 -69.142955899244697 341.63341721650477
-89.507926691830562 -69.54911871360629 341.20589180782031
-89.361196889043313 -69.901426331185391 340.74291264244704
-89.267524145522529 -70.310884652879835 340.31446276216172
-89.171194023548736 -70.717756959198468 339.8841426093087
-89.061944914174916 -71.170434085652232 339.50579349633688
-88.953947614529937 -71.547930824496561 339.05210550285312
-88.845950314884959 -71.925427563340875 338.59841750936937
-88.746388105247348 -72.280268548957139 338.12494603046179
-88.63541556329632 -72.678397369780996 337.68999943953099
-88.524443021345263 -73.076526190604866 337.2550528486002
-88.340147445836266 -73.627913804924034 337.10670582428486
-88.298529152885266 -74.049904771181929 336.68221608107712
-88.223221356221046 -74.308049511146152 336.14584864266351
-88.161312529139167 -74.783081741970975 335.78458464389394
-88.29811522288847 -75.367043897737574 335.76805516672846
-88.434917916637758 -75.951006053504173 335.75152568956298
-88.231861988761707 -76.450963263502686 335.48920703158205
-88.028806060885643 -76.950920473501199 335.22688837360113
-87.825750133009592 -77.450877683499712 334.96456971562026
-87.977083448107322 -78.0187464951766 334.84364312439152
-88.047567332653642 -78.552670606538243 334.57914914463782
-87.700733841567029 -78.685254920280968 334.10784464730085
-87.353900350480458 -78.817839234023694 333.63654014996388
-87.465475176348065 -79.358981421209236 333.40262522636846
-87.577050002215685 -79.900123608394793 333.16871030277304
-87.442084622760973 -79.989021449930291 332.59088548492684
-87.502057837005367 -80.483836735558071 332.25687793009865
-87.429078469796835 -80.953990500056619 331.76915656653364
-87.356099102588288 -81.424144264555167 331.28143520296868
