102.67594520123085 182.10371323175411 146.47578399711037
71.484172497443268 96.28117140081909 98.270472994989319
102.67594520123085 182.10371323175411 146.47578399711037
102.64354296469419 181.69714359369496 146.03572579132862
102.56927913706065 181.13351244469774 145.84387998922364
102.49501530942719 180.5698812957005 145.65203418711874
102.40307924259366 179.97976845171735 145.59446170253355
102.36205391812443 179.38129817917749 145.58220382187443
102.32102859365521 178.78282790663764 145.56994594121528
102.21598914508652 178.24205828076023 145.33217519874935
102.11094969651785 177.70128865488283 145.09440445628346
101.97183477284393 177.16405159285077 144.86631811914251
102.01036830682861 176.56775931991393 144.92063839155017
101.73009879373565 176.16506669515772 144.57525794914267
101.66422998447077 175.5755983996381 144.48476801299935
101.48918174793911 175.0654771859908 144.22183368227368
101.4005596738305 174.5190324171225 143.99043739328619
101.27525390754532 173.94509454458475 143.86839730396088
101.2432021066507 173.34796696318588 143.81929197235485
100.99979422312558 172.89313301805979 143.51289568549933
100.85639854549369 172.36759191201298 143.26141163930237
100.69155035611327 171.80773905327862 143.1221641939938
100.60615823894518 171.2301291591136 142.98405193353793
100.34749845038773 170.76579604553103 142.70568190387576
100.08883866183028 170.30146293194846 142.42731187421356
99.805040337712697 169.8442349270625 142.16197988824871
99.655848497262895 169.27828843837972 142.0298951931064
99.506656656813078 168.71234194969693 141.89781049796414
99.303535116309575 168.17633363588556 141.72050644468686
99.217728743589063 167.59758471650656 141.58751413393844
98.835746028362777 167.22066632038138 141.31914549208403
98.647034785033014 166.67664950792278 141.15052231928945
98.458323541703251 166.13263269546417 140.98189914649487
98.07520442063425 165.78523898641598 140.67769962317988
97.86684750659596 165.24705901127044 140.51353595264109
97.658490592557669 164.70887903612487 140.34937228210225
97.288918257985941 164.33355990280938 140.06205392611625
97.0545911190477 163.80732361663334 139.89422614811556
96.794027606654808 163.31263988909026 139.67652298848398
96.53346409426193 162.81795616154719 139.45881982885243
96.196473107941387 162.39703462100832 139.19564283166403
95.90199643251276 161.92825237107749 138.96428447374646
95.607519757084106 161.45947012114669 138.73292611582892
95.34792593788481 160.95624775158586 138.53448646301956
95.078844004478384 160.49157292569004 138.26676978574119
94.809762071071958 160.02689809979424 137.99905310846282
94.513458068743006 159.55292429153576 137.78098713842436
94.217154066414054 159.07895048327728 137.56292116838594
94.032677895870364 158.56131544293629 137.32204255266271
93.848201725326646 158.04368040259536 137.08116393693948
93.584826541470406 157.55988950694308 136.84329867715428
93.275032107798182 157.20059232493463 136.47596647891069
93.05545197831033 156.72031202023283 136.19115883215653
92.835871848822464 156.24003171553099 135.90635118540243
92.705989796252069 155.68371150160982 135.72294324663534
92.576107743681689 155.12739128768862 135.53953530786822
92.238080979239228 154.78920363096353 135.17708942865403
91.900054214796768 154.4510159742384 134.81464354943984
91.756308786269784 153.89060164755011 134.65566860103564
91.62178415900749 153.32834887795281 134.49512282021254
91.351202576410458 152.88685373872883 134.19202605480439
91.083169789804231 152.49207631495855 133.82828272361411
90.815137003198004 152.09729889118825 133.46453939242383
90.57768343901931 151.64996476587743 133.14281282343828
90.370606889297207 151.23034713391331 132.76725943775253
90.16353033957509 150.8107295019492 132.39170605206681
90.068228500931625 150.23171350917494 132.26657396320536
89.835035221387699 150.0198242197585 131.75596273790165
89.63902711260738 149.58800046785748 131.38839088290391
89.526494421111082 149.00630640350241 131.29368919950454
89.44188757360125 148.44817134242643 131.09039892685934
89.14228831809541 148.32506366166007 130.58533973722245
88.876911454569495 147.99934862768848 130.15698843636059
88.611534591043565 147.673633593717 129.72863713549867
88.586987895965123 147.10377954246229 129.54245491285297
88.562441200886695 146.53392549120755 129.35627269020722
88.246960702009659 146.61038294043735 128.85166758392552
88.17578881092065 146.01502688734928 128.82962825611781
87.999429741281219 145.59503873086032 128.4391062631841
87.752790554793123 145.20941201614133 128.05121304516717
87.550764428128062 144.7388792111945 127.73850819452745
87.348738301462987 144.2683464062477 127.42580334388774
87.147023653571509 143.87369017882324 127.02138071472227
86.945309005680045 143.47903395139878 126.6169580855568
86.709667586273426 142.99815722722934 126.34634637551434
86.629626209602222 142.54387021946337 125.96265810022355
86.549584832931004 142.08958321169743 125.57896982493273
86.111701197120311 141.7179229073825 125.4053998399534
86.012492806663161 141.16747819198153 125.18821717363294
85.718868359495943 140.79320502796378 124.82256121139262
85.514846477829366 140.36530572947299 124.45476063750463
85.31082459616276 139.93740643098218 124.0869600636167
85.165432151487238 139.39804077676894 123.86799493377551
85.108206437313399 138.80286856946481 123.81804234335156
84.890707692939301 138.4141955270116 123.41601303811892
84.673208948565204 138.02552248455837 123.01398373288627
84.422132849563255 137.52340400367402 122.80223429684364
84.213145281179976 137.3159571227676 122.27946284786863
84.093153432163234 136.74144657490666 122.15480496979401
83.894238606242055 136.23324138798017 121.90548513502397
83.695323780320876 135.72503620105368 121.65616530025393
83.605179395923471 135.15796708731176 121.48207736212609
83.414450505801284 134.8691686112347 120.99195703946205
83.223721615679096 134.58037013515764 120.501836716798
83.217447280493644 133.98140900121766 120.46710643106178
83.072330839314333 133.43751505445869 120.25945144513943
82.916738937388601 132.9086893909612 120.02252407719399
82.761147035462841 132.37986372746371 119.78559670924854
82.621853750865597 131.98045565767953 119.3600728266551
82.412616981267888 131.52249057060686 119.03374790687292
82.203380211670165 131.0645254835342 118.70742298709074
82.10001721959307 130.50682351738925 118.51175845574456
81.996654227516004 129.9491215512443 118.31609392439834
81.82456206667328 129.46673567951638 118.00354287427407
81.652469905830543 128.98434980778848 117.69099182414982
81.469215234312045 128.51943216605113 117.35892359054711
81.345072871974793 128.02790619585872 117.0380016459878
81.233855440672102 127.47643828653497 116.82940196247769
81.070716936217451 127.03537596160511 116.45677634085223
80.987948415857687 126.4471909619505 116.37199557523441
80.800736909397344 126.21938110494924 115.84944938502542
80.78646998082769 125.61955092801229 115.84991153758656
80.62669517650852 125.15769628883083 115.50182777730558
80.466920372189364 124.6958416496494 115.15374401702459
80.335540868719875 124.47329540139386 114.61225293357492
80.193844810115905 123.94450024423546 114.36669660858631
80.129799185507665 123.36877378698321 114.2103725720842
80.065753560899452 122.79304732973097 114.05404853558207
79.853602666647106 122.46517221581362 113.59853793445227
79.64145177239476 122.13729710189625 113.14302733332249
79.622891951903597 121.54319449634616 113.06118830142491
79.486045133754715 121.07271688453059 112.71488819293106
79.349198315605832 120.60223927271502 112.36858808443722
79.199060315748213 120.14330127160341 112.01244977965321
79.048922315890607 119.6843632704918 111.65631147486917
79.005396397965313 119.09781730261977 111.53769730184658
78.763593891935656 118.8968889914743 111.02665976716052
78.658616555828559 118.31381047399987 110.9317956466318
78.520222653619584 117.91078893810656 110.50939681917416
78.336005115645847 117.51928636462404 110.09371709431446
78.151787577672096 117.12778379114147 109.67803736945477
78.234279075506933 116.60796538036512 109.96610675797585
78.069496313422192 116.2071420552397 109.55115217810581
77.872859055238024 115.81327326539967 109.14347440696326
77.729822640493808 115.31277894368691 108.84506861279968
77.555355385175716 114.86210568434555 108.48946378980592
77.346155331247019 114.43399692569298 108.12482941375069
77.247758555380557 113.88340429655327 107.90765245540544
77.149361779514066 113.33281166741355 107.69047549706019
76.84627349300726 112.82952674978279 107.56864864342052
76.762339199302261 112.57676926328497 107.03099756013364
76.692600279597173 112.00728149721667 106.85544082464078
76.653753423361024 111.42679958876825 106.70870406808456
76.614906567124862 110.84631768031981 106.56196731152832
76.22303321502514 110.78122762496858 106.11230236892273
76.130773445878305 110.25261141733554 105.84387539556751
76.038513676731455 109.72399520970251 105.5754484222123
75.946253907584605 109.19537900206949 105.30702144885704
75.813798630738106 108.64418763376091 105.11044150293773
75.631919935146428 108.21223083857046 104.73583041503635
75.450041239554736 107.78027404338005 104.36121932713493
75.472364294889928 107.20083511268743 104.51533683684195
75.280677040637698 106.76905426715237 104.14544320620435
75.088989786385454 106.33727342161733 103.77554957556671
74.902588358951391 105.94834187519336 103.35843237375552
74.762115626555257 105.40561815159151 103.14461382616689
74.621642894159137 104.86289442798969 102.93079527857824
74.531068450351853 104.29483570614816 102.76019176551715
74.491452375487455 103.69964889733785 102.69551387725126
74.263444538039337 103.25489864149355 102.36353551050325
74.035436700591177 102.81014838564924 102.03155714375531
73.88807524952999 102.35068747539117 101.67493370834204
73.652078374512541 101.92676320566046 101.32195539666371
73.524719951765832 101.42255179775727 101.02270518647876
73.397361529019093 100.91834038985407 100.72345497629381
73.189687092520614 100.50465082901881 100.34170600683747
73.043550561640373 99.992007898157411 100.06631294269076
72.816699841227305 99.528858050905299 99.759668246603539
72.550769319372108 99.174600105119879 99.354968029907639
72.284838797516926 98.820342159334459 98.950267813211724
72.191468320052437 98.33245382894674 98.613745999640102
72.040870452592372 97.763996755098745 98.494679474081252
71.855304467542666 97.269721637005517 98.419943981050608
71.669738482492974 96.775446518912318 98.345208488019964
71.484172497443268 96.28117140081909 98.270472994989319
