-177.68153507112692 24.145354320307639 146.26088629840433
-152.22603954389976 127.20730802170428 132.89612972327069
-177.68153507112692 24.145354320307639 146.26088629840433
-177.62663213727404 24.740560956336555 146.20878324396901
-177.66279500872335 25.339222091642316 146.22601959517675
-177.61425422880302 25.935577318368949 146.18125089807097
-177.56571344888269 26.531932545095589 146.13648220096519
-177.47281311161339 27.121735694887782 146.07730643032841
-177.24605412320957 27.530594858595304 145.70125517660034
-177.05380830825464 28.007807549263976 145.39253265637049
-176.86156249329969 28.485020239932652 145.08381013614064
-176.66931667834487 28.962232930601346 144.77508761591073
-176.5906929163578 29.544981514734708 144.65582994638143
-176.51206915437066 30.127730098868064 144.53657227685213
-176.31157183539707 30.620295570612342 144.25875924416692
-176.11107451642351 31.112861042356627 143.98094621148175
-176.11915533105201 31.712710141636382 143.99170532520967
-175.80033556382386 32.111106845458664 143.67605675098807
-175.6694260371236 32.686290787587936 143.56639304443144
-175.42569078429 33.201371588217498 143.37855030342459
-175.18195553145645 33.71645238884706 143.19070756241774
-175.11471011366106 34.311785445675483 143.15820209775637
-175.00710351383512 34.898647251088086 143.09484563777195
-174.90386653512297 35.486870921711152 143.03709583651593
-174.8006295564108 36.075094592334217 142.97934603525988
-174.62690482936023 36.638057692238803 142.86580191450929
-174.45318010230966 37.201020792143396 142.75225779375876
-174.48253203284094 37.799738751528658 142.77824373772154
-174.43536032219319 38.39664611975774 142.73981948147122
-174.10199940311466 38.841652560715417 142.51434273070234
-173.7686384840361 39.28665900167308 142.28886597993341
-173.4612214362881 39.715830488901645 142.00372286971697
-173.44504220322614 40.314623226751671 141.96929193136799
-173.27757691465203 40.877549485753107 141.8465344303774
-173.11011162607798 41.440475744754544 141.72377692938682
-172.8710868704313 41.974487757387372 141.59074183419801
-172.62985242519082 42.502323262521699 141.43844074441495
-172.39696263429363 43.034481283288443 141.28820697248105
-172.16407284339647 43.566639304055187 141.13797320054715
-172.1198721376401 44.164436308179567 141.11179994185517
-172.07567143188368 44.762233312303941 141.08562668316321
-171.7044145792311 45.159727507513921 140.83231518691235
-171.33315772657846 45.557221702723893 140.57900369066149
-171.26865866692563 46.150046476963276 140.51268130867828
-171.20415960727277 46.742871251202658 140.44635892669513
-171.05600307191091 47.310829365705288 140.32196752345442
-170.83259352348139 47.825771918776425 140.11001861284836
-170.60918397505196 48.340714471847619 139.89806970224237
-170.4216520433578 48.892427052930351 139.75508368030285
-170.23412011166363 49.444139634013077 139.61209765836333
-170.17108097136946 50.032442879044979 139.51247156401095
-169.91036223170684 50.502777562404972 139.24636815475549
-169.71777340134568 51.040553320899576 139.06277410257601
-169.52518457098449 51.57832907939418 138.87918005039657
-169.49041867654006 52.17707191851391 138.86190737873537
-169.3060562364625 52.725423019608343 138.70277988074344
-169.25960001487528 53.320465407950486 138.64140907700158
-168.97496986600575 53.813532208451974 138.4520131726168
-168.68302588673978 54.265618505902225 138.18670826759603
-168.52073308604969 54.834945115155463 138.08909546699905
-168.44660895820087 55.42679333479672 138.02412394571377
-168.31152953130814 56.008812176751029 137.96928220941285
-167.90425879339082 56.357272098736736 137.69964128372462
-167.62229469249493 56.856533082344512 137.52290782324536
-167.57157210457885 57.435928421098637 137.37550273342453
-167.39376228300927 58.008931029230823 137.38269150432842
-167.10842765963122 58.493779036070329 137.17410923527021
-166.82309303625317 58.978627042909842 136.96552696621205
-166.56991618729575 59.50191283242772 136.81695555025109
-166.52366346912791 60.099474719619685 136.78901853112478
-166.23235282337401 60.586163100887461 136.59338487550949
-166.00838490848696 61.127199965858587 136.46255107313658
-165.86845052180092 61.704845821432968 136.38043144722087
-165.53212098917862 62.151100835225748 136.16193909460668
-165.51968714495467 62.750968591142545 136.16395773998374
-165.22199600242547 63.244972789168244 135.99861011831155
-165.14477126307597 63.837466573419363 135.94395249984726
-165.06754652372649 64.429960357670481 135.88929488138294
-164.64095673548456 64.768015653555565 135.63682751816194
-164.50673338143994 65.347086419485109 135.55521171531237
-164.37251002739532 65.926157185414652 135.47359591246277
-164.34542009667319 66.525521953608333 135.47888838840436
-163.9232450963209 66.873943246185519 135.23318354116606
-163.9898280538271 67.468609872956108 135.27720981485589
-163.97010319264373 68.068271211989924 135.28135810600489
-163.60016115913095 68.486748558118762 135.06222435092045
-163.355300484851 69.016587977270291 134.92325154745035
-163.24347923003432 69.602237015973699 134.8560860024366
-163.13165797521762 70.187886054677094 134.78892045742279
-162.80853505031493 70.66160679218217 134.61234118836788
-162.53436006255245 71.173231751746982 134.4604597318442
-162.26018507478997 71.684856711311795 134.30857827532054
-162.16704245346233 72.275282965537002 134.25641228626816
-161.97787401404648 72.835102507084571 134.15240564018032
-161.78749732146645 73.394805919789093 134.04999077441761
-161.59712062888644 73.954509332493629 133.94757590865487
-161.40674393630641 74.514212745198151 133.84516104289213
-161.08500640173253 74.987253564572626 133.66428168516487
-160.87994981906905 75.540763421722886 133.55667761487058
-160.67489323640567 76.09427327887316 133.44907354457635
-160.36418627348479 76.588149747801992 133.30926218369717
-160.28339672929044 77.179742317067578 133.25017511625757
-160.04673715645066 77.716525709679757 133.12425515755746
-159.76927553947922 78.22517484332478 132.9683991023341
-159.49181392250782 78.733823976969802 132.81254304711072
-159.32624481335398 79.306713696459298 132.74632945789176
-159.15148971741596 79.868644741836874 132.62930742285329
-158.91610052229265 80.41137311093938 132.5291183805856
-158.68071132716929 80.954101480041885 132.42892933831791
-158.38877125447451 81.4586251821612 132.28670828518307
-158.19392626552161 82.020339573336145 132.20600900992665
-157.99908127656869 82.582053964511061 132.12530973467022
-157.7476991198975 83.107746205480652 131.98228987908462
-157.5370671227798 83.658370307341272 131.87072258889444
-157.3264351256621 84.208994409201892 131.75915529870423
-156.92299814826717 84.623493398322836 131.59968996300975
-156.81235313289281 85.2122335971209 131.56588672511697
-156.79483784185226 85.811945519994993 131.5596558229019
-156.3625228316028 86.197204081133236 131.4025584868879
-156.11916611387414 86.735765564122261 131.29897742212705
-155.96351757898861 87.313151484111359 131.24999749780787
-155.67020001389102 87.822739914701287 131.13047997853087
-155.37688244879348 88.332328345291231 131.0109624592539
-155.11737431110464 88.864468421409981 130.91358450558064
-155.03402365514685 89.457957610891697 130.88489217002308
-154.95067299918907 90.051446800373412 130.85619983446554
-154.4992978839451 90.396857689257317 130.66397126432329
-154.29658693296216 90.95446009893115 130.57459664221199
-154.09387598197924 91.51206250860497 130.48522202010065
-153.89116503099632 92.069664918278789 130.39584739798934
-153.64123355051967 92.603675087573151 130.28463861165949
-153.40883814401442 93.142320488976935 130.1587279028941
-153.17644273750918 93.680965890380733 130.03281719412868
-152.94379915068137 94.229908444400266 130.10018954672523
-152.84104856218681 94.820990446817774 130.1082134474058
-152.73829797369231 95.412072449235296 130.11623734808637
-152.37052266318912 95.878193355443202 130.02979302045173
-152.00274735268596 96.344314261651121 129.9433486928171
-151.70990543389172 96.861740188409215 129.86263920814864
-151.41706351509734 97.379166115167223 129.78192972348032
-151.21439720106756 97.943891182707972 129.78538851643026
-150.97201172325055 98.489438568813327 129.72516119989496
-150.67889624492202 99.003294049865332 129.62498205557307
-150.34327899033664 99.482823149623783 129.49302410428021
-150.00766173575124 99.962352249382235 129.36106615298735
-150.15916227143751 100.53966938913044 129.42232386956036
-149.75188275953451 100.95931140582321 129.28807046360697
-149.51032427509156 101.50367054384442 129.21511412429069
-149.23255808569431 102.02481564051901 129.10903051462472
-149.11649735842249 102.61211688474438 129.06894116296527
-148.88491332172885 103.16089477175895 128.99674930281122
-148.65332928503523 103.70967265877353 128.92455744265712
-148.32579328937513 104.19362841527011 128.78851701741237
-148.03404391651139 104.71718074122877 128.76067342897846
-147.76927118627509 105.25559676262519 128.7625679544787
-147.52058647484222 105.79310991212196 128.85866961116375
-147.27232315047328 106.33045133071042 128.95679973723432
-147.0293439028309 106.82989591912693 129.18377151591307
-146.78789177459004 107.32280003613917 129.42614808491336
-146.68513158034654 107.89284417818335 129.58264095567796
-146.5917758245387 108.46614301050568 129.7330176550546
-146.48065207677013 109.05478481138228 129.69907147791179
-146.31405137283124 109.62266072372738 129.60027292718706
-146.14925086518548 110.18496322042067 129.4712121086084
-145.98445035753974 110.74726571711395 129.34215129002968
-145.70570298012495 110.84657422262288 128.82019562110946
-145.58359477590122 111.07205291267573 128.27774843769589
-145.46148657167748 111.29753160272863 127.73530125428235
-145.36907365470657 111.73680836463495 128.13341653812111
-145.05258486323265 112.18924054451467 127.89859752807156
-145.05439754896375 112.76704336813532 128.06027811189796
-144.94277533468397 113.34916805729972 127.96715814870774
-144.8311531204042 113.93129274646412 127.87403818551756
-144.71953090612445 114.51341743562853 127.78091822232736
-144.2000869506216 114.81327938284971 127.79706720682464
-143.95223850591069 115.35447357412215 127.72170146004699
-143.63839524523152 116.10503944725824 127.61264932267594
-188.0277734270575 124.35871778102087 142.59666369711294
-188.53765492885731 124.61703431085448 142.80780099376352
-189.04753643065709 124.87535084068807 143.0189382904141
-157.70557342705752 111.43847599870018 152.32073421480814
-157.17203514494645 110.82531586646864 152.36625272675312
-149.4418843844355 126.24507461500782 132.29438019911692
-149.99797695906634 126.36173024364957 132.487130070055
-150.51266805883947 126.62288948050681 132.65110849796082
-151.0273591586126 126.88404871736407 132.81508692586664
-151.54205025838573 127.14520795422133 132.97906535377243
-152.22603954389976 127.20730802170428 132.89612972327069
