-110.06268392730362 132.10238464294554 482.32798849738282
-137.67815527602431 42.586826880703633 475.15073525798471
-110.06268392730362 132.10238464294554 482.32798849738282
-109.77828624696375 131.57607948049235 482.28193596876127
-109.49388856662385 131.0497743180392 482.23588344013962
-109.46621339133517 130.45071511541275 482.21685303233227
-109.50052992228704 129.85255402914328 482.24887943669393
-109.53484645323894 129.25439294287378 482.28090584105558
-109.45430872263516 128.66279089712876 482.22157040965504
-109.37377099203138 128.07118885138374 482.16223497825456
-109.29618747981127 127.51143887286567 481.96058984397013
-109.28032587468445 126.95017460381685 482.1720864864302
-109.58536018546832 126.44502097988068 482.2805940228908
-109.5416871072252 125.84682588952963 482.26461603438622
-109.53234638798843 125.24690311651227 482.2622885079503
-109.39160042590235 124.70667764247021 482.04240896967423
-109.25085446381627 124.16645216842815 481.82252943139821
-109.31095739134018 123.7011323207859 482.19651482883137
-109.24359043393456 123.12502176483056 482.04302762947344
-109.28227042559017 122.53282555561707 482.13138773381189
-109.29916537177613 121.93317316100793 482.14285797499861
-109.31606031796211 121.33352076639878 482.15432821618549
-109.28865357885607 120.73438452457631 482.13745710518452
-109.30238240399089 120.13456290568938 482.14251129911463
-109.31611122912572 119.53474128680246 482.14756549304474
-109.2783421744 118.93602571757242 482.1369275577805
-109.29085760930221 118.33621195977398 482.14510189842167
-109.14368776176691 117.76033154328111 482.06323137945157
-109.37307561859518 117.21906756822236 482.1832918660545
-109.26149233329735 116.6300811481439 482.15791141284114
-109.14990904799951 116.04109472806547 482.13253095962762
-109.24188372954852 115.44823896390817 482.14044934705288
-109.31138863089703 114.87322003801106 481.98385335876247
-109.38089353224555 114.298201112114 481.82725737047178
-109.35894150325728 113.7002227008317 481.87130198493935
-109.33698947426896 113.10224428954939 481.91534659940669
-109.72558626607042 112.82382378150176 481.5527523990944
-109.76553849794425 112.46219820579464 481.07564574208493
-109.84495803791586 112.10270435994497 480.60187711557307
-110.02526000391511 111.61006670026038 480.31067385783501
-110.08361165398371 111.05149486061296 480.09950429353376
-110.40450770844515 110.61890379275087 479.83513581917077
-110.6444799024578 110.09845524593193 479.65752203531713
-110.73638914291936 109.50834402349101 479.5998901286415
-110.99676028053497 108.98715953730689 479.45645511876683
-111.06003390053768 108.39402314375545 479.39175838270887
-111.39883930846759 107.99401896226161 479.09985505908116
-111.59968390584729 107.45221655696305 478.93826421368419
-111.79296088778285 106.89361418565258 478.83527198572392
-111.98407493524739 106.34243238159763 478.69500780733023
-112.2746454631869 105.85656411627728 478.49625973300607
-112.56521599112639 105.37069585095689 478.29751165868203
-112.68618728588528 104.78559161328641 478.24256644137967
-112.89180089469917 104.23190299403066 478.13696361576797
-113.09741450351301 103.6782143747749 478.0313607901561
-113.34628806715929 103.14169639484257 477.9303142339192
-113.53990768897884 102.58233815207677 477.83218269823158
-113.73352731079838 102.02297990931098 477.73405116254389
-113.96964847334004 101.4819210275074 477.62680339789847
-114.19102681321017 100.93198631499386 477.53426452709812
-114.41240515308027 100.38205160248035 477.44172565629759
-114.71636282229213 99.878896986067772 477.32153760651727
-115.02032049150398 99.375742369655228 477.20134955673683
-115.0801068567672 98.779463215597872 477.1717394070368
-115.32600461118838 98.24112108218624 477.07313899241069
-115.4577376249832 97.657095939079255 477.0336289266628
-115.589470638778 97.073070795972257 476.99411886091491
-115.81261625072959 96.521197442830967 476.91900669173231
-116.03576186268117 95.969324089689664 476.84389452254953
-116.21256895250599 95.399147411137193 476.78358027694742
-116.38937604233081 94.828970732584736 476.72326603134525
-116.70282397924856 94.333440687192393 476.59598537705926
-116.74601808679188 93.735186210848241 476.58095705021617
-117.18650760582258 93.36439729614014 476.41218334268535
-117.13662409374399 92.76732882651639 476.44413452112758
-117.34626438685832 92.211276879512184 476.36132643133095
-117.55590467997266 91.655224932507963 476.27851834153444
-117.765544973087 91.09917298550377 476.19571025173781
-117.93275787275442 90.525214299062355 476.14460964075062
-118.17459444776789 89.982885824256329 476.05861605726716
-118.41643102278138 89.440557349450302 475.97262247378376
-118.55600698701198 88.858340085247377 475.93335916428043
-118.57794022237492 88.258748527556449 475.93037635817143
-118.95425083193963 87.813867791993786 475.78729786134443
-119.17545423798579 87.263410593945792 475.69748735933763
-119.39548626133342 86.715914626270745 475.58870282881452
-119.44347684646149 86.117881645194331 475.58139137998921
-119.7580136759138 85.621066768582168 475.46205336720652
-120.0725505053661 85.12425189196999 475.34271535442377
-120.12231907814871 84.527523208100234 475.3047948189548
-120.24853677959649 83.943380756301707 475.25144045785817
-120.37475448104428 83.359238304503151 475.19808609676164
-120.46343546838193 82.766588882873435 475.16804703008529
-120.82381244235387 82.317040478865295 475.00061146312129
-121.0976190823952 81.797334000987988 474.87840221338286
-121.23416732144628 81.216219007370597 474.81790475388971
-121.37071556049735 80.635104013753221 474.7574072943965
-121.7800645165398 80.223831728301462 474.60480146421224
-121.84325582242816 79.628451082295982 474.6439006358429
-122.08064257692021 79.079761066613386 474.59304008647524
-122.31802933141225 78.531071050930805 474.54217953710759
-122.4187096974279 77.94012165012613 474.51683649886127
-122.71127987165646 77.41629146255147 474.51898771651167
-123.09416783111047 76.954448209653322 474.50910742007909
-123.19464449910481 76.362941731971659 474.50415504192432
-123.29512116709914 75.771435254289997 474.49920266376949
-123.44041273533158 75.1895225543104 474.48283288053909
-123.58570430356403 74.607609854330804 474.46646309730858
-123.93984053239134 74.127442962968701 474.40300218121354
-124.29397676121866 73.647276071606598 474.33954126511856
-124.41131078678629 73.059429499120114 474.31367364713776
-124.66742313590939 72.516864136072968 474.30826148969771
-124.965857480202 72.001504238239121 474.23517853784614
-125.21466855693879 71.45559389635936 474.22652136037351
-125.13356721489706 70.861249697709766 474.23984599359926
-125.56288967268183 70.442205696831437 474.23066162810483
-125.88388570054212 69.935449667863736 474.21801737238081
-125.87695561258019 69.335491955018341 474.21636913751883
-126.2335747860913 68.852974853476965 474.21626048962906
-126.3449870659969 68.263409531736002 474.21607264206779
-126.64938845328763 67.747573566356763 474.25147111995528
-126.73028332131041 67.153095986359602 474.25871178347995
-126.91582659029669 66.584323746816963 474.30422919618695
-127.19281135230638 66.057321034385865 474.37871129272509
-127.46979611431607 65.530318321954766 474.45319338926311
-127.72524442863866 64.989328570053317 474.40762753530043
-128.00538357629569 64.476712480910606 474.27070856984267
-128.08653067680501 63.884054483749239 474.22410764195922
-128.31851820325556 63.330735187282379 474.21968681298995
-128.52974879074765 62.783073898298234 474.34397981945438
-128.74268522860896 62.234221364564711 474.45982009589244
-129.04146474698464 61.736136740824691 474.30934582236716
-129.3402442653603 61.238052117084649 474.15887154884194
-129.52849075665119 60.670933391503603 474.21308971564986
-129.68936685102375 60.162392184765771 474.48787094373694
-129.8502429453963 59.653850978027968 474.76265217182407
-130.17112403180403 59.146865074845053 474.76186327411506
-130.49200511821178 58.63987917166213 474.76107437640604
-130.58158745659784 58.04725274683765 474.73334487498539
-130.67116979498388 57.454626322013169 474.70561537356468
-131.01186154654346 56.960826998018057 474.69605723351395
-131.35255329810306 56.467027674022958 474.68649909346323
-131.52371677789213 55.893911531781214 474.63916041278418
-131.69488025768106 55.32079538953947 474.59182173210456
-131.94339260226303 54.776955758968747 474.54202142275727
-132.21714724392368 54.25857165146941 474.66983501069433
-132.49090188558438 53.74018754397008 474.79764859863144
-132.71616653309187 53.185669059665955 474.83966156268269
-132.94143118059935 52.631150575361815 474.88167452673389
-133.1666958281069 52.076632091057697 474.92368749078514
-133.47111588079389 51.559825814122725 474.90820512524704
-133.77553593348088 51.043019537187732 474.89272275970905
-134.08251472764351 50.53107386388988 474.83209564097433
-134.21828768969436 49.949096542160163 474.88565028380054
-134.39099170609239 49.37449133814134 474.88417304499887
-134.64087586568925 48.830350600665263 474.92249750979033
-134.94831487453968 48.320694945673928 474.9982099207441
-135.22647765657013 47.79117803678529 475.04551013104066
-135.5046404386006 47.261661127896652 475.0928103413371
-135.69458836236169 46.693075069070424 475.11790376611941
-135.88453628612282 46.124489010244226 475.14299719090207
-136.17201777829243 45.597845726232677 475.14188226244249
-136.49102299358952 45.089745229328258 475.15022238586698
-136.7220362390963 44.536877744908466 475.11907073949368
-136.95304948460304 43.98401026048866 475.0879190931206
-137.1245127290496 43.417738304135447 475.18760072258038
-137.29597597349616 42.851466347782249 475.28728235204028
-137.67815527602431 42.586826880703633 475.15073525798471
