-52.913238214132662 94.628730712237854 484.60572554280361
-34.643068562541565 2.9797906913486174 415.44594083236524
-52.913238214132662 94.628730712237854 484.60572554280361
-52.715390825349267 94.193802093429497 484.2428295421463
-52.517543436565873 93.75887347462114 483.87993354148904
-52.344548395253881 93.283126475134367 483.55785046499977
-52.175787129260286 92.785741066236213 483.26780324450721
-52.007025863266698 92.28835565733803 482.9777560240147
-51.837299336835372 91.822199943011682 482.64027749695487
-51.66757281040401 91.356044228685235 482.30279896989521
-51.530241420868322 90.881908024603163 481.96171987433701
-51.334893255734173 90.425982227723068 481.62412431435735
-51.15903944549251 89.952612782202522 481.30009220873961
-50.932287980750807 89.482259371221446 481.0045394350833
-50.705536516009104 89.011905960240384 480.70898666142693
-50.520048533605525 88.506633493021326 480.44385661361218
-50.263248158293855 88.04465580492915 480.15990206981195
-50.006447782982178 87.582678116836945 479.87594752601183
-49.867084797976212 87.024219271120927 479.70653183591276
-49.557623478236302 86.699494216143123 479.30805055623387
-49.478867560029059 86.126287682464081 479.149205426957
-49.222345021828382 85.68781071554254 478.82993416787724
-48.992441367063932 85.215161187078493 478.54054389027851
-48.830695527744282 84.687759513625821 478.30456558978858
-48.668949688424632 84.160357840173162 478.06858728929865
-48.411285169825668 83.769130553901306 477.69368702745351
-48.153620651226689 83.377903267629421 477.31878676560848
-48.106131777864405 82.781931352567142 477.26816776360545
-47.850464827258989 82.385304461367099 476.89759858039525
-47.594797876653573 81.988677570167056 476.527029397185
-47.420145477966088 81.522381447843188 476.19226908600933
-47.266034591642104 80.965745417261644 476.02976935008689
-47.061212558005799 80.495572162259023 475.71834513006331
-46.844604680592738 80.090478819663034 475.33236532330267
-46.62799680317967 79.685385477067058 474.94638551654197
-46.455380473467883 79.12197799773061 474.83335625066547
-46.307351650307183 78.640522678820957 474.50733747297426
-46.159322827146482 78.15906735991129 474.18131869528304
-45.967312300117605 77.670505870814353 473.89073371824287
-45.762590690258399 77.183546519550021 473.60619962068529
-45.557869080399186 76.69658716828566 473.32166552312782
-45.432628025441794 76.181930029131109 473.03980969602753
-45.214918232417219 75.777483291798859 472.65377176695512
-44.997208439392587 75.373036554466552 472.26773383788287
-44.801352333149367 74.855648116702113 472.03546332723863
-44.608876759072658 74.40481375893782 471.68948423069799
-44.510892751999755 73.876004922302329 471.42347605666163
-44.262495695526255 73.455319309614978 471.0751622360728
-44.173374466487566 72.91360196295669 470.83308843975408
-44.084253237448863 72.37188461629836 470.59101464343547
-43.764782728245045 72.112896813947287 470.15413489798783
-43.710949135367088 71.564183100688581 469.91745958208082
-43.535744546413504 71.140204249935238 469.53074872611285
-43.456134714536695 70.660487263657458 469.17927484693394
-43.163678532613218 70.28602133268916 468.81288073098938
-43.077294390485982 69.766359202044057 468.52567166086391
-42.97840836476005 69.353813398419646 468.10137516803371
-42.887290698853619 68.912222553122689 467.70552785364379
-42.796173032947181 68.470631707825731 467.30968053925392
-42.678904192393766 68.077135473682546 466.87217770183406
-42.59577153459 67.815622706102346 466.33860480747097
-42.651748371664489 67.377435985035987 465.93257649418211
-42.707725208738978 66.939249263969629 465.52654818089314
-42.423280773259549 66.497939956039872 465.23613905937771
-42.312276403468275 66.064412342256659 464.83647440247813
-42.201272033677 65.63088472847349 464.43680974557844
-42.20881441443936 65.154024869724623 464.07273861570621
-42.154033830444867 64.866649878097377 463.54889254880828
-42.099253246450374 64.579274886470131 463.02504648191035
-42.044472662455888 64.291899894842956 462.50120041501231
-42.056109708120424 63.702533220768387 462.61305524351098
-42.067746753784959 63.113166546693797 462.72491007200972
-42.015083890173898 62.952347453011669 462.14926795931854
-41.979206362455912 62.588837586232579 461.6732707116804
-41.912852270848632 62.358792170208645 461.12311051583436
-41.942800178348499 61.795464778436966 460.91874473465731
-41.918318206262576 61.203784292168734 460.82223134070512
-41.893836234176646 60.612103805900503 460.72571794675287
-41.61086365194565 60.096879681341534 460.6054240600505
-41.637022725658042 59.737859483100763 460.12540301872252
-41.675088789928473 59.166630078537082 459.94582589848505
-41.604643389747856 58.725475403125209 459.54530124511695
-41.53419798956724 58.284320727713329 459.14477659174884
-41.497080895200597 57.686433651034633 459.11081536611755
-41.250102688479913 57.209804286157564 459.37881949657441
-41.34845466496067 56.892084263579747 458.87943900438887
-41.286348304525319 56.312138555308287 458.73870601091903
-41.335193555782844 56.124801881659849 458.17079834929092
-41.211728724579487 55.697968254592276 457.76759927902879
-41.088263893376123 55.271134627524717 457.3644002087666
-41.013937655261529 55.072618389258857 456.80309199265668
-40.948411256289795 54.747286414807569 456.30322661334196
-40.882884857318054 54.421954440356217 455.80336123402731
-40.786156423197653 54.149403412502878 455.27766213069089
-40.722560579847979 53.8553213628457 454.75855586336399
-40.658964736498305 53.561239313188551 454.23944959603705
-40.779432461308026 53.044565736407904 453.95920694700618
-40.642971487041407 52.870028352874762 453.40160932842116
-40.506510512774781 52.695490969341577 452.84401170983631
-40.461151188330014 52.115695041861315 452.69643388574605
-40.415791863885246 51.535899114381074 452.54885606165573
-40.399848773576295 51.093758652896412 452.14356896564902
-40.383905683267336 50.651618191411764 451.73828186964238
-40.298713900049584 50.307720683283598 451.25405375813352
-40.325616856861316 49.846800574252661 450.8708711854535
-40.179870133523032 49.398523103441335 450.49964995518894
-40.208550962019913 48.903889950436863 450.16124863423175
-40.210309254805892 48.557280301423155 449.67149496184419
-40.212067547591893 48.210670652409441 449.18174128945668
-40.20168508344554 47.640157650832194 448.99624972773597
-40.191302619299186 47.069644649254954 448.81075816601532
-40.163908097221025 46.644728255596114 448.38803414427059
-40.146677350080537 46.108766133492146 448.11887303076645
-40.129446602940057 45.572804011388278 447.84971191726208
-40.094490200498498 45.102318187119771 447.47900834418687
-40.068024942026547 44.577879784774908 447.18872580554569
-40.041559683554595 44.053441382430051 446.89844326690445
-40.182761285555422 43.57017813294393 446.57207117972712
-39.951282908174925 43.13015916180823 446.23621248050085
-40.006708764423294 42.612106155686909 445.93864054414291
-39.937228604312082 42.03474933335319 445.79088531731276
-39.86774844420087 41.457392511019478 445.64313009048254
-39.845631541245716 40.858503793663516 445.61409309980843
-39.808748152904315 40.429022328854543 445.19673799075861
-39.870712567722691 39.833882874691319 445.15235960193576
-39.764458315871401 39.390339126298421 444.76251479021568
-39.693229950462282 38.966257574342691 444.34408754773256
-39.622001585053148 38.542176022386926 443.92566030524961
-39.586593514866536 37.986127044131855 443.70304897951081
-39.551185444679923 37.430078065876771 443.48043765377213
-39.454576067505435 37.304018231980464 442.90183973939639
-39.424935076205408 36.727252941167983 442.73916456935268
-39.373384823368525 36.286870726250356 442.33492939495943
-39.269843713174993 35.781181490311873 442.02905746889263
-39.166302602981467 35.275492254373411 441.72318554282572
-39.165864921920424 34.715014412981681 441.5090257946373
-39.083245351841406 34.548304500120956 440.93860330946166
-38.935457105051576 34.065759225383374 440.61409030211178
-38.854479975589101 33.552593260594747 440.31391802310088
-38.75200625954075 33.182446952813223 439.85295072669589
-38.72124768451571 32.727872836636216 439.46254544629574
-38.690489109490684 32.273298720459238 439.07214016589552
-38.586098495725111 31.71832331261276 438.86939674074119
-38.511578750945645 31.286901205749604 438.45912637458275
-38.437059006166194 30.855479098886445 438.04885600842437
-38.263717350098553 30.387347193685258 437.715981873646
-38.212597464945098 29.995572169117771 437.26443000789078
-38.161477579791651 29.603797144550317 436.81287814213545
-38.085384473582934 29.119143302644989 436.46745015729067
-38.009291367374217 28.634489460739644 436.12202217244595
-37.952493268984128 28.22522111437123 435.68696654763443
-37.905113362348473 27.796867146212605 435.26951233168984
-37.808008391272786 27.334653304871729 434.89947315881034
-37.710903420197099 26.872439463530831 434.52943398593095
-37.559205583323376 26.305941211920079 434.4026763541695
-37.587923015126357 25.941195063258249 433.92713923033273
-37.616640446929338 25.576448914596448 433.45160210649584
-37.55341813954162 25.055984892990914 433.15984854257113
-37.481367057925361 24.478579645730878 433.01352075274809
-37.39533484666314 24.002754154694877 432.65829046025362
-37.309302635400918 23.526928663658879 432.30306016775921
-37.283611458356027 22.940263144086522 432.17991987554359
-37.180336727416964 22.485179716669897 431.80278143406593
-37.077061996477909 22.030096289253272 431.42564299258828
-37.051399210977536 21.526370986388862 431.10067800879079
-36.957763652483393 21.041630366252363 430.75971039540917
-36.912576072230721 20.556742381017219 430.40922255772358
-36.85432592870314 20.045432896301765 430.10072696355883
-36.787832818054085 19.526973125368762 429.80614568078562
-36.721339707405029 19.00851335443576 429.51156439801241
-36.6840555339056 18.466328905998484 429.25730878985553
-36.628427525967489 18.011565194845307 428.86988719552829
-36.564778740871475 17.528980681183732 428.51908665486474
-36.541488120089824 17.265965829699347 427.98030958140833
-36.518197499308172 17.002950978214979 427.44153250795188
-36.429137661761807 16.77572008902203 426.89341348042888
-36.423123582285896 16.358551421080463 426.46221267646871
-36.355431508252721 15.971347811615948 426.00890136188372
-36.287739434219539 15.584144202151418 425.55559004729878
-36.266595815507294 15.262764501593997 425.04936081517428
-36.179991367381881 14.708453854173303 424.83666531517264
-36.093386919256474 14.154143206752611 424.62396981517105
-36.006782471131082 13.599832559332029 424.41127431516907
-36.033448942536928 13.393213203733172 423.84860448196787
-36.060115413942768 13.186593848134319 423.28593464876667
-36.014299191009215 12.680808145491808 422.96643238473945
-35.968482968075662 12.175022442849293 422.64693012071223
-35.775265461492417 11.708827884954411 422.32238485524232
-35.711073965525863 11.250852577412951 421.94010476221121
-35.646882469559316 10.7928772698715 421.55782466918009
-35.659829265047748 10.354726550944338 421.14812193793443
-35.587568460053895 9.9356680140664331 420.72483914979938
-35.454336166171451 9.3954356570374973 420.50034381290845
-35.413014564072434 8.9411357219268659 420.11059505517022
-35.374757204404332 8.4483068817215958 419.77051255239604
-35.336499844736231 7.9554780415163133 419.4304300496218
-35.185408711626522 7.4701868475424318 419.11158223867278
-35.170278175639098 6.9869708202779091 418.75623263915787
-35.155147639651688 6.5037547930133943 418.40088303964296
-35.096803602713116 6.0265205055692173 418.0419353996711
-35.038459565774545 5.5492862181250411 417.68298775969924
-35.01157072426637 5.1618472329861396 417.22563885241198
-34.959531613379326 4.615790365286573 416.98250549769438
-34.973033023383095 4.0976729431613519 416.68022739921844
-34.72268767098651 3.6258583186975955 416.40688116332785
-34.682878116764037 3.3028245050231062 415.92641099784652
-34.643068562541565 2.9797906913486174 415.44594083236524
