-42.470737471736655 -187.43707331233935 140.9087351849991
-28.649035517269038 -149.99185684431558 32.814523238668542
-42.470737471736655 -187.43707331233935 140.9087351849991
-42.330703269770851 -187.32439220073721 140.33629008774705
-42.27326764161883 -187.1411622641275 139.76784665261144
-42.215832013466823 -186.9579323275178 139.1994032174758
-41.920394623421714 -187.14734984823315 138.7127434272636
-42.112196365500445 -186.76873006383795 138.28864538364618
-42.075751784091452 -186.68841988448025 137.69516238677312
-42.045537362169981 -186.2581738264274 137.27805878065357
-41.912376956468272 -186.05733048921417 136.72857696998972
-41.822104432982727 -185.94132012696943 136.14686186157718
-41.731831909497167 -185.82530976472472 135.56514675316467
-41.667452160524014 -185.80694031781923 134.9688936094895
-41.603072411550869 -185.78857087091376 134.3726404658143
-41.309766028771222 -185.69771421641343 133.8571635660858
-41.35515491886374 -185.71731426964169 133.25920396329508
-41.400543808956265 -185.73691432286992 132.66124436050438
-41.236176489554097 -185.60924322565376 132.09849799201484
-41.071809170151937 -185.48157212843765 131.5357516235253
-40.90744185074977 -185.35390103122148 130.97300525503573
-40.762866891319632 -185.25650438944234 130.39888682189158
-40.58679399489688 -185.08003219192801 129.85312506191772
-40.410721098474134 -184.90355999441368 129.30736330194387
-40.253993973842384 -184.83362164905779 128.7324326659072
-40.097266849210634 -184.76368330370192 128.1575020298705
-39.906418934033063 -184.51556383797532 127.64562919019258
-39.715571018855492 -184.26744437224875 127.13375635051469
-39.602974660143289 -184.31401448037806 126.54625887389577
-39.490378301431086 -184.36058458850741 125.95876139727686
-39.493855489619001 -184.11657576292066 125.41063038903333
-39.412308652297845 -183.6756895268181 125.01192066989138
-39.275319322881103 -183.87191563540824 124.46171231123665
-39.185074453330266 -183.86768325453417 123.86855301520237
-38.971711992917712 -183.55406331867295 123.4036670116304
-38.883874602355078 -183.49251573226456 122.81333110096053
-38.879329693901624 -183.42235017433492 122.21746522822775
-38.739192104066703 -183.14956090242603 121.70176427898809
-38.599054514231788 -182.87677163051714 121.18606332974844
-38.492213527179381 -183.04549655526185 120.62027458537861
-38.418247703837707 -182.95104121044071 120.03239088530511
-38.349384401456483 -182.65145548797528 119.51711790864124
-38.271249426756718 -182.52359043579301 118.93613128731586
-38.193114452056946 -182.3957253836108 118.35514466599045
-38.091100631653703 -182.10894188656965 117.83808721630851
-37.989086811250452 -181.82215838952851 117.32102976662657
-37.886246262360324 -181.56514732907516 116.78870548922733
-37.783405713470195 -181.30813626862181 116.25638121182809
-37.692953062910938 -181.09925161744792 115.70123661759089
-37.602500412351688 -180.89036696627406 115.1460920233537
-37.388084982577688 -180.73917339664337 114.60649353560828
-37.363929605705678 -180.44917893916084 114.08178434720237
-37.278060515297412 -180.06769547434305 113.62670538110631
-37.201968372726597 -179.8590416294976 113.06932439930824
-37.099333925999716 -179.67106531051738 112.50885042681023
-37.005525511573659 -179.44676269564368 111.96031754872206
-36.882819113002661 -179.19970727277149 111.4274885350796
-36.760112714431656 -178.95265184989935 110.89465952143715
-36.686959419003244 -178.74151385227088 110.33782081828747
-36.613806123574832 -178.53037585464239 109.78098211513779
-36.492769636943024 -178.25888875768561 109.25978644642036
-36.371733150311208 -177.98740166072881 108.73859077770297
-36.331045094272838 -177.6408479754725 108.25048727911778
-36.290357038234468 -177.29429429021619 107.7623837805326
-36.06890180736449 -177.14343725286804 107.2255414060847
-35.984247066205519 -177.04942013398423 106.63903108549682
-36.025863858201504 -176.58481960325412 106.26165277468753
-35.859154502181056 -176.40142696245559 105.71523248780554
-35.76559795094488 -176.17378273271237 105.16803483029464
-35.672041399708704 -175.94613850296918 104.62083717278374
-35.470802257639534 -175.68471410018907 104.11967842614717
-35.477420148991804 -175.55243878316816 103.53447808094813
-35.376964090193454 -175.35698733140993 102.97617054002083
-35.191647305779675 -175.047205606766 102.4969075928914
-35.110069375546047 -174.84489272196089 101.93796704333302
-35.005727750255751 -174.54401705945332 101.42945287347888
-34.901386124965462 -174.24314139694582 100.92093870362476
-34.827892433481701 -174.09226352794795 100.34488788472181
-34.754398741997946 -173.94138565895005 99.768837065818872
-34.650626131447083 -173.68858475161079 99.234680771698976
-34.556037449101972 -173.52019732262514 98.666615058130716
-34.48723337655143 -173.37289992483431 98.08906031942233
-34.418429304000888 -173.22560252704346 97.511505580713944
-34.284180597184374 -172.8995188997975 97.026070978774413
-34.211781394182871 -172.5818257333936 96.522256124462814
-34.139382191181369 -172.26413256698967 96.018441270151229
-33.960903462242271 -172.15199986452839 95.456683670865729
-33.873881661237334 -171.87070037446028 94.933904747192173
-33.786859860232397 -171.58940088439221 94.411125823518617
-33.611540164031794 -171.55468935646573 93.838362247552809
-33.497124080938462 -171.29840012292161 93.308055931638179
-33.382707997845138 -171.04211088937751 92.77774961572355
-33.249243462408153 -170.94012279013958 92.201741243046186
-33.222072990779502 -171.18776518922374 91.655907012123166
-33.100429901346146 -170.81907466638597 91.198446350248602
-32.96404276752061 -170.59958543758597 90.656945631719424
-32.890037254474819 -170.63794463787741 90.062764046855136
-32.710096720514819 -170.28076864798555 89.615498223789075
-32.620038852562956 -170.21470888098486 89.025985130122962
-32.529980984611079 -170.14864911398416 88.436472036456877
-32.373814294651901 -169.85970960259741 87.934350613186808
-32.252483429629279 -169.65195686622761 87.384698339723187
-32.167536622533945 -169.42243566370755 86.836880799333997
-32.082589815438617 -169.19291446118751 86.289063258944807
-31.997643008343282 -168.96339325866742 85.741245718555632
-31.857140600416592 -168.87042473809348 85.165384687100044
-31.716638192489903 -168.7774562175195 84.589523655644456
-31.646063372087337 -168.63910630801394 84.009973401339479
-31.602773733142534 -168.82471885485361 83.441049865514387
-31.487241548010264 -168.42766723355766 83.006305890024422
-31.404958341590902 -168.05068145337077 82.546837506478582
-31.322675135171529 -167.67369567318383 82.08736912293277
-31.215807183735212 -167.93883503337341 81.559846269746245
-31.146828696963148 -167.7046684497719 81.011751406162361
-31.061121147702003 -167.68299209840623 80.418300185090985
-31.016588655790951 -167.28674819759095 79.969961442363015
-31.006610600735023 -166.94348777841628 79.477952577559421
-30.914785902153334 -166.94476284469735 78.885022059761283
-30.822961203571641 -166.94603791097842 78.29209154196316
-30.775465405373232 -166.88435390266935 77.697163620049565
-30.770597543760363 -166.62369349410244 77.156763346799224
-30.697523729994145 -166.4586884263696 76.584545254316865
-30.624449916227924 -166.29368335863677 76.01232716183452
-30.493629263893418 -165.90521759533323 75.57417158710814
-30.362808611558915 -165.51675183202977 75.136016012381745
-30.434365402278264 -165.36074727096201 74.561088014604621
-30.356717298133269 -165.09538214879291 74.02859188892964
-30.242885503320501 -164.96075356595958 73.455078622148491
-30.129053708507733 -164.82612498312625 72.881565355367343
-30.104055578273687 -164.56731618794601 72.340831501218986
-30.090480993478394 -164.32496181861973 71.792123846528341
-29.935166963913236 -164.00451898929987 71.309222256804588
-29.779852934348082 -163.68407615998004 70.826320667080836
-29.839143356918647 -163.68005941703012 70.229270826977455
-29.779417090939539 -163.37846062886624 69.714032101598349
-29.719690824960441 -163.07686184070238 69.198793376219243
-29.516221634186849 -163.168648899706 68.641859426629694
-29.620529502535948 -162.70693632828383 68.273157148373656
-29.531495787969806 -162.75429334857677 67.681692601423009
-29.442462073403668 -162.8016503688697 67.090228054472362
-29.293247711271295 -162.53411170873886 66.574322889283238
-29.311206992631021 -162.26560956363105 66.038054241788757
-29.26368291736328 -161.98234934131654 65.511266705181939
-29.207429808617558 -161.65759124124358 65.009900806667233
-29.190905699739396 -161.37669353797725 64.479973043547133
-29.174381590861231 -161.09579583471088 63.950045280427034
-29.088388879217842 -161.13239075451821 63.357368247475264
-29.114417416178139 -160.77888617781053 62.873263889396945
-29.140445953138432 -160.42538160110286 62.389159531318626
-29.110175722576979 -160.1346604713936 61.865170086880745
-29.095324417305157 -160.2949377350397 61.287164345136048
-29.099476560652828 -160.29333401403616 60.687180855542735
-29.063711635897228 -160.08993621133089 60.123842410190491
-29.027946711141624 -159.88653840862563 59.560503964838233
-28.891390346575271 -159.68792631802691 59.011044597128077
-29.039496821095764 -159.30915932876886 58.569909651727599
-28.922140306354475 -159.26587996929408 57.983092520509331
-28.804783791613183 -159.22260060981927 57.396275389291063
-28.829617504642812 -158.79948073455159 56.971595677213109
-28.854451217672441 -158.37636085928392 56.546915965135156
-28.822268994402343 -158.28000954315598 55.955577882152326
-28.790086771132252 -158.18365822702805 55.364239799169503
-28.753922957699416 -157.84774222319336 54.868404527163023
-28.717759144266587 -157.51182621935871 54.372569255156534
-28.678133904706517 -157.60748242469776 53.781570328956207
-28.65467339477372 -157.30662008600171 53.262984311377593
-28.62194242550553 -157.17224101384693 52.679142767277156
-28.59203781472123 -157.12226201606944 52.081976279574612
-28.570803015410519 -156.77922433501166 51.590169170361307
-28.549568216099807 -156.43618665395388 51.098362061148016
-28.525629800513862 -156.25848822271658 50.525779997339654
-28.508775497919835 -156.08048703875323 49.953039645180219
-28.491921195325808 -155.90248585478989 49.380299293020784
-28.445449411619556 -155.70506886178617 48.815616280886971
-28.404521452042417 -155.49488859734728 48.255126175206897
-28.363593492465277 -155.28470833290842 47.694636069526823
-28.343305236957075 -155.18058132878363 47.104088904856269
-28.321852923533726 -154.73991518056897 46.697452526667533
-28.293470467234005 -154.48547901700988 46.154813903965717
-28.265088010934285 -154.23104285345079 45.612175281263895
-28.264905913859657 -154.03316560892964 45.045743852985616
-28.264723816785033 -153.83528836440846 44.479312424707345
-28.235530678301945 -153.58426883241339 43.935127754560817
-28.284571287140068 -153.48388781454395 43.345620613012663
-28.209494756728816 -153.49338685313762 42.750412008532514
-28.187616828422335 -153.26829462611616 42.194664902748301
-28.230029025480015 -153.22129706189173 41.598013887080256
-28.27244122253769 -153.17429949766728 41.001362871412212
-28.220703559842569 -152.85174236579127 40.498093449596468
-28.187957339015316 -152.44801009372702 40.055455970935455
-28.155211118188056 -152.04427782166277 39.612818492274457
-28.294451019089443 -152.02804020121212 39.029424466183102
-28.230458065156096 -151.77256597555777 38.490316107990438
-28.166465111222756 -151.51709174990341 37.951207749797767
-28.056905325500157 -151.70494466107365 37.392004801739297
-28.126828539274669 -151.19075496077295 37.090807696374519
-28.19675175304917 -150.67656526047227 36.78961059100974
-28.085756270014905 -150.994566962178 36.293067621612089
-28.127245294737587 -150.91002182482538 35.700504729947767
-28.16873431946027 -150.82547668747273 35.107941838283445
-28.374962101796569 -150.61651989310548 34.584675978628518
-28.466319906954062 -150.40829887684217 33.994625065308526
-28.557677712111548 -150.20007786057889 33.404574151988534
-28.649035517269038 -149.99185684431558 32.814523238668542
