-68.091914328174624 -192.74930063712415 144.09636341527352
106.80887401226737 75.041227661035151 55.766254101101346
-68.091914328174624 -192.74930063712415 144.09636341527352
-67.849199043395913 -192.22643536891425 143.92992663497964
-67.973383738891798 -191.64711534550401 144.0246180911968
-67.984880759287677 -191.04722888986581 144.02260342897438
-67.996377779683556 -190.44734243422761 144.02058876675198
-68.046829794375483 -189.86882094515278 143.8696997979963
-68.02324950593723 -189.28582375458308 143.72984899969683
-68.127271407739002 -188.69955512680147 143.80379857727934
-68.061619735049547 -188.10390765003501 143.83369742834125
-68.089619388914301 -187.56755507877028 144.10117067687491
-68.268502445642824 -186.99585715257385 144.06707766882096
-68.238579392760727 -186.40180538965893 143.98829242982359
-68.208656339878644 -185.80775362674399 143.90950719082622
-68.208968309450654 -185.20945436846927 143.95465029908115
-68.24387615056969 -184.61862730585716 143.85613723033634
-68.191840516598504 -184.07009757944417 144.09363971882541
-68.23616804316525 -183.47204345346432 144.07449989680495
-68.262593294234662 -182.93010425225975 143.81836788337503
-68.30254585027906 -182.34276719694563 143.93429448394815
-68.484550541785154 -181.77997065121909 143.83362502289839
-68.666555233291277 -181.21717410549255 143.73295556184866
-68.561165201604211 -180.96606389658672 144.26759245190047
-68.5292356256017 -180.40193039090096 144.06576606626422
-68.516413476572254 -179.80408219189823 144.11488961910283
-68.542561538634558 -179.22283539855943 143.96836848041045
-68.515755485337621 -178.62945660044167 144.0531212824348
-68.516404619346147 -178.08308145253733 144.30106034022427
-68.517053753354674 -177.53670630463293 144.54899939801368
-68.639342012233541 -177.38635464841042 143.98116142709986
-68.626103524780831 -176.7960319717379 144.08766907873184
-68.61286503732812 -176.20570929506539 144.19417673036381
-68.824736033432785 -175.65814046791218 144.31778522740052
-68.752754634355 -175.06741864605772 144.39437770334791
-68.773853600082973 -174.47198211150766 144.4651602362795
-68.794952565810959 -173.87654557695757 144.53594276921109
-68.816051531538932 -173.28110904240751 144.60672530214271
-68.875376550463088 -172.98607899058038 144.0876513087193
-68.699103918486443 -172.43398534285541 144.24295927167603
-68.710530862197984 -171.83674963928075 144.18657718823567
-68.921109059687367 -171.29870519447064 144.02482120488068
-69.131687257176736 -170.76066074966056 143.86306522152572
-69.013519212850468 -170.40859955043777 144.33432865666779
-68.931168809390343 -169.93025757501675 143.98161437342952
-69.035568723722974 -169.33941447967771 143.97935725635361
-68.991214014358349 -168.7572619530161 143.84104205307261
-68.929284695297213 -168.16091430685913 143.81792832633568
-68.867355376236077 -167.56456666070216 143.79481459959879
-69.041944884172182 -167.00421608245333 143.91941689963704
-69.216534392108287 -166.4438655042045 144.04401919967535
-69.15236906117542 -165.85700255662914 143.93689921522122
-69.165175185833704 -165.27776517620489 143.78095031240213
-69.129296474655376 -164.6798921673913 143.74544561670734
-69.093417763477063 -164.08201915857774 143.70994092101256
-69.136437779170961 -163.56503859176647 144.01140463655588
-69.179457794864845 -163.0480580249552 144.3128683520992
-69.223858847704363 -162.53056620528062 144.0124839931911
-69.268259900543882 -162.01307438560602 143.71209963428299
-69.019426189001905 -161.48788897808006 143.86130443220191
-69.254705190347181 -160.93594463300639 143.86241414709568
-69.489984191692443 -160.38400028793268 143.86352386198948
-69.413791305973533 -159.80869712531469 143.71113975767548
-69.475148198022993 -159.21193844155633 143.72183579231518
-69.536505090072438 -158.61517975779796 143.7325318269549
-69.530471478300299 -158.01621383297353 143.69784153395807
-69.524437866528146 -157.41724790814914 143.66315124096127
-69.480163934386752 -156.85538164316699 143.86893296806011
-69.649319880646004 -156.28317732027173 143.93192883066322
-69.555781918570915 -155.74514251126027 143.68339474056123
-69.462243956495826 -155.20710770224881 143.43486065045923
-69.598462869201512 -154.6447583913172 143.59362985501738
-69.734681781907199 -154.08240908038562 143.75239905957565
-69.749616360807721 -153.48793618237838 143.67253084382028
-69.775972893709664 -152.9076711966716 143.82285675488052
-69.802329426611607 -152.32740621096482 143.97318266594078
-70.00150963100333 -152.03305660765298 143.48977232553767
-69.73593157517054 -151.50198538982079 143.57597938934518
-69.761444971507743 -150.91027062928322 143.67201432449536
-69.786958367844946 -150.31855586874565 143.76804925964558
-69.812471764182106 -149.72684110820808 143.86408419479579
-69.837248247116236 -149.12822925659515 143.89648754341874
-69.862024730050379 -148.52961740498228 143.92889089204169
-69.987952484286467 -148.19990362822864 143.44367854045538
-70.107110854775001 -147.61202578311486 143.4295038458595
-70.108323174102509 -147.01342205943121 143.38861237640771
-69.967375034066478 -146.46709930327614 143.59273260550688
-70.044357113650776 -145.91757742479669 143.82098567666981
-69.999668017197251 -145.40606787416192 144.13140614034381
-70.017295129266955 -144.88513406398437 144.42858832408632
-70.064908407354196 -144.29274721097744 144.34606080059035
-70.11252168544145 -143.70036035797054 144.26353327709441
-69.962292751944787 -143.23989713033743 143.90940775762687
-70.17026772316197 -142.68103571915958 143.84292216186719
-70.227772496917581 -142.084516498754 143.8136301718007
-70.285277270673163 -141.48799727834844 143.7843381817342
-69.972532030233225 -141.27076249790721 143.32065783413594
-70.201546436105716 -140.74056951094465 143.48328562536054
-70.198710960416463 -140.42299279541189 142.97423062849964
-70.303768645048166 -139.84397882225397 143.09130198190309
-70.336454998265083 -139.26398025381997 143.2414128173809
-70.428420682670065 -138.67733887511787 143.32740238469239
-70.304476900384671 -138.09466824623394 143.25575828466452
-70.180533118099277 -137.51199761735 143.1841141846366
-70.026152166945252 -136.93396301771568 143.2293084712928
-70.308221129500367 -136.43794920217229 143.41480077612823
-70.331165737287407 -135.91509056368261 143.70821582197664
-70.472593571027247 -135.33327051645546 143.66969828716122
-70.614021404767072 -134.75145046922833 143.63118075234581
-70.354530512129614 -134.23179469572185 143.78158804505333
-70.427713507619444 -133.63953875797557 143.84385483696838
-70.466932278077891 -133.1443210750729 143.50737105640201
-70.417798715583089 -132.54644370734107 143.5187088776496
-70.652985774558701 -132.00651772146298 143.40396142859743
-70.596962672450857 -131.42151725621497 143.28298263834955
-70.572582495336221 -130.84897779828603 143.1052070042534
-70.662354209742062 -130.28873180285007 142.91010327827513
-70.75212592414789 -129.7284858074141 142.71499955229686
-70.764799310770229 -129.13010305862178 142.75715961893906
-70.777472697392582 -128.53172030982947 142.79931968558122
-70.729069914970154 -128.0801657884102 143.19143661309084
-70.723981196397602 -127.49367349768374 143.06494195762383
-70.853079099333826 -126.92681024747992 142.91661870581953
-70.667608109563631 -126.40429804390706 142.68731212268008
-70.696985103507899 -125.83090293611001 142.8615391084808
-70.964366112574936 -125.3059810648743 142.97540053780915
-70.718269447247124 -124.75890292317214 142.98731431916752
-70.712125969396752 -124.1894294859766 143.17615886372357
-70.716909031599954 -123.61622880039495 142.99890735776472
-71.155851520395245 -123.20754419148503 142.98140358758974
-71.110299456560554 -122.6813677074427 143.2661197921185
-71.056468850625876 -122.08664623200161 143.32450328733654
-71.038936369874577 -121.48861467801976 143.27921672684937
-71.021403889123278 -120.8905831240379 143.23393016636223
-71.071282062099186 -120.34017505344502 143.00034265880498
-71.078853466412966 -119.79256163931841 143.24541861132849
-71.086424870726745 -119.24494822519179 143.490494563852
-71.117805813412062 -118.64577012279224 143.49141000966398
-71.149186756097365 -118.04659202039268 143.49232545547596
-71.376971130068725 -117.55802390288711 143.22885729130513
-71.390581433169601 -116.9581789307086 143.22798036390304
-71.406639735911952 -116.35855234751891 143.21419299122772
-71.422698038654289 -115.75892576432923 143.20040561855242
-71.352225737582089 -115.33689657450694 143.62103017527676
-71.334197911667758 -114.76993285351753 143.42551256334718
-71.315290106192847 -114.17752720448934 143.33224926996962
-71.370310004792998 -113.61160913821543 143.14065189779862
-71.347507387097139 -113.01295934783445 143.17379505852622
-71.324704769401279 -112.41430955745348 143.20693821925386
-71.402428805690903 -111.83975519696341 143.05251587299301
-71.44426772026921 -111.3257434694877 143.35917765614238
-71.478180761632785 -110.73448141593663 143.26295349256566
-71.512093802996375 -110.14321936238555 143.16672932898894
-71.564224293202614 -109.63825019509838 142.84690351377046
-71.611443286625956 -109.07822707040175 142.63679766790912
-71.658662280049313 -108.51820394570514 142.42669182204776
-71.71583945742394 -107.94023438957768 142.2760865015
-71.697544687895771 -107.34200909065025 142.23375692400259
-71.679249918367617 -106.74378379172283 142.19142734650518
-71.686366251740466 -106.22641389514914 142.49519987310799
-71.717834779147438 -105.63313251719148 142.41137303759857
-71.749303306554424 -105.03985113923386 142.32754620208908
-71.824292723706236 -104.44759008143986 142.38757475142987
-71.766420212139792 -103.85255156505525 142.43836782599527
-71.784275223288873 -103.33549346280802 142.13450582199124
-71.802130234437968 -102.81843536056076 141.83064381798721
-71.972545676133251 -102.36399688635794 142.18341038442458
-72.142961117828534 -101.90955841215512 142.53617695086194
-72.156940158462234 -101.31041967409512 142.56511410654147
-72.155622336264514 -100.73105711581314 142.40910997388585
-72.155724547316609 -100.15579657964807 142.57962479753462
-72.062448550126661 -99.581060808250257 142.72446395461577
-71.969172552936669 -99.006325036852431 142.86930311169687
-72.170890710277021 -98.444845776433084 142.932949204414
-72.274794276274775 -97.854029347166048 142.94478118992342
-72.378697842272544 -97.263212917898997 142.95661317543286
-72.018458285608702 -96.789779092874909 143.03463801210489
-72.145790559115966 -96.20345593799091 143.03805124668941
-72.273122832623216 -95.617132783106896 143.04146448127392
-72.321518021767844 -95.03810745409595 142.89183970380904
-72.369913210912458 -94.459082125085004 142.74221492634416
-72.356478473591977 -93.957665972525362 143.0714585288415
-72.343043736271497 -93.45624981996572 143.40070213133882
-72.336237422445294 -92.894334826939115 143.19045176937954
-72.329431108619076 -92.332419833912496 142.98020140742025
-72.328691454665147 -91.732525906193416 142.96894403659962
-72.327951800711247 -91.132631978474336 142.95768666577902
-72.427251341031848 -90.547059039544408 142.87257535933219
-72.606373970668329 -90.006547299843021 143.06168417138784
-72.78549660030481 -89.466035560141648 143.25079298344349
-72.639609380897838 -88.927990841490072 143.0289263569652
-72.493722161490865 -88.389946122838495 142.80705973048691
-72.534866542772505 -87.842031261563065 143.04809177126671
-72.737636394322806 -87.297388488221685 142.8989320020618
-72.687075660690383 -86.705621280047225 142.98410936727095
-72.636514927057959 -86.113854071872794 143.06928673248009
-72.585954193425522 -85.522086863698334 143.15446409768921
-72.743969949856563 -84.945003159549515 143.10968219146133
-72.90198570628759 -84.367919455400695 143.06490028523348
-72.804257718301571 -83.819469462799987 143.28772722700779
-72.790484790246822 -83.223009512468764 143.22412035549482
-72.776711862192059 -82.626549562137541 143.16051348398184
-72.913739263501796 -82.405774821441213 142.61969742915286
-73.050766664811547 -82.185000080744885 142.07888137432388
-72.976492268666348 -81.609222841255928 142.23041976735925
-72.894691027981139 -81.02597578591417 142.34501221675072
-72.858531952398423 -80.455066586479091 142.16402821952056
-72.840998768573414 -79.857732623061125 142.11031859643185
-73.154770944948012 -79.387595679063423 141.90902707842463
-73.468543121322597 -78.917458735065694 141.70773556041746
-73.375440000078243 -78.442444744939735 142.06226837695098
-73.282336878833902 -77.967430754813776 142.41680119348447
-73.141538193885864 -77.386054667029541 142.3701367008847
-73.000739508937826 -76.804678579245305 142.3234722082849
-73.22188136405201 -76.25533834280796 142.42002056170236
-73.2412646486505 -75.820666228193318 142.00688082619558
-73.400328023505821 -75.249896334178729 141.91243205242796
-73.234361217802729 -74.673353710544276 141.91975479354113
-73.458129238779932 -74.127873175051604 142.03101511075516
-73.259955181205825 -73.579909796634837 141.88796554305674
-73.101172079775125 -73.004945543713433 141.82312701621828
-73.308090340524814 -72.49584892592847 142.06397025803386
-73.587413409852374 -71.989066701921999 141.90538148045965
-73.866736479179934 -71.482284477915513 141.74679270288547
-73.462648594038541 -71.283498390820611 142.14327356328036
-73.465072498334862 -70.709931240753448 141.96716323123877
-73.696852888630445 -70.173174438086249 142.10195931970171
-73.615260298747685 -69.58798772318967 141.99756028721205
-73.634777471399701 -68.988321022997113 142.00191099426388
-73.620149168081284 -68.38989355478293 141.96103828908332
-73.605520864762866 -67.791466086568747 141.92016558390273
-73.587951868294539 -67.605892553649355 142.49047584528938
-73.546783358195356 -67.050431175379089 142.26738884202319
-73.505614848096187 -66.494969797108823 142.04430183875695
-73.423320827085888 -65.953079130603697 142.28839649183357
-73.426829271842664 -65.369885537574547 142.14742513351865
-73.387378599528716 -64.774785609792247 142.21299738685406
-73.387401177599571 -64.17577165616558 142.17861304665695
-73.421146934782428 -63.582002451784568 142.09924456550166
-73.454892691965284 -62.988233247403556 142.01987608434641
-73.622039914558982 -62.423727172315729 142.13561154636278
-73.789187137152666 -61.859221097227895 142.25134700837916
-73.842294231320452 -61.264207513743862 142.30736907562536
-74.014379024637861 -60.693602401855706 142.23811136705791
-73.931629124440491 -60.110465035978962 142.3525808675183
-73.84887922424312 -59.527327670102217 142.46705036797874
-73.766129324045735 -58.944190304225472 142.58151986843913
-73.683379423848365 -58.36105293834872 142.69598936889957
-73.780695656481129 -57.770320328730293 142.73554356968233
-73.920754201359784 -57.249641697936951 142.99874951080383
-74.06081274623844 -56.728963067143624 143.26195545192533
-74.373830169403462 -56.907209601451392 142.7821135344125
-74.417831347944016 -56.646135585331635 142.24368595860111
-74.461832526484585 -56.385061569211892 141.70525838278968
-74.436199761095878 -55.808182753077816 141.54230503721413
-74.4105669957072 -55.231303936943718 141.37935169163859
-74.53754458130156 -54.722858257069603 141.67151548709242
-74.461578574502184 -54.137849741046693 141.56199744295526
-74.385612567702807 -53.552841225023784 141.4524793988181
-74.350201631432938 -52.956638058557438 141.50981917461115
-74.344856201760521 -52.358821071167043 141.56067461649383
-74.339510772088076 -51.761004083776641 141.61153005837656
-74.442499513029162 -51.174661703308168 141.53672409533925
-74.679276026430557 -50.637623579016292 141.66133122097233
-74.535166922572984 -50.076304670012057 141.81674566232081
-74.391057818715424 -49.514985761007829 141.97216010366932
-74.4365254538708 -49.043058237872742 142.33987889168671
-74.453221758605068 -48.482916187481536 142.12549111966661
-74.46991806333935 -47.922774137090329 141.91110334764647
-74.450205046633258 -47.754223023670683 141.33560189748553
-74.523885143880634 -47.161526348700619 141.39288972122711
-74.597565241128009 -46.568829673730555 141.45017754496871
-74.671245338375371 -45.976132998760491 141.50746536871029
-74.744925435622761 -45.383436323790434 141.56475319245189
-74.818605532870123 -44.79073964882037 141.62204101619346
-74.840776137097322 -44.191340654085231 141.63718398217458
-74.862946741324507 -43.591941659350091 141.65232694815563
-74.808148388299372 -43.014823209934633 141.80702483388788
-74.708079722054023 -42.425011167125916 141.85293797137257
-75.002490562435284 -41.902257123876311 141.84583393504204
-74.755907421309658 -41.36218603709041 141.93255172866319
-74.957330057156312 -40.801614786075056 142.00458501474444
-74.948949318689401 -40.206971550334629 141.9250288370402
-74.940568580222504 -39.612328314594194 141.84547265933602
-74.943645013134372 -39.01241147039071 141.85497611141747
-74.94672144604624 -38.412494626187218 141.86447956349895
-74.949797878958108 -37.812577781983734 141.87398301558039
-74.952874311869977 -37.212660937780242 141.88348646766184
-74.955950744781859 -36.612744093576751 141.89298991974329
-74.959027177693741 -36.012827249373267 141.90249337182473
-74.96210361060561 -35.412910405169775 141.91199682390618
-75.461571050635982 -35.1449619709635 141.71518241143619
-75.243801426061154 -35.557351911641852 142.09268860666992
-75.393941086470917 -34.988808058519098 141.97345786630328
-75.544080746880681 -34.42026420539635 141.85422712593666
-75.694220407290459 -33.851720352273595 141.73499638557004
-75.844360067700222 -33.283176499150841 141.61576564520342
-75.994499728109986 -32.714632646028058 141.49653490483692
-75.927127176316745 -32.120832680621604 141.55003761830227
-75.766610453703166 -31.552763354815959 141.6574230122817
-75.606093731089587 -30.984694029010321 141.76480840626112
-75.585528329928692 -30.479996057384291 142.08862474573718
-75.578142485259193 -29.883838076604412 142.021236977923
-75.570756640589693 -29.287680095824534 141.95384921010881
-75.591372688219479 -28.711997230406411 142.12167119032625
-75.61198873584928 -28.136314364988287 142.28949317054372
-75.592253631944999 -27.574043496948509 142.08101776041661
-75.572518528040703 -27.011772628908727 141.87254235028945
-75.733153177074584 -26.509272556348229 141.58672739860486
-75.747511110220074 -25.910786929208154 141.54661750129083
-75.918474483757919 -25.46330530119582 141.90790923590427
-75.883882284896259 -24.886169390329098 141.74754240589897
-75.849290086034586 -24.309033479462379 141.58717557589364
-75.618081117663877 -23.757441939797513 141.53933013394669
-75.730502490023397 -23.177005189832869 141.43708232552382
-75.842923862382918 -22.596568439868225 141.33483451710094
-75.881591104029653 -22.08433046471141 141.64486209850409
-75.934648860980801 -21.567552261473786 141.94507063117064
-76.017780986991312 -20.974277708794766 141.91168867843436
-76.100913113001823 -20.381003156115753 141.87830672569811
-76.178721041622453 -19.932302546838336 141.48764870456216
-76.096866251187947 -19.463407877065585 141.85293979662657
-76.063929831126913 -18.864333851321049 141.85798993640674
-76.030993411065879 -18.265259825576514 141.86304007618691
-76.062143028066586 -17.673140527706906 141.95482481593766
-75.990668546690557 -17.172221013135651 141.63237941213458
-76.134511172440824 -16.666899614453424 141.92213721280802
-76.278353798191105 -16.16157821577119 142.21189501348144
-76.218445903555875 -15.602437347606141 142.00267614791716
-76.201399815718872 -15.006437196843146 141.93564443020128
-76.18435372788187 -14.410437046080151 141.8686127124854
-76.208883496950634 -13.814103218173813 141.80709640469624
-76.270428762522727 -13.220745908020234 141.87143366274296
-76.338106481417967 -12.637082836802353 141.74995467006667
-76.405784200313207 -12.053419765584476 141.62847567739036
-76.397809255158265 -11.454975604225837 141.58603765215906
-76.352531201753706 -10.89101047810367 141.38630474451014
-76.458245030737444 -10.305290204339654 141.46217534002253
-76.500604181538108 -9.7075706741221612 141.4927868662835
-76.542963332338758 -9.1098511439046668 141.52339839254446
-76.472654753628476 -8.5142767303846671 141.50474841345476
-76.402346174918179 -7.9187023168646657 141.48609843436509
-76.473419378675104 -7.3447820002026818 141.32621075557046
-76.67159755666809 -6.7934481724201445 141.19676416384229
-76.869775734661076 -6.2421143446376046 141.06731757211415
-76.845426596855049 -5.6446455324030911 141.11669507605251
-76.930936583162364 -5.0510225097958941 141.09938180737149
-77.01644656946965 -4.4573994871886953 141.08206853869049
-77.064014234423297 -3.8659486886104935 140.99305578616557
-77.111581899376944 -3.2744978900322925 140.90404303364062
-77.147480302000787 -2.6995995616712456 140.73610489998202
-77.147982185858524 -2.3227709159508008 140.2692002845871
-77.151353683169972 -1.7299334725596132 140.36157126877197
-77.154913111053816 -1.1327369112971204 140.41939511929573
-77.158472538937673 -0.53554035003462697 140.47721896981949
-77.036656128908305 -1.050588853012864 140.75985973444384
-77.075293410149641 -0.46712099884269698 140.89429344914495
-77.057582050041304 0.03383700764203592 141.22403180521223
-77.018942242802808 0.62151401740971346 141.33867340973296
-76.980302435564283 1.20919102717739 141.45331501425375
-76.941662628325773 1.7968680369450685 141.56795661877447
-76.954071483173635 2.393882500084386 141.62643525695833
-76.966480338021498 2.990896963223705 141.68491389514216
-77.013074244846024 3.5664511354163921 141.5219218624583
-77.059668151670536 4.142005307609077 141.35892982977441
-77.041982141465226 4.7414670739974518 141.34068714133366
-77.122455393880756 5.2814218338747212 141.09174354745838
-77.149330691246632 5.8750258201072532 141.00860495280858
-77.17620598861248 6.4686298063397816 140.92546635815876
-77.559193740305943 6.6020398264823585 141.18634357719139
123.10619884226098 149.31859654393935 0.071771312603326587
123.00296124982412 148.9270930843436 0.51456589323004764
122.89972365738727 148.53558962474784 0.95736047385676959
122.79648606495041 148.14408616515206 1.4001550544834926
122.69324847251357 147.75258270555631 1.8429496351102181
122.59367045156451 147.33291328914956 2.2600369145574515
122.49409243061544 146.91324387274284 2.6771241940046844
122.39451440966636 146.49357445633609 3.0942114734519155
122.3063047566873 146.11554189821814 3.5517160549853664
122.21809510370824 145.73750934010016 4.0092206365188048
122.10914582834464 145.24809208511911 4.3387670003654737
122.03170054268978 144.92324028909277 4.8372382014877715
121.95425525703494 144.59838849306647 5.3357094026100764
121.86251624776359 144.05804193837949 5.5798600835753778
121.76900676154803 143.70085846801956 6.0528039962006988
121.71426497539528 143.30595851496267 6.5011982021450603
121.65952318924253 142.91105856190578 6.9495924080894254
121.47854580988624 142.5875483966847 7.4213851180373043
121.35183978964099 142.07747883808278 7.7108235913287162
121.3553846964858 141.78006398592362 8.231910761915934
121.2365294270746 141.31158630524106 8.5874414745632421
121.11631398064591 140.88260188019143 8.9893377416581099
121.04426333897518 140.65279328036343 9.5388800170836916
120.89184894848692 140.20407385780578 9.9068755787303271
120.81553844074328 139.89390248951526 10.414783472644872
120.70721422504539 139.45959369618873 10.814335392090502
120.59889000934747 139.02528490286221 11.213887311536123
120.53125623696671 138.50120421094763 11.498079326195059
120.39112575817703 138.12540408708452 11.944327817305815
120.25099527938735 137.74960396322138 12.390576308416566
120.19327041432412 137.66556939649843 12.981851228863153
120.09902907895264 137.18928066855824 13.334367353805721
120.00478774358116 136.71299194061805 13.686883478748291
119.89438091075476 136.30369032120834 14.111480364763526
119.78397407792836 135.89438870179862 14.53607725077876
119.69395299914704 135.48639700888106 14.966703520164765
119.60393192036574 135.07840531596349 15.397329789550767
119.52223507993995 134.55055560566495 15.670643363312099
119.43842929545005 134.10355061967306 16.062003980881634
119.35462351096017 133.65654563368113 16.453364598451167
119.2708177264703 133.20954064768924 16.844725216020702
119.14515270775584 132.73286334758137 17.186758919964337
119.08384815538125 132.18224721929451 17.417114365154003
118.96711834397016 131.81897622055297 17.880156839017086
118.85038853255905 131.4557052218114 18.343199312880159
118.8485499090544 131.0561477386735 18.790804537528082
118.70398614110017 130.64183436945689 19.200005892710642
118.64276211776215 130.19476778361116 19.595458907348984
118.58153809442413 129.74770119776545 19.99091192198734
118.36814443769671 129.44986750535389 20.466052152796117
118.24120983641735 129.27785769735982 21.026677012173472
118.17042596430997 128.6822592971007 21.010796550647264
118.08533799889683 128.18733218282773 21.339136602574044
118.00432295523755 127.66610279822524 21.62506752312617
117.86381562850829 127.27319676024558 22.056208493638742
117.75763801749028 126.88845913508757 22.504207684158427
117.6514604064723 126.50372150992958 22.952206874678119
117.52995503570953 126.08810717595031 23.367539476657267
117.40844966494676 125.67249284197104 23.782872078636409
117.35201892858348 125.206511181683 24.15660549200577
117.20560898411642 124.75136192053364 24.519101392998259
117.12844356963149 124.31613754150426 24.924841751732583
117.05127815514652 123.8809131624749 25.330582110466914
117.00598833739529 123.46846939300121 25.763986043802099
116.96069851964407 123.05602562352756 26.197389977137295
116.78265335832921 122.51422571253042 26.383810944240942
116.6046081970143 121.97242580153329 26.570231911344582
116.57780951716863 121.42510515010608 26.814612629241516
116.55065189417844 120.92916027315432 27.151214980003999
116.52349427118824 120.43321539620256 27.487817330766489
116.42597838893991 119.97921083752485 27.867778530639832
116.2900576859976 119.58744002081789 28.301415694278308
116.15413698305522 119.19566920411094 28.73505285791677
116.07524822088374 118.77307250226045 29.15360821959327
115.95929759046862 118.37289072713801 29.585360461239098
115.8488960506501 117.92158333513414 29.965009164553578
115.75512108613793 117.43553603181385 30.304072985929174
115.65404231417472 116.96022083536836 30.656008414504356
115.55296354221147 116.4849056389229 31.007943843079545
115.48926150468746 116.23953896977068 31.551761136004689
115.42555946716345 115.99417230061843 32.095578428929819
115.30211445162949 115.40700861371336 32.095943010709718
115.17866943609556 114.81984492680829 32.096307592489609
115.16389154677549 114.5291591715273 32.620982163689675
115.14680425563442 113.97271477015579 32.844762530710014
114.91885973458261 113.4984231455727 33.133013723548473
114.92195425295995 112.93569071158458 33.341154617401216
114.92504877133726 112.37295827759647 33.549295511253959
114.83205151929637 111.9691983791796 33.983264929005074
114.78830660043755 111.37872973248295 34.080389381859412
114.74456168157874 110.7882610857863 34.177513834713764
114.67657830552973 110.40615069862932 34.635083406044423
114.64630775502533 109.80828505480062 34.675584834432513
114.57224605119526 109.33761577907333 35.040256326205764
114.52788881777947 108.87312855382038 35.417461911292349
114.48353158436366 108.40864132856741 35.794667496378921
114.53218449870255 107.84178561196299 35.604122251150294
114.34178285308994 107.37753921564419 35.933094129664269
114.30544652251365 106.78320587733438 36.006901677067958
114.19793810919953 106.36257345518781 36.421039705394023
114.09042969588543 105.94194103304126 36.83517773372008
113.87844690331767 105.58411532589305 37.267640517042608
113.88041821609104 104.98472895175107 37.294697649537945
113.88238952886441 104.38534257760909 37.321754782033281
113.77448037052434 103.98648608923236 37.756805486234654
113.66657121218427 103.58762960085562 38.191856190436027
113.65024244463166 102.98927242011254 38.233112167014298
113.63391367707902 102.39091523936949 38.274368143592575
113.57649737424626 101.86311322095972 38.553882718403258
113.32607511831284 101.50891863742456 38.968412440772539
113.26174008629957 101.04172846250063 39.339349556885765
113.15826091344263 100.49043427942189 39.552344356090799
113.0547817405857 99.939140096343152 39.765339155295841
113.11731915294956 99.357439212857713 39.632248380983441
112.91762067960735 99.248397571784309 40.187433431445726
112.83733328478033 98.786751199232725 40.562182095141601
112.77555121255678 98.203559101385849 40.688949411752489
112.71376914033321 97.620367003538973 40.81571672836337
112.59611509112946 97.335174828837665 41.330326238764314
112.71007671649527 96.748278021009199 41.279681546004468
112.58002911510198 96.167429865738541 41.355200033082312
112.4497055647425 95.77613905687771 41.790983551727443
112.37259853436038 95.522814733032916 42.329389804304654
112.26089392047398 95.168706075856264 42.800695584185448
112.15315885769762 94.607914717599002 42.984831970466232
112.06294672298225 94.359483100370937 43.523481673252327
111.97273458826687 94.111051483142873 44.062131376038415
111.93977154548099 93.561929016319894 43.822594418053768
111.80511353683524 93.040997040275045 44.088107312357558
111.71402256144879 92.462342077364809 44.217956717833665
111.62293158606238 91.88368711445456 44.34780612330978
111.48310727429075 91.385020998549294 44.65076035530786
111.39424459010891 90.862767786674866 44.932460561283712
111.29711487857494 90.330281839709045 45.191351533357377
111.17948245241682 89.902388368709964 45.595170539587293
111.06185002625872 89.474494897710883 45.99898954581721
111.13196987496178 88.993194511548637 45.647659010426494
110.96168050852903 88.639996241123782 46.101809330748772
110.90582258305578 88.062021158611472 46.252887774468277
110.76951859932323 87.607641492148602 46.620257265204415
110.63321461559067 87.153261825685732 46.987626755940546
110.48746383211798 86.68688466852592 47.335835107932041
110.34629688327375 86.211706462478645 47.673884756728953
110.19256513853881 85.719481502259981 47.980611245964049
110.03883339380391 85.227256542041317 48.287337735199138
109.86311942868679 84.772036056183296 48.636477981687591
109.67382400162754 84.357831878464495 49.027121221043835
109.48452857456826 83.943627700745679 49.417764460400079
109.2624762900999 83.540271335335916 49.802467495799846
109.0815169060633 83.035795927338256 50.072204894124006
108.93012800321048 82.550922957484218 50.391547348548627
108.64829205619699 82.210734819812245 50.797552927276662
108.45514171609273 81.703048271003198 51.052400556804493
108.25594612149014 81.280343545793883 51.428753888630638
108.07655210447156 80.825275035910678 51.776216747035129
107.88228188637349 80.366972474909147 52.111206067670231
107.78374975429008 79.834945861289981 52.370511103001242
107.68521762220666 79.302919247670829 52.629816138332274
107.51841893183425 78.856931239603696 52.994881740040185
107.35162024146184 78.41094323153655 53.359947341748082
107.29493211041544 77.942294477439091 53.730291507466085
107.23672860546694 77.499182848275666 54.130621916143525
107.09005273145809 76.941554929225958 54.296565556817214
106.94337685744924 76.383927010176251 54.462509197490888
106.91091432422134 76.094817244919994 54.987258401939926
106.87845179099342 75.805707479663724 55.512007606388963
106.80887401226737 75.041227661035151 55.766254101101346
