184.56791945494373 -128.13489321023468 166.43250070411494
100.62096022152707 -28.476668643213394 135.129455189417
184.56791945494373 -128.13489321023468 166.43250070411494
184.46849394654424 -127.54901915440828 166.34963841480902
184.36906843814478 -126.96314509858186 166.26677612550307
184.26964292974529 -126.37727104275545 166.18391383619712
184.1702174213458 -125.79139698692904 166.10105154689117
183.90619148612549 -125.31588142623207 165.84772318869554
183.59056675754928 -124.94247534054639 165.49994606770554
183.41398756300799 -124.40645519424319 165.29622520276467
183.03690096553856 -124.03419960400802 165.0147443445388
182.74270461342149 -123.58521235824273 164.74667912944906
182.48268482191159 -123.09724306243149 164.51370772697948
182.22266503040169 -122.60927376662025 164.28073632450992
181.98089332733755 -122.10896754700642 164.05437349581851
181.73912162427342 -121.60866132739257 163.8280106671271
181.45156991843328 -121.16891536660265 163.53829096390106
181.16401821259313 -120.72916940581274 163.24857126067502
180.88772861399258 -120.27183590239285 162.97560583364287
180.55790751967319 -119.86090384725742 162.68863389807404
180.22410870685388 -119.44064400054359 162.42038026100553
180.09791152661529 -118.86040755977797 162.33435733087944
179.7563483856288 -118.43150389071393 162.09068487986613
179.41478524464227 -118.00260022164991 161.84701242885279
179.14519158431969 -117.49152392633077 161.68539473589584
178.80900655977865 -117.03863023176515 161.48078063399413
178.47282153523764 -116.58573653719952 161.27616653209242
178.17273463236239 -116.09872587629184 161.09514590651347
177.80673382922691 -115.66115653485626 160.90919837751721
177.45326882742035 -115.20745367168759 160.73827089450046
177.0998038256138 -114.7537508085189 160.56734341148371
176.73141236519211 -114.30901849208642 160.40455244549062
176.36302090477042 -113.86428617565392 160.24176147949754
175.9204369345187 -113.50197550315764 160.06051467022488
175.53070859594112 -113.07435074685149 159.90161567745378
175.12818168497168 -112.65285533157342 159.75908953653587
174.72565477400224 -112.2313599162953 159.61656339561796
174.25803068835677 -111.90571470548034 159.42872593610173
173.79040660271133 -111.58006949466537 159.2408884765855
173.40167753102816 -111.14347588287259 159.1057007294703
173.01294845934501 -110.70688227107982 158.97051298235507
172.56046045548953 -110.33349313424506 158.8446751547329
172.13412562412537 -109.93629991668203 158.70158022300001
171.68051526139058 -109.56293314844781 158.57978163845181
171.22690489865576 -109.18956638021362 158.4579830539036
170.79017873223691 -108.81778003197728 158.28178666679486
170.34172170259643 -108.45664315879124 158.11306662829486
169.89326467295589 -108.09550628560524 157.94434658979486
169.43782371047175 -107.73917425611762 157.78434341966138
169.01438546808475 -107.35188494573178 157.60910916232262
168.5909472256977 -106.96459563534594 157.4338749049839
168.17009225623195 -106.56507723814227 157.28134246590361
167.75884663589892 -106.1566838492832 157.12612687489192
167.34760101556589 -105.74829046042414 156.97091128388021
166.91175404319782 -105.38313654150178 156.77933875930208
166.47590707082975 -105.01798262257944 156.58776623472392
166.04006009846174 -104.65282870365702 156.39619371014584
165.79853177885894 -104.11163375693513 156.30253421798113
165.3245431747435 -103.79322865390506 156.11827083710176
164.89717017918846 -103.40493553242376 155.95523472306371
164.46979718363346 -103.01664241094245 155.79219860902566
164.10153981691079 -102.56905035911268 155.63712486207507
163.65948136276788 -102.18610396640273 155.50319807822945
163.23423767299818 -101.78969437211313 155.35478231806152
162.8089939832285 -101.39328477782354 155.20636655789363
162.34234421857374 -101.04398334250681 155.06414664215274
162.08165211070289 -100.50682445249356 155.00498625191079
161.82096000283201 -99.969665562480316 154.94582586166888
161.28418173164147 -99.754145643698649 154.78638856306515
160.74740346045093 -99.538625724916997 154.62695126446144
160.33674845788892 -99.103179343891014 154.58513119604726
160.00484631602279 -98.621298404997205 154.45234667527967
159.50743004251623 -98.318133158398894 154.30858338335207
159.1714716717068 -97.824178572802992 154.25254018169613
158.74248587121875 -97.421883118007102 154.13367239787652
158.29192742367073 -97.034957903878052 154.04831453933789
157.84136897612271 -96.648032689748987 153.96295668079924
157.45716601298747 -96.192923216699114 153.89040703808206
157.07296304985226 -95.737813743649241 153.81785739536491
156.64244878440965 -95.337268117509296 153.69860695037383
156.21193451896704 -94.936722491369366 153.57935650538275
155.80837224356253 -94.502521585279553 153.48658224698573
155.3148758782209 -94.181478054716422 153.37085675766656
154.99389032857101 -93.676763355909571 153.32361959301551
154.55055627071209 -93.28918039621523 153.20857889370922
154.10943765906913 -92.897616438525205 153.09861509284579
153.76148117370602 -92.414816473005786 153.02225752879238
153.41352468834287 -91.932016507486352 152.94589996473897
152.91468385220998 -91.612849968456317 152.84951251446751
152.4158430160771 -91.293683429426295 152.75312506419601
152.06593811730556 -90.807849458879986 152.71398538000113
151.57883792809631 -90.482740060273315 152.5834584302554
151.17568072663499 -90.044903481973449 152.50754135962859
150.77252352517368 -89.607066903673598 152.43162428900175
150.27311226485318 -89.29635803267243 152.31309838235566
149.86087502660982 -88.876194564175009 152.19680943556494
149.43976522217397 -88.456232187343034 152.11744864768048
149.0252297695022 -88.03094980559213 152.03203638714092
148.6106943168304 -87.60566742384124 151.94662412660134
148.16558711593507 -87.236997511859599 151.78549661277899
147.76429264451784 -86.806935730851265 151.66713440713082
147.36299817310061 -86.376873949842917 151.54877220148265
146.94764013753252 -85.965417432823159 151.41393438449128
146.53214169822215 -85.552108552867168 151.28533882982407
146.09899284364784 -85.160032497033399 151.14874294327259
145.66584398907349 -84.767956441199615 151.01214705672115
145.28117833964785 -84.3271590413204 150.87899304659879
144.91765300530275 -83.860811981433997 150.77716107212808
144.47042021162628 -83.480830957045825 150.65227212399714
144.06265839873438 -83.059261925405551 150.52574206626781
143.72311930721546 -82.576008736959551 150.42000862223387
143.38358021569661 -82.092755548513495 150.31427517819995
142.92873493908832 -81.726513467557254 150.17649813916967
142.47388966247999 -81.360271386601013 150.03872110013938
142.04246279494461 -80.97434313515933 149.88082796315183
141.75695516007232 -80.460612691588068 149.76013653107111
141.34699165138613 -80.049620466591264 149.60842854664742
140.93702814269994 -79.638628241594461 149.45672056222372
140.53838419360648 -79.21167171904861 149.31963982066341
140.24693200972607 -78.698279486534204 149.21247620694493
139.95547982584557 -78.184887254019841 149.10531259322642
139.50264926230508 -77.826821940952073 148.94180812141815
139.04981869876462 -77.468756627884289 148.77830364960991
138.6963098675285 -76.996969727019462 148.66673023695961
138.36663981020394 -76.515690838417612 148.52641528875455
138.01273364106137 -76.046906319582803 148.40397551440142
137.59942886997277 -75.640082196922492 148.25011421511834
137.18612409888414 -75.233258074262196 148.09625291583529
137.03390021848702 -74.653124607577169 148.07972865885174
136.62833097832853 -74.258442498657928 147.88038066077721
136.22276173817005 -73.863760389738687 147.68103266270265
135.79666484569958 -73.464466346154452 147.54317148257869
135.52721912244127 -72.936540185163324 147.4499353803491
135.14533362024204 -72.495912973773869 147.30847470103078
134.76344811804282 -72.055285762384443 147.16701402171242
134.41076530965609 -71.595254961760219 147.01213826781441
134.05808250126935 -71.13522416113598 146.85726251391637
133.71829857005849 -70.658388223303476 146.72621149910805
133.35576816461247 -70.199960118918995 146.59050822634873
132.94051208680574 -69.791314077812203 146.44708297427536
132.64282618487576 -69.284714719346198 146.32567377448404
132.28149122353361 -68.827199710418995 146.1838391443043
131.93717710900009 -68.357740156360464 146.03873394923477
131.59286299446657 -67.888280602301933 145.89362875416521
131.30673333588405 -67.372296509485352 145.78458640257787
130.93302224079616 -66.933234934438048 145.61855944475116
130.53553733273091 -66.509329289826169 145.46919494988532
130.13805242466566 -66.085423645214291 145.31983045501946
129.79491363780994 -65.610042193911667 145.19228340992393
129.47517466576096 -65.118320983208832 145.06588229957282
129.09304993733559 -64.682682959105662 144.91031815241377
128.75873691868387 -64.201330622046143 144.78173069903153
128.37755539557864 -63.763371320153034 144.63042869531554
127.99637387247341 -63.325412018259911 144.47912669159956
127.65696375593609 -62.849618222563493 144.34340257152905
127.34214274488798 -62.354841104434726 144.21658248487537
126.96006618578244 -61.909720378837584 144.09054660654724
126.5779896266769 -61.464599653240455 143.9645107282191
126.1757926589102 -61.045347206112012 143.8146274913442
125.77359569114351 -60.626094758983584 143.6647442544693
125.44518301758585 -60.138956356834399 143.54291940889885
125.1167703440282 -59.651817954685214 143.42109456332844
124.72227151994346 -59.222503764263891 143.27946122086047
124.38824693485235 -58.736495700455954 143.16890020391338
123.99057953584864 -58.303329353951462 143.04962088455932
123.58258641203881 -57.884410714176354 142.91527512105009
123.32628021908572 -57.349071547842399 142.8274166414208
122.93943758243363 -56.913161966988312 142.68481365481929
122.47618073956951 -56.546995210363015 142.57844164777762
122.01292389670536 -56.180828453737739 142.47206964073598
121.84364428435542 -55.611068607541725 142.39010543815135
121.45515811238513 -55.16856053775772 142.27493121202457
121.11673062801158 -54.685294041775009 142.16575094054122
120.67350263668182 -54.304210236742129 142.03038447038176
120.38995847693145 -53.783335094067709 141.93932517532974
119.99662616268203 -53.346444695880265 141.81925656769721
119.54909240959186 -52.967717232981897 141.69166719238876
119.19192043524565 -52.496736451376989 141.58868523231587
118.91736093544657 -51.967288746570361 141.52309400618705
118.51226149935493 -51.543313461034721 141.39605305163613
118.11134495117464 -51.115813616461438 141.26756256838925
117.76291446819167 -50.639555381765618 141.15905315675747
117.42783168886221 -50.153219420928224 141.05323792064652
117.05534621662753 -49.696796424520201 140.93951623703239
116.61862048253163 -49.311763206532028 140.79453329243523
116.18189474843571 -48.926729988543855 140.6495503478381
115.96733408213984 -48.37081002310584 140.57943107441014
115.54532001458708 -47.973732505200324 140.42375971685973
115.14944619253882 -47.547737805754764 140.276069388601
114.75357237049052 -47.121743106309218 140.12837906034227
114.56030810178395 -46.561967457337495 140.03194179959934
114.16779441228206 -46.122940275835276 139.91710218336942
113.76313658389306 -45.702194429289783 139.77844802894836
113.35847875550405 -45.281448582744289 139.63979387452733
113.16805401118856 -44.716289024098089 139.57396766376581
112.78744209802224 -44.269183249484207 139.45055373479997
112.40683018485591 -43.822077474870326 139.32713980583415
112.01796565360026 -43.382641953172595 139.20191681033583
111.62871067651115 -42.933213819338803 139.12132577280661
111.32996657801796 -42.422269604342347 139.0228982727005
111.02307859978342 -41.939643227108419 138.84153799917522
110.63182454662638 -41.495782155769518 138.74200099480964
110.29713636186307 -41.010777335319844 138.62906675234785
109.99672044220488 -40.498614153294646 138.54281624397976
109.70406326338268 -39.978562532782846 138.4803815766316
109.30038675154556 -39.57039972485542 138.30588688898811
108.88161344399558 -39.160219212664252 138.17789913839366
108.55794067705403 -38.668833472186336 138.06052795796433
108.23426791011249 -38.177447731708412 137.94315677753497
107.86252921033081 -37.721149805948059 137.82652684127748
107.5628977438738 -37.213440875408239 137.71493550577628
107.18334254248308 -36.76797681245786 137.58264938512497
106.80378734109236 -36.322512749507467 137.45036326447362
106.48924967689243 -35.825548105448235 137.33165269057756
106.03252405661677 -35.461738699206343 137.19365115539142
105.73432159419863 -34.952508078259761 137.085210083384
105.43611913178049 -34.443277457313187 136.97676901137658
105.04492285957485 -34.014340529497396 136.82518211033178
104.6804716535956 -33.555557962463141 136.69597733237939
104.31479057613274 -33.101764871854435 136.55332677857257
103.94910949866986 -32.647971781245744 136.41067622476575
103.55623436603571 -32.221316249826373 136.25700713982363
103.24225950838184 -31.722885553793084 136.14304824366806
102.82247088366458 -31.3199685968764 135.9966397863065
102.40268225894729 -30.917051639959823 135.85023132894472
102.10736460626933 -30.406701282516462 135.73919081078034
101.81204695359135 -29.896350925073108 135.628150292616
101.42052590085405 -29.489640693454845 135.42493106921307
101.02074306119056 -28.983154668334123 135.27719312931504
100.62096022152707 -28.476668643213394 135.129455189417
