-188.9232445588305 -56.528829654016384 221.99396929501941
-153.97304570614691 -69.897776091052691 197.32292332704418
-188.9232445588305 -56.528829654016384 221.99396929501941
-188.40253960509568 -56.539523611537618 221.6960565721817
-187.88183465136092 -56.550217569058852 221.39814384934397
-187.38423162998927 -56.6459610753245 221.12497900950649
-186.88662860861763 -56.741704581590135 220.85181416966893
-186.88662860861763 -56.741704581590135 220.85181416966893
-186.56046293237048 -56.981585767642535 220.40901289571374
-186.05964537965764 -57.226569718212033 220.18728188106297
-185.62408780419332 -57.483040718842879 219.86399837654864
-185.18853022872901 -57.739511719473725 219.54071487203433
-184.74486971362185 -58.028982370273717 219.25898434535983
-184.30120919851467 -58.318453021073694 218.97725381868537
-183.85287405906138 -58.537847754202815 218.64429503173628
-183.40144670935541 -58.778688048674994 218.33091140023015
-182.97556551935864 -59.069755683464031 218.02447242753698
-182.54968432936184 -59.360823318253082 217.71803345484381
-182.12727454547408 -59.633032976659933 217.39020441960452
-181.70486476158629 -59.905242635066784 217.06237538436525
-181.32294308499502 -60.290524759299572 216.80606791725523
-180.88494048362958 -60.472685166270445 216.43868350369183
-180.44693788226408 -60.654845573241325 216.07129909012852
-180.11686792852007 -61.089013425995077 215.82119490929458
-179.72245719221024 -61.430030165751475 215.52429803445506
-179.32804645590048 -61.771046905507866 215.22740115961551
-178.97800427537635 -62.053866064619811 214.83055887974464
-178.53921711042162 -62.312659992857434 214.51355489463035
-178.12358340825239 -62.572223305875148 214.16732446246647
-177.71939019486283 -62.836436034269028 213.81120723400863
-177.23190152802707 -63.023018088427378 213.51533236726132
-176.74624969665493 -63.228235381841031 213.22892677868307
-176.24525200602497 -63.405189195908214 212.95019992014494
-175.74425431539504 -63.582143009975383 212.67147306160678
-175.22859129693336 -63.643642082613709 212.37095764527081
-174.71519675515881 -63.758364804660758 212.08240133963494
-174.20313694735336 -63.894240840567512 211.80074116123461
-173.69107713954787 -64.030116876474267 211.51908098283428
-173.20334585994527 -64.162232282342245 211.19556325777194
-172.71946940239621 -64.270109828500864 210.85758987292547
-172.22537126176221 -64.347672888108065 210.52615209715697
-171.77089110809692 -64.556014660291027 210.19442706661502
-171.29427454316837 -64.677054625382937 209.85064519262181
-170.81765797823985 -64.798094590474832 209.50686331862863
-170.34989572784932 -64.928342778936681 209.15439504131564
-169.87182268445409 -65.115436715466245 208.84384387951991
-169.43200972806696 -65.316854830123262 208.48888570383997
-168.9815087759257 -65.403804784922173 208.10224815072297
-168.53237228834394 -65.613900163135298 207.76440743740355
-168.0736399967148 -65.771729824617594 207.41134302037307
-167.64366503433013 -65.958622305220132 207.03691982074923
-167.21369007194545 -66.14551478582267 206.6624966211254
-166.76820070331351 -66.253734493443076 206.27542076639094
-166.32271133468154 -66.361954201063469 205.88834491165639
-165.87348000823954 -66.429635770003387 205.49641325872571
-165.47111349169262 -66.695034320419524 205.13911115154059
-165.03763281815296 -66.855511410439604 204.75656493309597
-164.60415214461329 -67.015988500459656 204.37401871465136
-164.17479317010697 -67.141317469212865 203.97408932013013
-163.7347736830599 -67.282988118166671 203.59158144015396
-163.29475419601286 -67.424658767120476 203.20907356017781
-162.86171870680818 -67.55704590178587 202.81543170307373
-162.42868321760352 -67.689433036451248 202.42178984596964
-161.98696387729757 -67.814115503667708 202.03534669779839
-161.54896542033083 -67.980111723632646 201.66037655678434
-161.11096696336404 -68.146107943597599 201.28540641577032
-160.66615664118649 -68.385526901274815 200.96164363225583
-160.19803825766715 -68.457127382094285 200.59321650220477
-159.74688114856045 -68.591085227596565 200.22104374859313
-159.29572403945372 -68.725043073098874 199.84887099498152
-158.8504149866468 -68.947565609437945 199.51393283903417
-158.40510593383985 -69.170088145777015 199.17899468308681
-157.90070710105527 -69.250060670915616 198.86405625623402
-157.42446293955587 -69.407204250951324 198.53466683033926
-156.94748193041576 -69.517935963648213 198.18792830533386
-156.47050092127569 -69.628667676345103 197.84118978032848
-155.91304724227749 -69.7760885372345 197.67532089974506
-155.34198331926228 -69.818799124048923 197.49626280413239
-154.77091939624705 -69.861509710863373 197.31720470851968
-153.97304570614691 -69.897776091052691 197.32292332704418
