160.60061646851679 151.51353413967621 290.77666060539281
87.572561317708775 43.805069394465001 254.30459823496327
160.60061646851679 151.51353413967621 290.77666060539281
160.10324731359356 151.17812020287192 290.76564177022794
159.60587815867029 150.84270626606764 290.75462293506314
159.26452696960314 150.35454436384396 290.68266931847717
158.81764471268613 149.97473027818248 290.55603003236934
158.44510471270627 149.52210348792866 290.42819053471891
158.05043218020936 149.07902146438806 290.33924160269805
157.65575964771244 148.63593944084744 290.25029267067731
157.67434383697133 148.03628542528332 290.25864069603648
157.25689205466023 147.61076994172416 290.19029903453577
156.99688679773107 147.07150889300314 290.15036424141584
156.7291007183193 146.53522625678804 290.12406690756899
156.46131463890754 145.99894362057293 290.09776957372208
156.18727504716634 145.47070962703353 290.021146142399
155.91323545542508 144.94247563349413 289.94452271107593
155.67745116729122 144.39410404988331 289.88374133434445
155.30453891738441 143.93701269266467 289.77417881782787
155.12350543236136 143.36620962528241 289.73661905787918
154.75286331565312 142.90216888789541 289.65123395749629
154.60352843293529 142.3374345969801 289.51421471261426
154.13665176087062 141.9815469246083 289.39023835303061
153.90794255125769 141.43699153208249 289.28463758641743
153.63317522556781 140.92007172188164 289.15312018621825
153.35840789987793 140.40315191168079 289.02160278601912
153.07786380624538 139.89043949614452 288.88587883646386
152.79731971261285 139.37772708060828 288.75015488690866
152.42884498120651 138.91464493051348 288.65125445931295
152.34702575083361 138.32048486385435 288.63453833748974
151.98115304274566 137.85476491587875 288.53840254013016
151.61528033465768 137.38904496790312 288.44226674277058
151.24940762656973 136.92332501992752 288.34613094541083
151.14528382605258 136.33450019304729 288.29669859350076
150.88537040297416 135.80111145271221 288.20758370031569
150.51850521098331 135.37950200313921 287.98928252547631
150.15164001899248 134.95789255356618 287.77098135063687
150.22676663229078 134.3642111004385 287.81455111293292
149.72962688967496 134.18050661154314 287.53329546930678
149.41738649071377 133.69547128986488 287.36822981575943
149.05133435559938 133.25632344941621 287.18614464720508
148.7644172391233 132.75054534671335 287.03826943258355
148.47750012264723 132.24476724401046 286.89039421796207
148.10723726337835 131.80217011105304 286.72603731076345
147.83676764778005 131.30074453604851 286.53783906483778
147.54740113352773 130.78828614329819 286.42099123161353
147.25803461927538 130.27582775054788 286.30414339838933
146.85180111852497 129.93999694211456 286.01745190745328
146.74523631478431 129.34988340564746 285.99720452041186
146.39838155435163 128.91240160450204 285.77742861447183
146.05152679391898 128.47491980335664 285.55765270853175
145.86567153975227 127.91156798905509 285.4676940634676
145.51682839632298 127.45997729603243 285.28229096948672
145.20775627547957 126.96850470998882 285.13086732111907
145.03215987200028 126.40291883979933 285.0345422126212
144.85656346852096 125.83733296960982 284.93821710412334
144.41634066987956 125.49296930517706 284.72000263582493
144.06608870082047 125.03291320324979 284.55977797714303
143.71583673176141 124.57285710132251 284.39955331846119
143.67788716988622 123.97447593248395 284.37719694279576
143.31414884536457 123.53613778330291 284.18863899879256
142.9262663616274 123.14277827004928 283.95451195605131
142.53838387789023 122.74941875679565 283.72038491331011
142.2996307248597 122.20810698359264 283.62049249062551
141.98469694665619 121.72270593029657 283.4617394345745
141.6697631684527 121.2373048770005 283.30298637852349
141.30176434442367 120.81541598702707 283.0871470168903
140.93376552039462 120.39352709705364 282.87130765525706
140.70417996398621 119.85248637318253 282.75062042560256
140.30220000811619 119.47015209323931 282.52207587095506
139.90022005224614 119.08781781329613 282.29353131630751
139.54706034898342 118.64684163494678 282.09149608640985
139.2681796548749 118.14291609913735 281.92331578788259
138.98929896076635 117.63899056332789 281.75513548935538
138.54523011347587 117.28912444335522 281.55414654199416
138.21050130960947 116.83187624368841 281.35696461644415
137.8757725057431 116.37462804402159 281.15978269089408
137.54104370187665 115.91737984435477 280.96260076534412
137.18948018954052 115.46247096682634 280.79095866695411
136.83818358512431 115.03491175468336 280.55904528692326
136.48688698070808 114.60735254254038 280.32713190689248
136.29741062001693 114.04297611121876 280.25244621543885
135.93325118468209 113.64758292504166 279.98589015382828
135.42547067790306 113.6592446433001 279.66647982014683
135.33672974755444 113.06863374483582 279.6090010075626
135.02696262448927 112.59158714349878 279.41802752872138
134.71719550142407 112.11454054216173 279.22705404988022
134.40742837835887 111.63749394082473 279.03608057103901
134.09950363272932 111.15555130047596 278.85465939685406
133.7915788870998 110.6736086601272 278.67323822266906
133.44249090295438 110.21155877417384 278.51624305645129
133.09340291880892 109.74950888822048 278.35924789023346
132.83748719254794 109.22705742923014 278.21244321029718
132.58157146628702 108.7046059702398 278.06563853036084
132.22509463805463 108.27506613428287 277.8455935343726
131.86861780982224 107.84552629832595 277.62554853838435
131.44862032489556 107.43395709939773 277.50633064061367
131.15849709496933 106.92182428167739 277.38993266609947
130.86837386504311 106.40969146395705 277.27353469158527
130.4728260449495 105.99839335353097 277.08812760871319
130.13647451373487 105.52007576727246 276.95366596315796
129.71722164172337 105.12240263471233 276.79216330389215
129.49200663196399 104.57411234843005 276.69912588482021
129.11047977686599 104.13813480116093 276.54304629897945
128.72895292176798 103.7021572538918 276.38696671313863
128.20583764885959 103.59815124742806 276.11213374228288
127.9819188482691 103.04777371931422 276.02879739193423
127.75800004767866 102.49739619120039 275.94546104158553
127.35976118342687 102.09230109411976 275.75231920427245
127.03654460263286 101.62192295632019 275.56718290480626
126.6534548660341 101.2115914245463 275.35535682580559
126.39591811959812 100.68316016481077 275.23521013226184
126.13838137316218 100.15472890507522 275.1150634387181
125.68343084444238 99.859755533705126 274.85813791137576
125.22848031572259 99.56478216233505 274.60121238403337
124.96341482096372 99.042634966598101 274.4704355150073
124.69834932620486 98.520487770861138 274.33965864598122
124.18041257749451 98.423413038825373 274.05274747377712
124.04471880917967 97.843733118261099 273.97819285664912
123.79366708644018 97.315414503408959 273.84457970718302
123.41934128829735 96.90165369085689 273.62393930553145
123.04501549015451 96.487892878304848 273.40329890387977
122.87625618889925 95.921330228136441 273.30069743374418
122.50245119166382 95.524710576734037 273.04977378766182
122.05958504541988 95.164724659644662 272.86462596561586
121.94703879886333 94.576803009470567 272.82362016550672
121.83449255230683 93.988881359296471 272.78261436539754
121.32506409980139 93.860720520700369 272.49268773462984
120.90951835454678 93.507491240493806 272.242586136863
120.50478774006112 93.124868807201707 272.01944222984406
120.10005712557547 92.742246373909623 271.79629832282507
119.73251674592468 92.321869810505206 271.57675877225063
119.4289146375437 91.8364135405442 271.39743233877755
119.12211278855439 91.360083126514695 271.19999383663776
118.7978313668896 90.895647419733749 271.00215290601432
118.47354994522482 90.431211712952802 270.80431197539087
118.1031258797 90.013540175814839 270.58445634379399
117.81933996065663 89.517765669811212 270.4009537788267
117.5355540416133 89.021991163807598 270.21745121385936
117.10143075063456 88.696047318597778 269.96191730612964
116.90944067295229 88.137924867994599 269.85403245916655
116.53835416040877 87.72482773043005 269.62677587478612
116.16759256695555 87.335111760595794 269.3609614589314
115.86095548262396 86.836671471383127 269.22855686459189
115.50341648513169 86.407073132697121 269.01035711053504
115.16390144026332 85.949716121311383 268.82179916600785
114.83058495142352 85.487323388127152 268.6344676989076
114.4972684625837 85.024930654942935 268.44713623180735
114.17511013319822 84.553189616692336 268.26363036367826
113.84276156435105 84.079606799783065 268.10468463610584
113.40544289030682 83.73822050018272 267.87619443549022
113.14765992354288 83.218919561381426 267.72168075646317
112.88987695677891 82.699618622580132 267.56716707743612
112.49383508483515 82.32013015486487 267.32398126671023
112.19298049913553 81.823505763984002 267.17281667877467
111.83845953977668 81.383616696556942 266.97079564587608
111.59905104469405 80.848945673068982 266.84114045267268
111.19150367271774 80.467318239967028 266.62144602420619
110.89577919966919 79.973556255988427 266.45189915983627
110.57662282727676 79.49619074847628 266.27794117008301
110.25746645488437 79.018825240964134 266.10398318032975
109.89258898702198 78.565079009662966 265.95914260926514
109.52328640531478 78.13607278884129 265.76022235981657
109.15398382360759 77.707066568019599 265.56130211036799
108.80625827075826 77.24930587442752 265.38942399280285
108.48177835788722 76.764636499920883 265.24868173348273
108.15729844501618 76.279967125414231 265.10793947416255
107.83281853214513 75.795297750907594 264.96719721484249
107.41563614840106 75.408124727466671 264.77731328025811
107.17856808969024 74.871344376734868 264.65215102313829
106.82725816625728 74.416938428227041 264.47866738800747
106.4759482428243 73.962532479719187 264.30518375287664
106.10363540053513 73.526515037962184 264.12834501857259
105.73132255824598 73.090497596205196 263.95150628426859
105.35900971595682 72.654480154448208 263.77466754996453
105.06652811962979 72.144850461975565 263.65329171892625
104.70738214336481 71.689058215612945 263.50075452382816
104.3482361670998 71.233265969250311 263.34821732873013
104.02394409756683 70.756853923355678 263.18128555774422
103.69965202803385 70.28044187746103 263.01435378675831
103.40767851188157 69.776410461150036 262.87046564535251
103.05308739113521 69.31431758733973 262.72646803057512
102.86256649795624 68.753617547545701 262.62994210329509
102.67204560477725 68.192917507751673 262.53341617601512
102.21520467357983 67.864948672383889 262.32429227348325
101.88353499875333 67.382419005391938 262.19329476483091
101.60803578132345 66.859367680355518 262.09073993767407
101.33253656389357 66.336316355319099 261.98818511051724
101.08779361770827 65.797554574262421 261.88900530629684
100.69710164419314 65.392799107564628 261.68036016734294
100.30640967067804 64.988043640866834 261.47171502838899
100.02327480167671 64.479787426449434 261.32505124123725
99.77634235213084 63.944071113864609 261.21535895439899
99.529409902584945 63.408354801279778 261.10566666756085
99.250505140808329 62.897976396560708 260.9582691850357
98.776130226410942 62.596568251482665 260.7482178325738
98.64617337645636 62.013384993552314 260.69336799374423
98.293741030798714 61.551368563589548 260.54392817248259
97.9372511271674 61.106579779414631 260.35663725951264
97.580761223536086 60.661790995239713 260.16934634654262
97.286544006198426 60.158938300458757 260.02590508199989
96.992326788860765 59.656085605677809 259.88246381745716
96.826049537617962 59.086808571882237 259.79149385256733
96.436923900780158 58.662344116592791 259.62293773446004
96.108817979959923 58.188977631136687 259.4547988776493
95.780712059139702 57.71561114568059 259.28666002083844
95.540931977801549 57.189149687845529 259.12746251455252
95.222325213818408 56.716133648063952 258.9410609157033
94.903718449835267 56.243117608282361 258.75465931685414
94.684865217254838 55.696716058323183 258.6382608254923
94.46601198467441 55.150314508363991 258.52186233413056
94.034158746759488 54.811970970399308 258.27890877638765
93.784500508415789 54.282513132921849 258.14720774237196
93.534842270072062 53.753055295444383 258.01550670835627
93.185421661747228 53.308208661966184 257.8154649348163
92.836001053422393 52.863362028487984 257.61542316127634
92.522257276029904 52.379667213032761 257.44927814134127
92.20851349863743 51.895972397577545 257.28313312140614
91.944047031407322 51.380053797803498 257.12858382144651
91.679580564177201 50.864135198029452 256.97403452148689
91.298120509019014 50.497753710838239 256.69074521324831
91.152238984989822 49.922564242719375 256.60200031642569
90.811753497371583 49.469371846531644 256.40531202302981
90.493437935344673 49.002328903566124 256.20395142013638
90.283851275673342 48.450491400167252 256.09648606790455
89.956572212318051 47.994160211909168 255.88517998348613
89.629293148962773 47.537829023651092 255.67387389906767
89.428733308449821 46.989975947873347 255.53375695600124
89.182874151066699 46.467626638941383 255.37034191939455
88.937014993683562 45.945277330009418 255.20692688278791
88.501266960569296 45.694201889121445 254.87968878198063
88.208724820424976 45.18372693063251 254.76206900050019
87.916182680280684 44.673251972143575 254.64444921901978
87.735744455564671 44.106009204431516 254.56909877416578
87.572561317708775 43.805069394465001 254.30459823496327
