132.44436938127387 123.31044563846874 172.0937690593552
135.73227205829755 146.73316662248203 136.52149429211119
132.44436938127387 123.31044563846874 172.0937690593552
132.46822742010906 122.71827422851837 172.00015380835237
132.41455215669592 122.68905458934837 171.40327427378588
132.38303985160331 122.89173846517637 170.83942480707771
132.35120225600826 123.21966706591425 170.33797770086926
132.31936466041319 123.54759566665211 169.83653059466081
132.3315332415861 124.13945761858997 169.73879955823654
132.34370182275902 124.73131957052783 169.64106852181231
132.36900120389078 124.60752005099054 169.05452472951998
132.39846261866035 124.6133064522932 168.45527641487925
132.4281933551091 124.98168275738938 167.98260847524941
132.45792409155786 125.35005906248557 167.50994053561959
132.55399677877517 125.67093714974025 167.01213807289906
132.64366968570963 125.84474707056093 166.44490894707229
132.73924037889157 126.12566239981932 165.92341798800169
132.83481107207348 126.40657772907775 165.40192702893111
132.96675263598712 126.74227801173899 164.92245154057622
133.11397674572288 127.00868399011415 164.40538972976586
133.23503154306212 127.23696515409998 163.8638793917201
133.35608634040136 127.46524631808579 163.32236905367432
133.49577551705949 127.90317741161145 162.93674839648909
133.51948398904398 127.90844321848809 162.33724011494988
133.76759387921612 128.16525387490015 161.85506818591213
133.74065434348393 128.44383235217853 161.32434387573613
133.91470180583957 128.56068405802222 160.76215782140093
134.08874926819527 128.67753576386582 160.19997176706573
134.12242792684393 129.09323381134908 159.768624017251
134.19287245104647 129.28603181883611 159.2048275137864
134.33287442336112 129.51983416949901 158.67028480401243
134.47287639567574 129.75363652016193 158.13574209423845
134.6298523162275 129.79451495887074 157.55808517736162
134.78682823677923 129.83539339757959 156.98042826048476
134.85663276919465 130.28910029088851 156.59406394766819
134.92643730161009 130.74280718419749 156.20769963485165
135.00336537016256 130.63138133192501 155.62317730703677
135.23729432291336 130.75863339669024 155.08551183755048
135.47122327566419 130.88588546145544 154.5478463680642
135.39441512919134 131.23952757944886 154.06926747068519
135.42365818134573 131.51980496915093 153.53956054348629
135.57537973115055 131.67643822904191 152.98059131962799
135.72710128095534 131.83307148893289 152.42162209576969
135.75216834521575 132.18553044157858 151.9367052688919
135.77723540947619 132.5379893942243 151.45178844201408
135.90980154911236 132.57720602209247 150.86793206008389
135.95642904150412 133.03889257886871 150.48757512213564
136.00241626929585 133.19481924056609 149.91001815433771
136.04840349708758 133.35074590226347 149.33246118653977
136.09360642795846 133.71068406905135 148.85454779362215
136.15141969476068 134.01398507318035 148.34009067482992
136.20923296156292 134.31728607730935 147.82563355603773
136.25890566497299 134.70637041705197 147.3716005185801
136.27356584400047 134.95079799094245 146.82384122813136
136.28822602302796 135.19522556483292 146.27608193768259
136.28355770017049 135.59029960251553 145.82453491741688
136.31168241577581 135.81203973057592 145.2677222774922
136.32971391157312 136.09686802255067 144.73994608510563
136.26178428483112 136.37810051448807 144.21430946985765
136.23109137966588 136.72614098332707 143.72653310960345
136.20039847450059 137.0741814521661 143.23875674934925
136.25413329558566 137.31351374547211 142.69118700732196
136.21985068668457 137.54749664798194 142.13975550290823
136.07008242169266 137.94546821694314 141.71644935235065
136.04112994468653 138.2982632539011 141.23199355872956
136.0333595677713 138.60750190463924 140.71788162720856
136.02558919085607 138.9167405553774 140.20376969568758
135.91556563057793 139.27283982750092 139.73356960575052
135.91058459073918 139.53080382087325 139.19187802619115
135.93339588605323 139.86767507781354 138.6958967754835
135.95620718136726 140.20454633475387 138.19991552477583
135.97901847668126 140.54141759169423 137.70393427406819
135.80692701808351 140.75961611462625 137.17216935000118
135.70313382054775 141.12663712204369 136.70900355651079
135.59934062301201 141.49365812946112 136.24583776302038
135.70996573280587 141.66644671533695 135.6820060596956
135.68698065888756 141.97182764803131 135.1660465919816
135.66399558496926 142.27720858072567 134.6500871242676
135.70869103898357 142.5349394254653 134.11010830240488
135.67847248137144 142.87719859449902 133.61822874398823
135.56419091007857 143.23625335304519 133.15130326510729
135.46905514055237 143.57432876049532 132.6648320899755
135.37391937102615 143.91240416794545 132.17836091484375
135.3980912293828 144.18633949232427 131.6450925402695
135.33851833561579 144.49085924159257 131.13155695958034
135.29947511611979 144.867621990229 130.6662339983466
135.26506830370775 145.12379455739986 130.12476212734245
135.31090768374801 145.43235521424143 129.61223010659933
135.2347463276954 145.78254064393454 129.13101330236773
135.15858497164282 146.13272607362768 128.64979649813614
135.11047031544172 146.37389929141403 128.10251187485386
135.06924842435214 146.72726075985705 127.61935928165499
135.02802653326259 147.0806222283 127.13620668845608
135.02486919228883 147.2797097785313 126.57020829752119
134.91780996039435 147.67218931733902 126.12918887336454
134.85803201567995 147.98189193429511 125.61878620254838
134.80834110428199 148.30175048016503 125.11359185978669
134.77224225593702 148.61895833913027 124.60558000228841
134.6869435987567 148.95613772222947 124.1166687601431
134.59967373075671 149.32952597356041 123.6551872503214
134.51240386275674 149.70291422489134 123.19370574049972
134.48104642127868 150.0582515243336 122.71126184273643
134.44968897980067 150.41358882377585 122.22881794497314
134.40938723598623 150.7433706067221 121.72919834459469
134.37452708638574 151.09340817154811 121.24313407602467
134.33966693678528 151.44344573637414 120.75706980745466
134.27580302716228 151.75900573867079 120.25076625621469
134.21881903335802 152.02110052440383 119.71405483678923
134.16183503955375 152.28319531013682 119.17734341736377
134.12999220974629 152.82388398479281 118.91919270307343
134.08203515515905 153.0834087210693 118.38035410741057
134.0526953733239 153.35865343922657 117.84802007475025
134.00255937672199 153.64013257640994 117.32052042813878
133.96023623884702 153.99615698798215 116.83942234004749
133.91791310097204 154.35218139955435 116.35832425195619
133.86078563365615 154.58994208466248 115.81041339324376
133.80365816634028 154.82770276977058 115.26250253453134
133.77588381365911 155.12112907873103 114.73988452245847
133.78115507567173 155.52814759463496 114.29908055071121
133.71666449526703 155.80592760186585 113.77117977156624
133.59751327134114 156.18418636076234 113.32093173197582
133.58107453351423 156.5114463864175 112.8183079725823
133.56463579568728 156.83870641207264 112.31568421318882
133.48315755534074 157.12640768627838 111.79550225159228
133.4016793149942 157.41410896048413 111.27532028999573
133.57901610945294 157.51817870714257 110.71165270252814
133.4100342801799 157.90544932944127 110.28566372792912
133.24105245090686 158.29271995173994 109.8596747533301
133.27782692941975 158.58303683792241 109.33587732747976
133.23476235362313 158.68040192262876 108.74539829940883
133.20098657580004 159.02199237462858 108.25328534496138
133.17268221437055 159.29602209053525 107.72026885560652
133.14437785294106 159.57005180644188 107.18725236625167
133.11957844650524 159.90051653830125 106.68707434750479
133.09477904006945 160.23098127016061 106.18689632875791
133.03855703331311 160.60164309193993 105.71844259589678
133.04543622740539 160.96084812634237 105.23789663560933
132.97436924871994 161.30426372751123 104.75105455709274
132.90330227003446 161.64767932868008 104.26421247857616
132.94128365116543 162.0563843057563 103.8265851754968
132.90094973674087 162.31669905178177 103.28750317027971
132.86061582231633 162.5770137978073 102.74842116506264
132.84649370299667 162.90435741784714 102.24578141318747
132.832371583677 163.23170103788698 101.74314166131231
132.84516230215831 163.66411110471469 101.32737979241764
132.78659306360277 163.76454560911284 100.73875210480746
132.77287983915477 164.15566777296658 100.2839605037223
132.7432429677105 164.42974374266313 99.751040229491821
132.70669590022712 164.74990156669617 99.244914474793646
132.64351021108118 164.95938222193575 98.686232612042105
132.58032452193521 165.1688628771754 98.127550749290563
132.5354346410393 165.41323718858084 97.581413317394293
132.49054476014334 165.6576114999863 97.03527588549801
132.48577058846121 166.04388407929866 96.576178181565496
132.48099641677911 166.43015665861103 96.117080477632967
132.3647722028235 166.5557358484858 95.541996310609733
132.24725359242242 166.8850182350381 95.05438736266494
132.21807511285812 167.24060312223486 94.571989182395185
132.17705534572815 167.47440491963019 94.020941000981509
132.15114810328106 167.80270132815082 93.519393113994383
132.12139582007097 168.14068054631596 93.02453470017052
132.09164353686094 168.47865976448111 92.529676286346657
132.28824197867382 169.33155488297908 92.263180664550404
132.28824197867382 169.33155488297908 92.263180664550404
132.03260336582136 169.71900675213391 91.883009717860233
131.97654742194715 170.03512420388608 91.376129566489055
131.81846948094517 170.29418859059268 90.858541884923
131.66039153994322 170.55325297729925 90.340954203356944
131.59192078257564 170.91652719210512 89.868361778277261
131.46946196594757 171.15737755847709 89.332642692142983
131.34700314931953 171.39822792484907 88.796923606008718
131.30787829309492 171.80800827738852 88.360404066585744
131.22108200181361 172.08374241265349 87.834631215946331
131.13428571053234 172.35947654791849 87.308858365306932
131.00515712960305 172.63439539591991 86.791417125550424
130.87602854867373 172.90931424392139 86.273975885793931
130.77214000566678 173.23082694547159 85.778156610882419
130.66825146265984 173.55233964702182 85.282337335970922
130.58255205151571 173.94958545350823 84.840917603563668
130.49685264037154 174.34683125999467 84.399497871156413
130.42714808096503 174.65886977938246 83.891784136049495
130.35744352155854 174.97090829877024 83.384070400942576
130.22786169507816 175.29979226676619 82.899257152524939
130.18909972020126 175.58053365637284 82.370407664045104
130.10520876628675 175.92357858153792 81.885348402542135
130.02131781237225 176.26662350670298 81.400289141039167
129.93742685845774 176.60966843186804 80.915229879536199
129.79044642679591 176.70289899611996 80.425163618383223
128.4272146142379 131.00359138303935 188.43629491728558
127.95377163574499 131.42928387920159 188.70873483195302
127.48032865725209 131.85497637536386 188.9811747466205
133.1998746956439 164.59892036193219 108.20567304518019
133.22463545537926 164.29250483523737 108.7209365018484
133.39891299924275 163.9383057212913 109.17278860750328
133.57319054310625 163.58410660734523 109.62464071315814
133.74746808696975 163.2299074933992 110.07649281881302
133.61119223175996 162.9941911765026 110.61115786277563
133.55461738968359 162.61731776026176 111.07458608308055
133.49804254760721 162.24044434402089 111.53801430338547
133.44146770553084 161.86357092778002 112.00144252369039
133.54017528690187 161.57332885810382 112.51721025665741
133.59287178784132 161.27577015756938 113.03555560343405
133.64556828878074 160.97821145703492 113.55390095021069
133.72923600545047 160.68189389356286 114.06887242006628
133.81290372212024 160.38557633009077 114.58384388992188
133.81717569451311 160.06115226326034 115.08855249408182
133.82144766690598 159.73672819642991 115.59326109824175
133.82571963929888 159.41230412959948 116.09796970240173
133.84896411314443 159.09962992279063 116.60953058326743
133.87220858698998 158.78695571598175 117.12109146413313
133.84374863768218 158.29666203273604 117.46576832070282
133.88235139103071 158.35778016205808 118.06139773712053
133.96893381383663 158.16989016076718 118.62460358889761
134.14064808193945 157.70023486800272 118.95617276133116
134.15752255578542 157.39017013659145 119.46956843181083
134.17439702963142 157.08010540518018 119.98296410229052
134.15784175920356 156.72552239591113 120.46669627256529
134.28276902590079 156.42001828327804 120.96775556566327
134.40769629259802 156.11451417064498 121.46881485876125
134.40154890765439 156.11307154686358 122.06878163158702
134.44888696374113 155.80471580277191 122.58130074687111
134.49622501982785 155.49636005868024 123.09381986215521
134.60641978361917 155.0405667845541 123.46813203841236
134.7166145474105 154.58477351042796 123.84244421466948
134.62188760304963 154.56619862874737 124.43462812173098
134.76882741135893 154.32665442548691 124.96474817173696
134.76989726968915 153.94282102604157 125.42591059092717
134.82045721913772 153.55710946944342 125.88271502021655
134.81878977045889 153.26882153083079 126.40891582225451
134.82266474206065 152.89354707283795 126.87705476079013
134.82653971366238 152.51827261484513 127.34519369932579
135.16820527624114 152.35388902483038 127.81021270827232
135.14619560876554 152.22221664401849 128.39517250062471
135.12418594128994 152.0905442632066 128.98013229297709
135.10217627381434 151.9588718823947 129.56509208532947
135.15190038585223 151.3887439733316 129.7453188313728
135.12901256428844 151.11235987254605 130.27737895622437
135.10612474272472 150.83597577176053 130.80943908107591
135.17280905362543 150.26838700397187 130.9921853351
135.31694492906507 149.94804684727649 131.47860802517482
135.46108080450475 149.62770669058111 131.96503071524964
135.60521667994442 149.3073665338857 132.45145340532446
135.62899426083163 148.99359366409686 132.96231660896279
135.65527002435473 148.61690972640625 133.42859849295269
135.68154578787787 148.24022578871563 133.89488037694258
135.31733090179927 148.08767663973202 134.34662839730694
134.95311601572064 147.93512749074839 134.79837641767131
135.26501805795684 147.59616184827308 135.18284931563704
135.51477932130234 147.38041074096969 135.68391894256473
135.62352568979995 147.05678868172586 136.10270661733793
135.73227205829755 146.73316662248203 136.52149429211119
