-50.291037668498078 -174.87231198784522 254.22587635575138
43.504095796505204 -79.464273644956705 201.19122601741407
-50.291037668498078 -174.87231198784522 254.22587635575138
-49.990924649428777 -174.43767010283034 253.94123867803492
-49.690811630359477 -174.00302821781543 253.65660100031852
-49.350223177870937 -173.63406741697267 253.32816922129442
-48.976950777535549 -173.25394384109353 253.05217323906146
-48.603678377200133 -172.87382026521442 252.77617725682853
-48.285751612227877 -172.39891764924226 252.59344773688971
-47.915377229462841 -171.99979401764438 252.34140975703045
-47.599024242425472 -171.49844177439311 252.24885320253833
-47.14378506696589 -171.30493822781784 251.9092745362625
-46.688545891506308 -171.11143468124254 251.5696958699867
-46.443907630266906 -170.98134156132019 251.03750426794227
-46.146740141470588 -170.59371150527079 250.68902984528026
-45.916556089550824 -170.16098634895272 250.3429601393953
-45.68637203763106 -169.72826119263465 249.99689043351037
-45.271825855049741 -169.32836189487824 249.82886658353314
-44.857279672468437 -168.92846259712184 249.66084273355585
-44.736069079159805 -168.38355474552748 249.44088040646184
-44.614858485851165 -167.83864689393312 249.22091807936789
-44.176402111282137 -167.5546502954607 248.9257877019821
-43.737945736713122 -167.27065369698832 248.63065732459626
-43.477022723554697 -166.78097610306904 248.40232634724595
-43.216099710396279 -166.29129850914978 248.17399536989561
-42.9421287395188 -165.83018343550683 247.90508498338053
-42.62798047963927 -165.44304474350233 247.57126691321702
-42.313832219759753 -165.05590605149786 247.23744884305341
-42.084332918502852 -164.64533434184426 246.8649425451809
-41.819007571117062 -164.11210587797274 246.79234870693116
-41.553682223731279 -163.57887741410121 246.71975486868141
-41.072634593472742 -163.41187221193758 246.40241839130618
-40.780713438518077 -162.94782739636835 246.15860606915393
-40.437678873254711 -162.56000012104337 245.85542742289309
-40.094644307991366 -162.17217284571839 245.55224877663218
-39.790953617571105 -161.72946044640878 245.28433517852713
-39.487262927150859 -161.28674804709914 245.0164215804221
-39.199641055222557 -160.81724648495094 244.77800609869146
-38.869133415153399 -160.39120588928745 244.51484434101644
-38.495723970683315 -160.05933769267369 244.18253591973152
-38.319507265494124 -159.52533991393486 243.97326565162288
-37.837351403772992 -159.1682731036731 243.96787881419854
-37.659098665095023 -158.82974034584527 243.50568671881905
-37.329785339239528 -158.44292945530637 243.18642183134392
-37.000472013384027 -158.05611856476747 242.86715694386879
-36.671158687528532 -157.66930767422861 242.54789205639366
-36.352462439954735 -157.25155095026608 242.25821633879468
-36.081511921196878 -156.76491118942641 242.03512989914685
-35.681375974272136 -156.45361155930684 241.71421906376409
-35.36386938366509 -155.99460293664856 241.49399043427542
-35.072741869893711 -155.54202301571891 241.22862995135341
-34.754055322313853 -155.11686441109595 240.94992034386436
-34.401440463378286 -154.7318554877389 240.65423319467914
-34.048825604442726 -154.34684656438185 240.35854604549385
-33.681438165525044 -154.07257432498454 239.97150443478321
-33.372989349413167 -153.6207574524459 239.72508844194067
-33.018770097603614 -153.21586275107762 239.45940253254508
-32.663353934423803 -152.86613419381447 239.12568215979991
-32.307937771243999 -152.51640563655133 238.7919617870547
-31.946968528083737 -152.09983056718471 238.55496723632723
-31.584471957087686 -151.72067497371501 238.26369885157405
-31.221975386091639 -151.34151938024527 237.97243046682087
-30.847308120709243 -150.96269910677324 237.696532585971
-30.472640855326858 -150.58387883330124 237.42063470512107
-30.115602768738977 -150.22250337232293 237.10136744884761
-29.758564682151111 -149.86112791134468 236.78210019257412
-29.377981895867286 -149.46246194101144 236.54498801051108
-28.997399109583466 -149.06379597067817 236.30787582844809
-28.596215581971883 -148.74113887939865 235.99974569584151
-28.312148215748959 -148.26810685404956 235.76406278504541
-27.932163809967186 -148.00059023640895 235.38452792413173
-27.56265769735267 -147.65396111129331 235.06310377699577
-27.19315158473815 -147.30733198617764 234.74167962985985
-26.866767898383834 -146.83491520764699 234.56762194791366
-26.491692060887964 -146.45780306794774 234.28994488689096
-26.116616223392089 -146.08069092824843 234.01226782586826
-25.76515698880101 -145.75852179594793 233.64801042153258
-25.34912696349847 -145.38290301509593 233.43393204915918
-24.987575388948649 -144.94338490119677 233.24392076924386
-24.548373411069523 -144.67566449409162 232.93500750270044
-24.582420250061787 -144.08021664855806 233.00044966039763
-24.174713744232289 -143.78086820315255 232.67770221526817
-23.762388206276917 -143.49768030965137 232.34635305241395
-23.389619304908798 -143.0770435201336 232.13633391643583
-23.016850403540694 -142.65640673061586 231.92631478045763
-22.651311099445628 -142.29872062469093 231.61256063022219
-22.334397255973858 -141.85051091400248 231.37033414310628
-22.017483412502081 -141.40230120331401 231.12810765599042
-21.560110889849028 -141.13878495554511 230.84285414999309
-21.16512433378325 -140.76666718984148 230.58689714388646
-20.770137777717459 -140.39454942413789 230.33094013777992
-20.358044334899358 -140.02314813172427 230.10237926103187
-19.945950892081246 -139.65174683931065 229.87381838428388
-19.547990820470723 -139.29103371026778 229.60639770456768
-19.150030748860193 -138.93032058122492 229.33897702485154
-18.725992573045833 -138.57924988664519 229.10035390598136
-18.301954397231476 -138.22817919206551 228.86173078711107
-17.894031410130388 -137.85759467479971 228.62452633488178
-17.4861084230293 -137.48701015753392 228.38732188265249
-17.117179721514454 -137.05969767914749 228.18410854890243
-16.716086337980222 -136.67233852758642 227.96257528867514
-16.314992954445998 -136.28497937602535 227.74104202844779
-15.871700185247855 -135.96530858091171 227.49344941238655
-15.428407416049737 -135.64563778579807 227.24585679632528
-15.039727445210104 -135.29673753918075 226.95056626451213
-14.639411923631457 -134.93934739662456 226.68220127203568
-14.2390964020528 -134.58195725406841 226.41383627955921
-13.838780880474133 -134.22456711151216 226.14547128708287
-13.476599269483909 -133.80226882943475 225.92077451003655
-13.121408052420765 -133.38253957950809 225.68063589157379
-12.766216835357611 -132.96281032958146 225.44049727311099
-12.323632501258981 -132.62476662786534 225.2172360741969
-11.922753111783834 -132.24650345769342 224.98014392083556
-11.549626899937518 -131.84138592737889 224.74211741671243
-11.185597901704423 -131.42938034451765 224.50183781263294
-10.807451503687885 -131.03138282145932 224.25975668303681
-10.429305105671363 -130.63338529840098 224.01767555344063
-10.032671156285494 -130.25979727891647 223.76645154604444
-9.6360372068996334 -129.88620925943195 223.51522753864825
-9.2619349070924333 -129.47302592553129 223.29313070871657
-8.8551094095213632 -129.10219128501842 223.05443700557015
-8.4689127037752847 -128.69347281660981 222.84514936127979
-8.0827159980292063 -128.28475434820126 222.63586171698944
-7.7002844972185276 -127.88837917556449 222.39788510111117
-7.3178529964078525 -127.49200400292776 222.15990848523288
-6.9823461857868852 -127.06212471385444 221.90963068587229
-6.5233945907896302 -126.7733949048724 221.65272889363513
-6.0959920987180753 -126.43209963621068 221.40606181159916
-5.7026428195083438 -126.04176516168991 221.17602846065674
-5.3849355940738954 -125.56763857131463 220.99091742585364
-5.0672283686394355 -125.09351198093937 220.8058063910506
-4.637426769300756 -124.77552117112505 220.53349695294838
-4.207625169962073 -124.45753036131073 220.26118751484614
-3.9329914739628804 -123.94145043935812 220.12613994108338
-3.5045779520023714 -123.61086536155817 219.86695784189942
-3.0761644300418589 -123.28028028375823 219.60777574271546
-2.7197243577826078 -122.85515318605539 219.37926441764253
-2.2977287190138522 -122.51380545985728 219.12352742250977
-1.9015757106634417 -122.10788379669876 218.92784809975561
-1.5054227023130313 -121.70196213354022 218.73216877700142
-1.0829038163464868 -121.33077408739523 218.52312996385746
-0.67636868563160712 -120.92006888722192 218.3617285201054
0.94977183722791858 -119.27724808652867 217.71612274509729
1.3563069679428001 -118.86654288635536 217.55472130134527
1.7628420986576849 -118.45583768618205 217.39331985759327
2.1380027320773394 -118.02696325275397 217.20538045383796
2.5513717443563726 -117.61569025583609 217.06402776835361
2.9583452378054655 -117.23724217454131 216.83786493897145
3.3679497020753337 -116.84658995584009 216.63882969868968
3.777554166345213 -116.4559377371389 216.4397944584079
4.2141959068447861 -116.09372236139639 216.24448953776019
4.6408528644155655 -115.72346716353513 216.04231404712601
5.0675098219863468 -115.35321196567388 215.84013855649181
5.496204396867566 -114.98361351810809 215.64109597555907
5.9259844029881599 -114.6176702969311 215.43768824410918
6.3557644091087528 -114.25172707575409 215.23428051265932
6.7628535486934975 -113.85147057612578 215.04969132842189
7.1699426882782431 -113.45121407649746 214.86510214418445
7.5782931534603026 -113.05542169833552 214.67379534614921
7.9866436186423559 -112.65962932017358 214.48248854811391
8.4267834098000787 -112.29297338921273 214.30404978402134
8.8669232009578103 -111.9263174582519 214.12561101992884
9.2674777204858483 -111.51404915066573 213.95359090643714
9.6680322400138792 -111.10178084307957 213.78157079294542
10.031076608058239 -110.64759337322468 213.6335419813644
10.394120976102593 -110.19340590336981 213.48551316978336
10.890352365159819 -109.95418776808194 213.24775469514211
11.16307244057306 -109.43848364308118 213.10749416639715
11.623679717923171 -109.09861163568262 212.92769440377501
12.037529501167592 -108.68890807336257 212.78322521006649
12.428340299208267 -108.26162103916541 212.62608606617863
12.819151097248943 -107.83433400496827 212.46894692229074
13.209961895289615 -107.40704697077111 212.31180777840291
13.570373179356816 -106.94111505761275 212.19774131261374
13.930784463424022 -106.47518314445441 212.08367484682464
14.273127395835417 -106.0103299257626 211.92023433256992
14.665399309859662 -105.58695361602827 211.75629761970944
15.025881183280466 -105.13192107736583 211.60464602000326
15.383967696155235 -104.66712049094929 211.47920892754647
15.820251110689204 -104.31789236580998 211.26081364642923
16.081997282250281 -103.79311408313131 211.13394089245134
16.469754725238158 -103.36284780936485 210.9773679092562
16.908526236001009 -102.99076176801472 210.8069814685536
17.290002832997899 -102.55626379699568 210.64670945251837
17.686222419753925 -102.13777418660598 210.47974692658286
18.081590513691552 -101.70717458497333 210.34458756371836
18.477042687052574 -101.27586314966085 210.21196771470349
18.881128275949088 -100.85441187174547 210.07378791448053
19.285213864845595 -100.43296059383007 209.93560811425763
19.723604510517255 -100.04807148022583 209.79534403469157
20.161995156188905 -99.663182366621584 209.65507995512544
20.570641240765063 -99.255046422524998 209.49249634987274
20.995157553896487 -98.863818083542483 209.32901458739667
21.419673867027917 -98.472589744559954 209.16553282492063
21.82850110712921 -98.063187286739193 209.00663060567408
22.237328347230509 -97.653784828918447 208.84772838642752
22.679166782902861 -97.275588524008839 208.7002619437522
23.129105669436061 -96.902341297786364 208.56520082239413
23.540914714774395 -96.487587162228309 208.42958254480951
23.980885838803886 -96.128121715961115 208.23668359986641
24.420856962833376 -95.768656269693921 208.04378465492331
24.832777611692038 -95.35882788680621 207.89424510957323
25.266441600845614 -94.976220515729665 207.73441036957814
25.70010558999919 -94.593613144653119 207.57457562958302
26.147278291060097 -94.225720672023769 207.41743968840927
26.579785105728313 -93.833125823836809 207.28030056035823
27.037426574689665 -93.472849598776406 207.13619876459174
27.482614608010511 -93.089533378870215 207.01423036481233
27.927802641331358 -92.706217158964023 206.89226196503296
28.320201062321996 -92.264176726013403 206.78919046149841
28.613152428406398 -91.745404315346804 206.71809416735823
28.906103794490814 -91.226631904680218 206.64699787321814
29.466772014513168 -91.068411850192916 206.50340970721899
29.985562678805813 -90.791586340296107 206.38414578260989
30.351485730255984 -90.324995641337267 206.29253006309349
30.698182616649746 -89.844077843069414 206.20022979075333
31.044879503043507 -89.36316004480156 206.10792951841319
31.489137447393865 -88.976203781772867 205.99435254282184
31.881161487756845 -88.53616920394424 205.88171719271949
32.273185528119825 -88.096134626115628 205.7690818426172
32.665209568482808 -87.656100048287016 205.65644649251485
33.186893128814354 -87.400795555727157 205.50589457801834
33.582727428483693 -86.967707437126762 205.38039601733954
33.978561728153039 -86.534619318526367 205.25489745666067
34.374396027822392 -86.101531199925972 205.12939889598192
34.817118986162704 -85.720217038923593 204.99303213765182
35.261876675178094 -85.334126535974107 204.87846896034816
35.727421144610005 -84.978021618313377 204.75018164765046
36.192965614041924 -84.621916700652648 204.62189433495274
36.652619079715464 -84.25161955032263 204.51419701858987
37.091273882509356 -83.860291587115654 204.39401220591313
37.529928685303254 -83.468963623908706 204.27382739323642
38.024911932379666 -83.166646271895488 204.12021813640141
38.519895179456071 -82.864328919882269 203.96660887956637
38.952001830106539 -82.489965055333897 203.78457718072232
39.422885749219994 -82.169053662117022 203.59673625753479
39.879511899296794 -81.82579961449602 203.4132445196885
40.363057281049009 -81.542182327807026 203.19936348154516
40.817652703064866 -81.205181931988449 202.99992994499638
41.272248125080722 -80.868181536169885 202.8004964084476
41.728326851542604 -80.597368594433547 202.52004579629457
42.168015584835622 -80.273806313805864 202.27108542119404
42.594725059663361 -79.997219103476013 201.95262264601587
43.021434534491092 -79.720631893146162 201.63415987083766
43.504095796505204 -79.464273644956705 201.19122601741407
