-115.33105478156408 -120.70751653954805 271.8530956624702
-146.03115213404149 -153.58255887475758 356.46462776490807
-115.33105478156408 -120.70751653954805 271.8530956624702
-114.99755395915699 -120.22615940613795 271.98375748386047
-114.66405313674991 -119.74480227272787 272.11441930525075
-114.33055231434284 -119.26344513931777 272.24508112664103
-114.07259560773574 -119.30475152759209 272.61482286520516
-126.95521142401614 -138.33705174488554 289.27686995727379
-127.03212269108307 -138.24623784564716 289.86494945249808
-126.9350533853009 -138.6135876195595 290.32931105026597
-126.90462481492784 -138.80728829585743 290.89636849894885
-126.87419624455477 -139.0009889721554 291.46342594763178
-126.84376767418171 -139.19468964845333 292.03048339631471
-127.10442269867329 -139.22243559102725 292.57019546851427
-127.24052268598309 -139.26325216633037 293.15312839830534
-127.43513973442677 -139.38820775333323 293.70676212716569
-127.56071350853642 -139.66453569048164 294.22432767703083
-127.72894690146909 -139.79275023064332 294.78580657885482
-127.89718029440178 -139.92096477080494 295.34728548067881
-128.06574351281847 -139.81555375205545 295.9133905579597
-128.17206267009263 -140.24849358883338 296.3149616407423
-128.32133524190527 -140.38716362594772 296.87930933508608
-128.47060781371789 -140.52583366306206 297.44365702942986
-128.59015771497917 -140.36677958286373 298.00970439554038
-128.78963270850494 -140.52577871233376 298.55277805885476
-128.98910770203071 -140.68477784180379 299.09585172216907
-129.11743784994889 -140.89604426007375 299.64256725482448
-129.24576799786703 -141.10731067834368 300.1892827874799
-129.36822778205962 -140.98701780374191 300.76420297809381
-129.58002021827045 -141.09095788230547 301.31587355373847
-129.6473892961225 -141.20232457542264 301.90158582696955
-129.91501233760386 -141.30169702407079 302.4293196842479
-130.05280202099624 -141.58385426944974 302.94059386903604
-130.19917297415864 -141.33880179489077 303.46834838468027
-130.36204691150292 -141.29020215885004 304.04377010473496
-130.51337711086313 -141.56319962736558 304.5561874668
-130.66470731022335 -141.83619709588112 305.06860482886509
-130.81014155361464 -141.60501554422098 305.60283696101476
-130.95557579700596 -141.37383399256086 306.13706909316448
-131.10469279900207 -141.64401060632935 306.65162590935518
-131.2538098009982 -141.9141872200978 307.16618272554581
-131.43468256972776 -141.93353277513432 307.73794385664206
-131.61555533845731 -141.95287833017082 308.30970498773826
-131.72547249493903 -141.96714372236855 308.89937838657568
-131.92432363971338 -142.00714783489619 309.46405341984945
-132.12317478448773 -142.04715194742386 310.02872845312328
-132.17722554869582 -142.29305581289404 310.57334740600254
-132.39122162551911 -142.43236332317406 311.11630145256987
-132.51702435327846 -142.67540935068106 311.65025117136497
-132.64282708103781 -142.91845537818807 312.18420089016007
-132.79520054629276 -142.83718167907324 312.75881111711254
-132.84458243774446 -143.28844818842001 313.15113746894053
-133.07483838320692 -143.81621795166632 313.31978288566489
-133.30509432866938 -144.3439877149126 313.48842830238925
-133.21403403090866 -143.88204185751388 313.86033426765988
-133.24399961028166 -143.5224171875287 314.33967982233929
-133.27396518965463 -143.16279251754355 314.8190253770187
-133.30393076902766 -142.80316784755814 315.29837093169795
-133.39870135414299 -143.2211492387747 315.71826388566785
-133.49347193925831 -143.63913062999123 316.13815683963776
-133.60491474016359 -143.28577658202934 316.61009054145973
-133.724922084713 -143.38963776026998 317.18871917271525
-133.84492942926238 -143.49349893851064 317.76734780397084
-134.07072755199221 -143.74873846038716 318.26117772838199
-134.12923008866503 -143.80990378069146 318.85517794453926
-134.18773262533782 -143.87106910099578 319.44917816069653
-134.31748278353359 -143.85870784990317 320.03485050588591
-134.4472329417294 -143.8463465988105 320.62052285107529
-134.54696943688265 -144.31714649066387 320.9788524386974
-134.6467059320359 -144.78794638251722 321.33718202631951
-134.74306210090197 -144.40263678416051 321.78690638871899
-134.80907427098387 -144.24847221678411 322.36299290962251
-134.94514758298331 -144.24900975075909 322.94735903185989
-135.04394778102949 -144.30687259967604 323.53633306488786
-135.17746164936037 -144.46592011729564 324.09925218350293
-135.31097551769125 -144.62496763491521 324.66217130211805
-135.28421256753504 -144.83644497843935 325.22302875074013
-135.66675117652281 -144.83993728990822 325.68525382188443
-135.7590449362433 -144.8992013255419 326.27514333357033
-135.85133869596379 -144.95846536117557 326.86503284525628
-135.93374567206178 -145.04679005298161 327.45274692464164
-136.09844367583622 -145.30076608489571 327.97079204117676
-136.26314167961061 -145.55474211680988 328.48883715771183
-136.41253891397244 -145.56491356546968 329.06985093379399
-136.5619361483343 -145.57508501412954 329.65086470987609
-136.71049325232244 -145.5503730703899 330.23165736366161
-136.85905035631058 -145.52566112665028 330.81245001744719
-136.9039149927568 -145.82668302664786 331.32953122975181
-137.08133287763656 -145.85951186783441 331.90175947207399
-137.25875076251631 -145.89234070902094 332.47398771439617
-137.48674396142926 -146.12754877921151 332.9766767484586
-137.69737616154529 -146.20737373785937 333.53279009324649
-137.8371620986301 -146.27829016254944 334.11195393233049
-137.97694803571488 -146.34920658723951 334.6911177714145
-138.31856274192313 -146.37433030411518 335.18373140434863
-138.37038916341496 -146.44578977666117 335.77720218359457
-138.56289677372385 -146.5411695058514 336.33741957642775
-138.75540438403272 -146.63654923504163 336.89763696926087
-138.98224267379155 -146.76297657661206 337.43852560623043
-139.17913190239369 -146.8000090675863 338.00409012622146
-139.37602113099584 -146.83704155856054 338.56965464621248
-139.56094107364476 -146.95436369512282 339.12826016989015
-139.74586101629367 -147.0716858316851 339.68686569356777
-139.96591121700308 -147.18690124624374 340.23303720272571
-140.16936255098889 -147.34751282179522 340.7741577775501
-140.36743030130171 -147.3826396177372 341.33943229005956
-140.56549805161453 -147.4177664136792 341.90470680256908
-140.78373911233388 -147.43175450534079 342.46343318704345
-140.99696850721188 -147.72252574338862 342.94300102612789
-141.16641475285147 -147.76249856668304 343.51718753174822
-141.35383121969159 -147.81649742156199 344.08460201132107
-141.54124768653168 -147.87049627644089 344.65201649089397
-141.72737885571934 -147.95044601181326 345.21678478645481
-141.913510024907 -148.03039574718562 345.78155308201565
-142.1043307709844 -148.11167265365677 346.34456418966892
-142.29515151706178 -148.19294956012791 346.90757529732218
-142.44634313353259 -148.442282362649 347.43195516792736
-142.5975347500034 -148.69161516517013 347.95633503853253
-142.79438882846316 -148.8070318936602 348.51124714921173
-142.99124290692293 -148.92244862215026 349.06615925989087
-143.17660290165742 -148.82897143429304 349.62910125308588
-143.36196289639187 -148.73549424643582 350.19204324628083
-143.58393428977621 -148.79704803394799 350.74606475467374
-143.80590568316055 -148.85860182146013 351.30008626306665
-143.86301942865123 -149.26992819621097 351.73315511845846
-144.09014440182506 -149.42457496574346 352.26653924198854
-144.31347533219127 -149.40383907420551 352.82304020186541
-144.51795174777277 -149.5285657264179 353.37316078655465
-144.72242816335429 -149.65329237863028 353.92328137124389
-144.97934313942372 -149.73166394186543 354.45980033003968
-145.36713394691964 -150.1892936289791 354.47370569209573
-145.71393450363234 -150.53714292806364 354.81827823741844
-145.80350824330475 -151.07318923261934 355.07250432682167
-145.96899765732357 -151.63037395263899 355.22136144497313
-146.13448707134239 -152.18755867265861 355.37021856312452
-146.05617564684968 -152.61128601602084 355.78773797498599
-146.02638956479501 -152.9437946433973 356.28628667073798
-146.03115213404149 -153.58255887475758 356.46462776490807
