102.64944396535755 -42.318930402965812 247.62223019270513
81.417153066756981 -115.69916682423693 187.65244129815079
102.64944396535755 -42.318930402965812 247.62223019270513
102.40533153689282 -42.717975463015826 247.2465013512267
102.16121910842811 -43.11702052306584 246.87077250974826
102.1085712986109 -43.687559732493099 246.69269045386508
101.9887115270993 -44.162924376069064 246.34676836608941
101.93661174056051 -44.692565600733623 246.06970197444576
101.88451195402173 -45.222206825398175 245.79263558280209
101.88163844057362 -45.76227593643754 245.53126018567832
101.88297669629145 -46.206814821997156 245.12829196323759
101.88431495200925 -46.651353707556758 244.72532374079682
101.48353049803757 -47.097826339390849 244.71949189051111
101.40106705596421 -47.526331562179266 244.30768725872016
101.31860361389087 -47.954836784967682 243.89588262692922
101.2246588075741 -48.490718975019576 243.64289122045207
101.02300748881181 -48.891037093370713 243.24404018339533
100.93477805553468 -49.389968594204518 242.92266357475788
100.82977480983836 -49.824234975739287 242.52218008163746
100.73579601322703 -50.2535724797713 242.1137228703912
100.70908083486655 -50.849511174884057 242.04935384901859
100.68236565650606 -51.445449869996821 241.98498482764597
100.39730515471302 -51.854884717712387 241.65166273747849
100.36673211572374 -52.201952787777337 241.16318649032991
100.31014691388594 -52.555319885429846 240.68159557551775
100.10562692214583 -53.075392871322777 240.46320220949437
100.03440772794693 -53.273658314519722 239.9014027431262
99.903372753928934 -53.544563153942974 239.38232625207584
99.772337779910927 -53.815467993366227 238.86324976102546
99.704015267553956 -54.376954006570202 238.66308609978415
99.685438416630731 -54.972737226355648 238.7316226275037
99.666861565707592 -55.568520446141051 238.80015915522367
99.562037634830844 -56.159070621249874 238.81635897604028
99.457213703954096 -56.749620796358691 238.83255879685689
99.370224927157182 -56.900849418206271 238.25848314274373
99.27078908827886 -57.14005483189267 237.71728698236407
99.121818459066162 -57.292713043994297 237.15648111407282
99.065692340354943 -57.829760526902135 236.89489009759714
98.947788136962799 -58.028206949122499 236.34106917317263
98.804699449978983 -58.427468544585281 235.91666864767134
98.963240534267115 -58.834660021046581 235.50549979416951
99.121781618555275 -59.241851497507881 235.09433094066767
98.536275157861112 -59.372932282150018 235.09421966173267
98.297413280647788 -59.7475686783594 234.69099196644206
98.058551403434478 -60.122205074568797 234.28776427115145
98.078805525317193 -60.510444797244737 233.83075257733685
97.818553911327044 -60.784779852034752 233.3649099267252
97.55830229733688 -61.059114906824774 232.89906727611361
97.558168812921309 -61.59313339783921 232.62552708996799
97.558035328505724 -62.127151888853632 232.35198690382236
97.480994455975605 -62.712609921868555 232.45830527259324
97.394668348844306 -62.970027721640975 231.92325024777065
97.308342241713021 -63.227445521413394 231.38819522294807
97.099105756179284 -63.524701306106238 230.91084934039736
96.889869270645562 -63.821957090799039 230.4335034578466
96.805158948174153 -64.327161704901968 230.12110553987037
96.739037978807843 -64.876361685529119 229.88871062019865
96.616254783398261 -65.326980474769613 229.51205826894034
96.49347158798868 -65.777599264010036 229.13540591768188
96.315553646422245 -66.133563670194476 228.6863685611084
96.331358807746511 -66.581434230341358 228.2874172379758
96.223965692309505 -67.105317826727571 228.01536449273294
96.014234843846026 -67.574181744808939 227.70523613620261
95.936891561124725 -68.030104964710091 227.32293777866903
95.836623733719847 -68.404381288598145 226.86482906213513
95.736355906314955 -68.778657612486185 226.4067203456012
95.668702516962668 -69.284192285611169 226.09071763488882
95.494515068347994 -69.71239270341205 225.70822170688402
95.354640455087576 -70.116462187733518 225.28731441969904
95.249421232502357 -70.610314850845185 224.96321804153959
95.127684076804741 -71.037661334837324 224.56003688183318
95.00594692110711 -71.465007818829449 224.15685572212675
94.884209765409466 -71.892354302821602 223.75367456242034
94.889912878925969 -72.214629777041466 223.24760540389298
94.677379920233847 -72.664128497541057 222.91177711184659
94.464846961541724 -73.113627218040648 222.5759488198002
94.408904912079976 -73.458411683221073 222.08810236888326
94.211443960951442 -73.788480493779034 221.62759856534166
94.013983009822923 -74.118549304336995 221.16709476180009
93.816522058694389 -74.44861811489497 220.70659095825849
93.80713330290169 -75.037539955898993 220.59221038100381
93.797744547108991 -75.626461796903001 220.47782980374913
93.635136167649492 -75.994567723714553 220.03279436518747
93.538910642267496 -76.470604808377004 219.68047442210869
93.442685116885485 -76.946641893039441 219.32815447902991
93.305405442681163 -77.329026670807835 218.88663871172213
93.203634819448297 -77.85641155608252 218.61922905776291
93.101864196215459 -78.383796441357219 218.35181940380366
92.951780991357879 -78.698548687959956 217.8635509787768
92.802639219403318 -79.012547825534284 217.37450980110276
92.653497447448743 -79.326546963108612 216.88546862342869
92.504355675494168 -79.640546100682968 216.39642744575463
92.524397003457608 -80.217533562713072 216.55977925576457
92.38810952253192 -80.616719465227362 216.13307521573591
92.276051738311807 -81.035506391721185 215.71827337968222
92.163993954091637 -81.454293318215093 215.30347154362858
92.034234121424248 -81.990699712022504 215.06803457433816
91.90447428875683 -82.527106105829901 214.83259760504771
91.777018791341405 -82.612821173594881 214.25259068841942
91.649563293925951 -82.698536241359847 213.67258377179115
91.578888979425145 -83.277907355599922 213.53353610638811
91.432019175183754 -83.787042619847952 213.25209242942736
91.285149370942392 -84.296177884095968 212.97064875246662
91.114592882535547 -84.507731986522998 212.43571385361571
90.944036394128702 -84.719286088950014 211.9007789547648
90.857126854169863 -85.239042505781768 211.61389919070612
90.77021731421101 -85.758798922613522 211.32701942664744
90.683307774252171 -86.278555339445305 211.04013966258881
90.494700347429045 -86.650572757892604 210.60882738717925
90.358327600403214 -87.107505874468558 210.24466451037159
90.221954853377397 -87.56443899104454 209.88050163356397
90.179166761970905 -88.13414309819882 209.69718112318574
90.016641607218787 -88.377296494066741 209.17328991296102
89.892225308142343 -88.887913871846578 208.88382406344962
89.797145302778389 -89.393361918544173 208.57482234068812
89.611351555815958 -89.838197964033256 208.21760871241605
89.464064350942536 -90.266743208234203 207.82434613734273
89.299825428904171 -90.652357734537063 207.39501291757992
89.135586506865792 -91.037972260839908 206.96567969781714
89.06908649408426 -91.617159621418779 206.82383559450037
89.002586481302743 -92.196346981997635 206.6819914911836
88.857462496761144 -92.452992440939539 206.15942844473344
88.706655570155476 -92.819566747434664 205.70900581130414
88.555848643549808 -93.186141053929816 205.25858317787487
88.494550010798008 -93.767126567711856 205.12184141249872
88.371596822745715 -94.268041212939451 204.81530098817547
88.248643634693437 -94.768955858167018 204.50876056385215
88.119766320494151 -95.276048291062367 204.21508063197894
87.938587308195409 -95.530784492623226 203.70294428966685
87.837052222548081 -96.10792093902387 203.5740872036427
87.735517136900754 -96.685057385424514 203.44523011761856
87.605816263008336 -96.895668105496796 202.89858507016805
87.458046011006701 -97.339529201111048 202.52288401823517
87.310275759005066 -97.783390296725315 202.1471829663023
87.164257603717843 -98.267311638196617 202.47044575969977
87.156019919232449 -98.74101004023872 202.1022855167931
87.147782234747055 -99.214708442280809 201.73412527388646
86.903020148531255 -99.091172247379831 201.20043029573819
86.895928588422393 -99.654237619111981 200.99329001252084
86.749157037877893 -100.08665403363797 200.60409320318237
86.622823532305304 -100.31513260264634 200.06387344338677
86.369300992476525 -100.77978535809238 199.78134178382422
86.266968216330696 -101.28618605381074 199.47624124580068
86.118016792842511 -101.64016683182146 199.01525200271601
85.969065369354325 -101.99414760983217 198.55426275963134
85.789261621120588 -102.28520168246385 198.06135491943644
85.740616809071938 -102.86168074945704 197.90227768165738
85.646080904050777 -103.41263959311223 197.68431595276911
85.44882817504552 -103.75416606799676 197.23215334058969
85.356353254439824 -104.21666740807288 196.8612882714786
85.263878333834128 -104.67916874814902 196.49042320236757
85.087870552368017 -105.13863281806785 196.14703707958884
84.911862770901905 -105.59809688798669 195.80365095681012
84.706234703642565 -105.9488162575439 195.36238797198976
84.500606636383239 -106.29953562710114 194.92112498716941
84.355077378546227 -106.76484950556255 194.57140477096135
84.177022320174572 -107.13508064229765 194.13411161805351
84.05472580753721 -107.60804075939548 193.7857550613023
83.932429294899862 -108.08100087649329 193.43739850455111
83.819831419445364 -108.52041128650671 193.04466423049934
83.625483362942674 -108.96753880348857 192.69494174553265
83.443613757746007 -109.45122754274993 192.39003413621904
83.261744152549312 -109.93491628201132 192.08512652690541
83.092627701157198 -110.44988811431188 191.82782585103078
82.923511249765085 -110.96485994661241 191.57052517515609
82.775326849904431 -111.39260255108165 191.17672618079501
82.627142450043806 -111.8203451555509 190.78292718643394
82.415935689917859 -112.39528685366523 190.42560844157259
114.27244211208597 57.507036600428719 304.95314258258588
114.28262444895981 56.907255633381759 304.94052863855507
114.29280678583363 56.307474666334805 304.9279146945243
114.31675317447389 55.717146566621956 305.03250582780294
114.34069956311416 55.126818466909107 305.13709696108157
114.35901197829408 54.584974944367424 304.88005561707268
114.26948511417956 53.994695475220965 304.93968018336875
114.29401846549069 53.395419870806883 304.92334419158431
114.31043071966542 52.796085370604558 304.90034865331847
114.32684297384014 52.196750870402226 304.8773531150527
114.2934919123292 51.599900732388861 304.92890521927268
114.38327547574185 51.007092694851892 304.95165477690568
114.57873609325327 50.44469046597095 305.0258092100288
114.3974421958429 49.879324619787241 304.93924141734158
114.47255494981269 49.288930801018644 304.86312825848643
114.64514382402388 48.717177936941354 304.92067600316796
114.6078560845265 48.202940489314358 304.61380555502859
114.57056834502912 47.688703041687369 304.30693510688923
114.56029941506124 47.136580700547626 304.07229608734713
114.55003048509334 46.584458359407883 303.83765706780503
114.53976155512547 46.03233601826814 303.60301804826292
114.65809702609256 45.675849253692746 303.13513568805513
114.77643249705973 45.31936248911731 302.66725332784745
114.59191845216849 45.598826309557538 303.16510324529531
114.58319261183837 44.99895795045633 303.15605827654178
114.57446677150827 44.399089591355114 303.1470133077882
114.56574093117815 43.799221232253899 303.13796833903461
114.55701509084804 43.199352873152684 303.12892337028109
114.54828925051791 42.599484514051468 303.11987840152744
114.5395634101878 41.99961615495026 303.11083343277392
114.54231506154888 41.420398804284787 302.95430966747659
114.54506671291001 40.841181453619321 302.79778590217921
114.53794135708377 40.255018824953602 302.66986951519129
114.53081600125752 39.668856196287877 302.54195312820337
114.52369064543127 39.082693567622158 302.41403674121545
114.516565289605 38.49653093895644 302.28612035422759
114.39468999592987 38.545201292831209 301.70064822897712
114.42499131271555 37.970312712394453 301.86971907295816
114.42384223037379 37.376364849684741 301.78472133185676
114.43000320041952 36.818643421729107 301.56356787552556
114.43616417046523 36.260921993773472 301.34241441919443
114.45174112875262 35.661547479587206 301.36494329210205
114.46870920064157 35.061787552066392 301.36460583603099
114.48465512835898 34.462001562496177 301.36302656262001
114.48373756324023 33.900455728938852 301.15168457699326
114.47135323386078 33.448833904066227 300.75686264791062
114.41879742084984 32.87831969035738 300.57867337080637
114.48777145616396 32.298492327743247 300.44067767516179
114.49540447619282 31.69909984358538 300.46656950669797
114.44893764507933 31.254848199583954 300.06596832046864
114.41103232904111 30.705033517501995 299.82876165449329
114.43473677830733 30.109606217217326 299.75873002477715
114.39729262014478 29.515712623247737 299.68199454366584
114.39258665392249 28.936572539547228 299.52523161012198
114.38935502552879 28.358014485354783 299.68416598181977
114.3883158942414 27.761938102671365 299.75266318039917
114.38102302899173 27.162046420612675 299.7439005373476
114.37373016374207 26.562154738553989 299.73513789429603
114.35675106655574 25.963209842450645 299.70388534735184
114.29504441012065 25.432844155866221 299.43019843307673
114.23333775368556 24.902478469281807 299.15651151880161
114.1289714353471 24.442231820211617 298.78599742512074
114.02460511700868 23.981985171141407 298.41548333143993
113.97801690018635 23.489988034712177 298.07523583945982
114.01461311616447 22.992737285399379 297.74146584487681
113.82176488971811 22.635313353187403 297.29981248053025
113.6289166632718 22.277889420975438 296.85815911618369
113.53041324659202 21.898762463392636 296.40367058284494
113.43190982991226 21.519635505809799 295.94918204950619
113.47571753037502 20.967197280803404 295.7191975001731
113.46097157996378 20.48564495542416 295.36158050551501
113.45277803651145 19.895432827242843 295.25395843717689
113.44458449305917 19.305220699061532 295.14633636883866
113.33286016415431 18.84232384227759 294.78131010360522
113.2211358352495 18.379426985493659 294.41628383837167
113.35088897603598 18.182437297167645 293.86459625907588
113.3396987295088 17.637907758603255 293.61287744767412
113.33233020211949 17.142402263583676 293.27461717922756
113.29419123143425 16.780660248843333 292.79745040158411
113.2537677863 16.337414735071675 292.39508320659331
113.19164912470551 15.889451403037336 292.0007862055466
113.17297416560454 15.297009820420389 291.90770442919427
113.16100448037562 14.703374390117506 291.82136960120096
112.88104481436378 14.731170996392146 291.29141683529991
112.90331553813924 14.193796679996035 291.02546033708956
112.86921068900608 13.768320007766359 290.60378930339863
112.83510583987292 13.34284333553668 290.1821182697077
112.80109505804326 12.761053762719502 290.03941522250636
112.69240234443112 12.327641844040823 289.63899044460811
112.58370963081893 11.894229925362129 289.23856566670986
112.54885349575677 11.404571163271918 288.89357386020305
112.51399736069459 10.914912401181706 288.54858205369629
112.3642293980898 10.436686688236135 288.21862792831683
112.24709440467609 10.019157164627824 287.80396120643843
112.22312731401419 9.5171387155121909 287.47623715283123
112.19916022335228 9.0151202663965648 287.14851309922403
112.07555654895847 8.4843537083435585 286.89749717835667
111.95195287456465 7.9535871502905575 286.6464812574892
111.95971360815629 7.4553471490986043 286.3122707366698
111.86051857867108 7.157161511576561 285.80114876326132
111.76833137142455 6.8368734676977967 285.30223285073856
111.75618906052617 6.2370728936812325 285.31181594499083
111.66250527322515 5.697839117169166 285.06594955390517
111.56882148592413 5.1586053406571164 284.82008316281951
111.39615443438747 4.588411921096518 284.89125586547601
111.33749236765985 3.9985096243557008 284.79865974122043
111.27883030093217 3.4086073276148761 284.70606361696497
111.11585055105766 2.9513360981130554 284.35344395812456
111.15815331273652 2.4233414676724458 284.07160686585269
111.23694370292438 2.0146221198287337 283.63947196896027
111.31573409311224 1.6059027719850136 283.20733707206779
110.91364078861071 1.2143877032611037 282.99511802146878
110.99685573912852 0.71223463361082329 282.67744276802421
111.08007068964632 0.21008156396055302 282.35976751457952
111.23386447412649 -0.36953743824331092 282.34003722974967
111.38765825860662 -0.94915644044718339 282.32030694491988
111.11892266194029 -1.3072184673342784 281.92084134691936
110.85018706527396 -1.6652804942213766 281.52137574891884
110.93720718020799 -2.0261542795419536 281.04999733334887
110.67656453354751 -2.5537125411120911 280.93274678370881
110.79517329269024 -2.9460108590361727 280.49452995152575
110.56722545620846 -3.4974110879800433 280.55775630175975
110.48492055509402 -3.7153553213638872 280.00483115819395
110.51086531420098 -4.2809178098216414 279.80617079192945
110.46898433113429 -4.7457305115266513 279.42908308914525
110.42710334806759 -5.2105432132316558 279.05199538636106
110.41125439781369 -5.4423510359994669 278.49881011533563
110.42091343081802 -5.9729118096019729 278.21878874365882
110.43057246382236 -6.5034725832044957 277.93876737198212
110.35920621098339 -6.9613207201455456 277.5576086892064
110.20189970251337 -7.4416601634269428 277.23429973229196
110.04459319404332 -7.9219996067083631 276.91099077537757
110.06907335895698 -7.8614941058454502 276.31455150278464
110.02794749709453 -8.327111658367194 275.93837473812511
109.91587817124567 -8.665710714057985 275.45589039051464
109.80380884539679 -9.0043097697487688 274.97340604290423
109.7947418510482 -9.591161210108373 274.8488140023826
109.78567485669964 -10.178012650467979 274.72422196186096
109.70942095444858 -10.195393816046201 274.12934110196159
109.54322220440251 -10.514779641719322 273.64937165518165
109.51324018395806 -11.108335144900988 273.56695234256119
109.49366975399323 -11.697449927155102 273.45487749435398
109.47409932402843 -12.286564709409218 273.34280264614671
109.32714330974713 -12.24188151839317 272.76279631660611
109.22326594525298 -12.710044692237005 272.4021957955274
109.22089936380311 -13.166821529514067 272.01315939592007
109.18211293341514 -13.67687163272519 271.69956012131621
109.14332650302717 -14.18692173593632 271.38596084671235
109.11205302273507 -14.610847395697016 270.96251190713775
109.07687507483236 -15.099926773732184 270.61673181233459
108.9219462201125 -15.559160552144082 270.26303506829993
108.76701736539262 -16.018394330555992 269.90933832426526
108.85224233025667 -16.4885194002727 269.54640703023318
108.79043896221692 -16.984370581349918 269.21427460194099
108.72863559417719 -17.480221762427131 268.88214217364879
108.24449618538976 -17.832236132216018 268.8409728122121
108.41912362130452 -18.233413001861589 268.4304093239582
108.36593156924076 -18.73405872460809 268.10402846377661
108.30396738682448 -19.217131677638775 267.75359878160384
108.23782504114556 -19.690002370648358 267.3902552832435
108.17168269546661 -20.162873063657941 267.02691178488317
108.0523207124686 -20.653267056569195 266.7024638711415
107.93295872947056 -21.143661049480439 266.37801595739978
107.90810381547757 -21.704777583810106 266.16699352221275
107.79867500303062 -22.184515120968566 265.82366098596316
107.70328677942022 -22.672744352986587 265.48820114663874
107.60789855580978 -23.160973585004619 265.15274130731439
107.53757333397405 -23.617361092351754 264.76964235624405
107.46724811213832 -24.073748599698881 264.38654340517365
107.35983058082084 -24.463219949810679 263.94295176705617
107.25241304950335 -24.852691299922455 263.49936012893869
107.25870132414221 -25.452651009875758 263.49639296955445
107.12124397365213 -25.922402429446361 263.14934962844609
106.98378662316205 -26.39215384901696 262.80230628733773
106.87762187469949 -26.523238183831637 262.22650602392162
106.76871199780101 -27.04283568708086 261.94694015810262
106.65980212090253 -27.562433190330076 261.66737429228357
106.55914101615701 -28.10539791146595 261.43273274951406
106.50569746534995 -28.661799180571499 261.21464695306031
106.45225391454285 -29.218200449677067 260.99656115660662
106.3202121567368 -29.560658535702025 260.52191662275879
106.18817039893074 -29.903116621726991 260.04727208891097
106.06355940457895 -30.398590684182626 259.73266510627963
105.92565206278826 -30.621560279378787 259.19297433861885
105.77974420540227 -30.909949460944439 258.68746214577982
105.68935712284178 -31.445271679179172 258.4320011938313
105.56258832517219 -31.934498683975683 258.10860266304422
105.44219231005748 -32.322964017927092 257.66746834805326
105.32179629494279 -32.711429351878536 257.22633403306236
105.17324635097275 -33.120906341044467 256.81370646552705
105.02469640700269 -33.530383330210405 256.40107889799174
104.881846335307 -33.963129841813135 256.01079142226109
104.67565088852557 -34.381102457430629 255.63292592989578
104.5384553442893 -34.890233183815582 255.34663362107062
104.25990825209688 -35.28905016341178 254.9954121322393
104.32823710062557 -35.585030778681265 254.47798905211681
104.25059863059082 -36.056693539736735 254.11535079185711
104.16659225919823 -36.489463114207624 253.70834535580283
104.00019754827642 -36.932657780908812 253.33971100094035
103.91656689567724 -37.229439252647865 252.82500072128954
103.83115379371847 -37.678628432196824 252.43649887703404
103.7586326477328 -38.091411446350342 252.04545593878274
103.68611150174711 -38.504194460503854 251.65441300053141
103.68611150174711 -38.504194460503854 251.65441300053141
103.57356678046122 -38.947237474224956 251.26576589362898
103.46102205917529 -39.390280487946058 250.87711878672658
103.34847733788945 -39.833323501667266 250.4884716798243
103.33158320245676 -40.157484767022495 249.98385889537343
103.2462492385574 -40.526167536454459 249.51825055123732
103.16091527465804 -40.894850305886408 249.05264220710114
102.95270604256561 -41.224440973751648 248.59655130900336
102.74449681047319 -41.554031641616888 248.1404604109056
102.64944396535755 -42.318930402965812 247.62223019270513
75.357421865330537 -115.92212066549821 186.65724661130244
75.955138450292196 -115.93823878609828 186.60749633240775
76.552855035253842 -115.95435690669838 186.55774605351309
77.150571620215501 -115.97047502729845 186.50799577461842
77.636645243146432 -115.95180658775057 186.85925625126737
78.122718866077349 -115.93313814820269 187.21051672791629
78.71702530369366 -115.85551193727865 187.2383381151102
79.24776215761014 -116.12350322720913 187.31895486533148
79.758356424744335 -115.81440533556591 187.25770139398983
80.26895069187853 -115.50530744392267 187.19644792264813
80.805511950800138 -115.33690458973561 186.98730085925473
81.11133250877856 -115.51803570698625 187.31987107870276
81.417153066756981 -115.69916682423693 187.65244129815079
