-37.232545793354383 -77.144565498514396 298.05655617758396
-130.00377582577727 99.775974245655007 119.04482082353539
-37.232545793354383 -77.144565498514396 298.05655617758396
-37.735092984465894 -77.214683413035829 297.73635343123544
-38.237640175577418 -77.28480132755729 297.41615068488704
-38.736735206331012 -77.24054339934537 297.08608192528163
-39.25390414090672 -77.244458452595893 296.78190933370263
-39.752405529241358 -77.20713761778012 296.45009082741183
-40.221451397826833 -77.13169968185494 296.08361423745515
-40.690497266412308 -77.056261745929731 295.71713764749853
-41.145014904680295 -76.944574684645161 295.34171825955366
-41.645852980797962 -76.843808672233507 295.02706379469828
-42.116323027001037 -76.706735209027528 294.68084305397008
-42.58753378386325 -76.579450440994265 294.33190321611249
-43.058744540725463 -76.452165672961002 293.98296337825496
-43.519769839477661 -76.336124663299614 293.61691671731239
-43.968331910818804 -76.16677155360729 293.25620687215746
-44.416893982159927 -75.997418443914995 292.89549702700253
-44.929032148102749 -75.907795471908415 292.59602712555426
-45.4411703140456 -75.818172499901763 292.2965572241061
-45.874477786090438 -75.696646477652479 291.89972468941875
-46.31721554263936 -75.61296611546814 291.50351656745408
-46.759953299188297 -75.52928575328383 291.10730844548954
-47.130766835686664 -75.466398518751205 290.63982313354654
-47.501580372185032 -75.403511284218567 290.17233782160355
-47.872393908683456 -75.340624049685943 289.70485250966061
-48.165113447425099 -75.208326681416025 289.1980856224356
-48.46965833093406 -75.011434910316765 288.72008348394468
-48.793105116160774 -74.818311062872937 288.25308738473717
-49.129118715183317 -74.652505754928441 287.78446871126232
-49.430172377278822 -74.410825095768388 287.32516799111607
-49.781183537544813 -74.278554851501895 286.85687775221464
-50.132194697810796 -74.146284607235401 286.38858751331315
-50.431536442107699 -73.985170382150969 285.89418208595947
-50.73087818640461 -73.824056157066522 285.3997766586059
-50.944724771142418 -73.400975975801416 285.03198215291462
-51.204410432241914 -73.226471437291863 284.52001386926918
-51.461102951402822 -72.9253734834586 284.06896068747767
-51.765340689742416 -72.741780744255507 283.58550117037004
-52.032335052813622 -72.504257166365818 283.10352963590492
-52.299329415884827 -72.266733588476157 282.62155810143975
-52.683123712490115 -72.111052592168633 282.18743212285528
-52.963051404800581 -71.911880133790788 281.69552682820853
-53.242979097111075 -71.712707675412958 281.20362153356189
-53.538369592768788 -71.378847095170229 280.80202276857983
-53.833760088426502 -71.044986514927501 280.40042400359783
-54.11503362751948 -70.843431886214873 279.91025981901208
-54.403869311366272 -70.611806347989756 279.43811200552705
-54.69270499521307 -70.380180809764653 278.96596419204201
-55.016084068930049 -70.066576742133662 278.5696329373481
-55.317262587685946 -70.058076635978722 278.05076951790579
-55.571671258080677 -69.72180623321556 277.62392242039488
-55.826079928475409 -69.385535830452369 277.19707532288396
-56.065889032626387 -69.210458098321638 276.67569313937724
-56.383380810479196 -68.850617552144698 276.31553518469218
-56.65831963779884 -68.724112091169246 275.79745699602228
-56.933258465118492 -68.597606630193809 275.27937880735237
-57.11630102861367 -68.242855088593927 274.83144269172692
-57.299343592108848 -67.88810354699406 274.38350657610147
-57.684210184118797 -67.602130243899936 274.02281699173273
-58.086947361925851 -67.405838461386978 273.62372765119619
-58.304083261527296 -67.133251665868684 273.13531344172503
-58.546816759673256 -66.901017531425182 272.63817386808688
-58.827966816470067 -66.657028779936979 272.16761660832947
-59.109116873266871 -66.413040028448762 271.69705934857211
-59.365741463712865 -66.196612001062846 271.19976393481863
-59.609062129246603 -65.864899981357311 270.76300062396581
-59.85238279478034 -65.533187961651763 270.32623731311304
-60.1423371874994 -65.412603281867376 269.81497829349166
-60.432291580218461 -65.292018602082976 269.30371927387034
-60.626619830111167 -64.997088279322739 268.81869078397494
-60.972295380183525 -64.806660694794516 268.36675522536848
-61.110394633810699 -64.251428644036196 268.18607327840556
-61.459228594903834 -64.103807025875057 267.72075325364887
-61.80806255599699 -63.956185407713917 267.25543322889223
-61.86919345133483 -63.425640042864437 266.98196544382068
-62.192734369707821 -63.22885316754396 266.51656647536458
-62.516275288080784 -63.03206629222344 266.05116750690854
-62.737693193834431 -62.710826775993738 265.59533937677156
-62.9591110995881 -62.389587259764028 265.13951124663458
-63.168597877583636 -61.977857158680209 264.75663579207196
-63.415308049221451 -61.683766585251419 264.29550151029412
-63.633095041478988 -61.41769672196034 263.80379463231532
-63.877959199823877 -61.104836368269993 263.35417263213424
-64.124487690328408 -60.789049747728676 262.90751558958743
-64.371016180832939 -60.473263127187366 262.46085854704063
-64.538848663257269 -60.103008445224091 262.01956076965268
-64.797997013699884 -59.719001301987461 261.63827262873286
-65.057145364142485 -59.334994158750874 261.25698448781293
-65.238039839635036 -59.109709231761258 260.73112909855888
-65.47405110847653 -58.836169865247562 260.2520937178748
-65.710062377318025 -58.562630498733924 259.77305833719072
-65.950688712259549 -58.148359560494853 259.411840180583
-66.135602585784184 -57.879220219242995 258.90848059304278
-66.356711276684251 -57.555460208447627 258.45428856072806
-66.577819967584333 -57.231700197652266 258.00009652841322
-66.753848147649009 -56.785143055500917 257.64009541922502
-66.950851409466679 -56.440680003712615 257.19005662002445
-67.147854671284321 -56.096216951924319 256.74001782082388
-67.368825994164183 -55.833753808294638 256.24779350945681
-67.561261196473495 -55.388371116336145 255.89480207809342
-67.803593314928193 -55.100225059946823 255.42763294966932
-68.045925433382905 -54.812079003557493 254.96046382124518
-68.242297401098739 -54.385398656496662 254.58712492462786
-68.48944868796724 -54.007196899992415 254.19230892599518
-68.736599974835727 -53.628995143488204 253.79749292736241
-68.970619009487692 -53.24605994076277 253.39925214349643
-69.147804442166475 -52.857083630900163 252.97817880925155
-69.314758462659682 -52.512224109946793 252.51644483189125
-68.96463196150259 -52.272637798299854 252.0921691756736
-68.703216243091831 -51.993237459623991 251.63000332566344
-68.804076117020003 -51.735394013689003 251.09770261814975
-68.951468499051231 -51.422410062847099 250.60748171668334
-69.458527686400174 -51.339704150658328 250.29756122266258
-69.965586873749118 -51.256998238469556 249.98764072864188
-70.065085858969809 -50.665588067190718 249.96936612199789
-70.338298038156807 -50.147968280215046 249.83736285963232
-70.618271660082726 -49.865354080638717 249.38820366154829
-70.898245282008631 -49.582739881062402 248.9390444634642
-71.077204251777573 -49.243015541662722 248.47800101609863
-71.256163221546529 -48.903291202263034 248.01695756873315
-71.42628740827584 -48.50874209952481 247.59816314826153
-71.634395599040374 -48.222457559922454 247.11367151435917
-71.842503789804908 -47.936173020320091 246.62917988045677
-72.045042680004698 -47.584625905459774 246.18714750156354
-72.085248623510509 -46.988420909544857 246.13308193994709
-72.25279612029064 -46.587527954152328 245.71930340662357
-72.47979472626379 -46.307763063711121 245.23950840981487
-72.654208727642413 -45.951944330310283 244.78898339931698
-72.828622729021035 -45.596125596909438 244.33845838881908
-72.967828029939881 -45.084392170843749 244.05783268642676
-73.230562126624704 -44.796759979157905 243.601501100028
-73.378473137600707 -44.414576218003113 243.16325698364807
-73.52638414857671 -44.032392456848321 242.72501286726816
-73.723630555967461 -43.582432394886823 242.38058610087063
-73.877697731695307 -43.141154081659025 242.00437239080938
-74.055012641286339 -42.793532093169311 241.54861107613343
-74.213343067151271 -42.441659495031573 241.08913621183154
-74.371673493016232 -42.089786896893841 240.62966134752969
-74.516662356666245 -41.629702594815285 240.27286916095832
-74.675439143506765 -41.179500216918044 239.90940286142524
-74.834411598418342 -40.775561093235517 239.49520370288192
-74.993384053329919 -40.37162196955299 239.08100454433861
-75.130288876433085 -39.940157530289021 238.68718287522717
-75.035163282965428 -39.950118671810358 238.09485535001241
-75.317903109299294 -39.431936035047059 237.98740794165965
-75.469681748444231 -38.951648159303915 237.66139137595559
-75.621460387589181 -38.471360283560763 237.33537481025161
-75.72694406460576 -38.090603016001836 236.88382514843784
-75.837018037335042 -37.700931572599345 236.44106123084265
-75.947092010064324 -37.31126012919686 235.99829731324749
-76.057165982793606 -36.921588685794362 235.55553339565236
-76.161701386874952 -36.401009579498677 235.27612376199249
-76.266236790956285 -35.880430473202992 234.99671412833263
-76.433894293904331 -35.473172692792104 234.58924380794105
-76.601551796852377 -35.065914912381224 234.18177348754949
-76.769755044576499 -34.604040634058791 233.83770980379433
-76.862760759801176 -34.338034167603254 233.30800186847583
-76.981325525090114 -33.916914742118216 232.89739155941001
-77.100175583307959 -33.48246474622016 232.50099798639729
-77.218206015604196 -33.063027207991745 232.08851650975035
-77.354569735220096 -32.566213318071895 231.78097643958836
-77.490933454835982 -32.069399428152039 231.47343636942642
-77.555870317084754 -31.622134791073961 231.07880040003096
-77.717362441064452 -31.423959716246408 230.53598649673663
-77.79477713113252 -30.893465294950325 230.26657485122851
-77.995013709444223 -30.425879261912741 229.94834755130879
-78.028720704826156 -30.068787636172601 229.46735960001624
-78.246209601344461 -29.681136526622186 229.06433950479072
-78.330614875278343 -29.237979069537147 228.66875485144573
-78.399068683731372 -28.695581314273369 228.42153278286551
-78.53069008556534 -28.365283362226563 227.93823259721177
-78.662311487399336 -28.034985410179747 227.45493241155799
-78.671291308327682 -27.489068078642852 227.20614810750379
-78.858115152074973 -27.112789421757828 226.77776600729385
-79.044938995822264 -26.736510764872797 226.3493839070839
-79.041446549290669 -26.159015875575431 226.18663423534031
-79.2270148311528 -25.825293123846699 225.72382375820592
-79.420735537835768 -25.317576648111924 225.46946914733812
-79.614456244518777 -24.809860172377128 225.2151145364704
-79.533922396105993 -25.03874161126873 224.66636360372337
-79.701991145647597 -24.685189774032487 224.21166151024414
-79.870059895189186 -24.331637936796245 223.75695941676491
-79.908767680871023 -24.048816996317239 223.22921513877208
-80.006797933250184 -23.665666558702476 222.7780102941903
-80.104828185629316 -23.282516121087735 222.32680544960846
-80.36113438039196 -22.825663590575594 222.03424280693008
-80.466574661971563 -22.444864384976334 221.5827183756582
-80.588268915991819 -22.108316020238817 221.10113172018387
-80.709963170012074 -21.771767655501275 220.61954506470957
-80.829027446200953 -21.30836318314541 220.25749535384625
-80.948091722389819 -20.844958710789545 219.89544564298293
-81.085110298157048 -20.537457465881936 219.39878791952043
-81.222128873924234 -20.229956220974337 218.90213019605784
-81.431156749576459 -19.711162421415928 218.68496587868489
-81.509070006378124 -19.351617728300123 218.2109857756565
-81.622660752975008 -18.991330002024803 217.74484213193395
-81.758998152136471 -18.59645110874272 217.31416502175722
-81.895335551297933 -18.201572215460644 216.88348791158046
-82.030885568841683 -17.906392266092606 216.37901294665659
-82.143311119411678 -17.4033808502647 216.07186475583359
-82.255736669981687 -16.900369434436787 215.76471656501059
-82.40785096104787 -16.577571242669382 215.28236547934253
-82.536374547925178 -16.190079181647516 214.84267059620055
-82.664898134802485 -15.802587120625645 214.40297571305859
-82.790616824618823 -15.43770955173107 213.94356394704855
-82.889102593689572 -14.950533927708431 213.60746803120205
-83.00348604390166 -14.448013647354092 213.30023881034217
-83.130383984340952 -14.021764589423302 212.897487456123
-83.257281924780216 -13.595515531492547 212.49473610190381
-83.384823775225811 -13.280586066246713 212.00021359654647
-83.512365625671421 -12.965656601000882 211.50569109118914
-83.558087430349474 -12.4852986393783 211.14908802714905
-83.713496598720113 -12.038887991218065 210.77954029870858
-83.823630132813648 -11.536163755687131 210.47109427802116
-83.965704126706754 -11.177583866659951 210.01149070596745
-84.107778120599875 -10.819003977632741 209.55188713391377
-84.186387579658032 -10.468250113142966 209.07147868322613
-84.264997038716203 -10.117496248653168 208.59107023253856
-84.280008823311704 -9.8146932284970347 208.07330100082658
-84.295020607907176 -9.5118902083408869 207.55553176911462
-84.663365063371984 -9.0614729454861873 207.40908501616045
-85.031709518836792 -8.6110556826314824 207.26263826320633
-84.992212982725661 -8.1659676552519045 206.86221764495775
-84.952716446614545 -7.7208796278723497 206.46179702670915
-85.179341917800542 -7.3546784100188631 206.04402009597658
-85.299896010058333 -6.9910214719153219 205.58226221330528
-85.420450102316124 -6.6273645338117744 205.12050433063399
-85.548906772629635 -6.2026483082230479 204.71662933564963
-85.677363442943118 -5.7779320826343206 204.31275434066524
-85.843796163754419 -5.359620630266055 203.91612393555124
-85.977035566297275 -4.9626958809880488 203.4863588776177
-86.110274968840145 -4.56577113171004 203.05659381968417
-86.248545530432736 -4.1670503197200972 202.63009298043181
-86.386816092025342 -3.76832950773015 202.20359214117951
-86.58459932739413 -3.3189611756896356 201.85870100768057
-86.680254644650034 -3.0225964172796753 201.3458482117895
-86.853954552306533 -2.6587217885435503 200.90152445973223
-86.973723204162894 -2.143403517587017 200.61850052143217
-87.140773472256058 -1.7659969606078483 200.18300253213812
-87.299370894449922 -1.3153914859950626 199.81995768102129
-87.457968316643786 -0.86478601138227551 199.45691282990444
-87.543375452529375 -0.52676380259099365 198.96860287966416
-87.705067601816069 -0.18943769714845118 198.49949015606137
-87.928398210343886 0.2452359116595253 198.15137768414971
-88.151728818871717 0.67990952046750863 197.80326521223805
-88.192983413355293 0.95027171691089229 197.26922182339376
-88.234238007838854 1.220633913354269 196.73517843454945
-88.375845221971687 1.7431009971655171 196.47638209910534
-88.563986464720955 2.1140396885375066 196.04393862300702
-88.752127707470194 2.4849783799094931 195.61149514690868
-88.770962190561292 3.0155193736314931 195.33190345134682
-88.970381577316743 3.4087038786049724 194.92491714539187
-89.137587612768343 3.7699792729374111 194.47600486982068
-89.304793648219942 4.1312546672698494 194.0270925942495
-89.440549171000413 4.6200141178891307 193.70664815684273
-89.537999298659571 4.9892542230297012 193.24386827679717
-89.702540255379262 5.4638124302950564 192.91565983467711
-89.830708770182312 5.8499028449491579 192.47463033053322
-89.988936434471356 6.2082706534694374 192.02016743868177
-90.057770587342674 6.6829398698978704 191.6596802761174
-90.376312052756745 6.9705400782325402 191.24037435560382
-90.484153328370866 7.4155282548507673 190.85261698050454
-90.591994603985 7.8605164314689899 190.46485960540522
-90.787386792558237 8.3072413894836608 190.1152044831328
-90.903703316755326 8.7119121022491406 189.68775614657199
-91.020019840952415 9.1165828150146258 189.2603078100112
-91.206556439427814 9.5743930223546023 188.92028735256113
-91.393093037903185 10.032203229694588 188.58026689511107
-91.516748336886238 10.372326226172337 188.10170058382243
-91.642553661614457 10.824716533677405 187.72818213722911
-91.833820548283398 11.221893130341369 187.32115912912462
-91.949850876675598 11.655263347382098 186.92275328344053
-92.049433781398108 12.198802264325838 186.68898268893673
-92.149016686120632 12.742341181269584 186.45521209443297
-92.32675208327332 13.07519240933912 185.98871430390062
-92.504487480426036 13.408043637408662 185.52221651336825
-92.682222877578724 13.740894865478225 185.05571872283591
-92.688126095291906 14.327722204851199 184.93082346357812
-92.864862177343923 14.85443196390994 184.70423752620957
-92.991368130131022 15.405357121890987 184.50304678533666
-93.117874082918135 15.956282279872033 184.30185604446376
-93.316800795019404 16.420809062653255 183.97837029316781
-93.515727507120658 16.885335845434472 183.65488454187184
-93.630001288018903 16.722345351281071 183.08886722604586
-93.708959470319869 17.191146520904447 182.72281932097403
-93.878165784771255 17.449458205262694 182.20838341935578
-94.010035895303105 17.893082864924985 181.82653602144944
-94.14190600583494 18.33670752458729 181.44468862354313
-94.332193434111488 18.642534700118361 180.96483402749701
-94.378996875719977 19.233348143699725 180.8712984046727
-94.612499526801727 19.557712137661159 180.42378917419899
-94.725335416232554 19.922862522264616 179.9612599765473
-94.838171305663337 20.28801290686809 179.49873077889563
-94.998375026657143 20.82097515252941 179.2744853497797
-95.131582938506597 21.181802058978718 178.81398606009196
-95.290598429477271 21.660172845441217 178.48860095857282
-95.449613920447945 22.138543631903712 178.1632158570537
-95.586057804985643 22.50875270786829 177.71118897019218
-95.722501689523313 22.87896178383286 177.25916208333064
-95.888094106349484 23.391826483103831 176.99544073089334
-96.141505575917876 23.798928991796643 176.63481603053685
-96.25243628217325 24.23675416548928 176.23984325211953
-96.389157847345629 24.634874640912795 175.81228354790809
-96.539459319968529 25.046320625323013 175.40225712285709
-96.689760792591414 25.457766609733241 174.99223069780612
-96.817703160789023 26.029919888771833 174.86467139510586
-96.975460465314541 26.497507315695124 174.52338759670326
-97.125300835599774 26.92539946158044 174.13037846840922
-97.275141205885021 27.353291607465756 173.73736934011521
-97.43384055843984 27.790259291833554 173.35806239538979
-97.600353556587862 28.181790881230608 172.93500632824032
-97.766866554735856 28.573322470627676 172.51195026109085
-97.965247326055305 29.050353437769473 172.20684941553571
-98.025198163892554 29.619869363719591 172.02780331216621
-98.085149001729803 30.189385289669712 171.84875720879677
-98.33813107290365 30.537714501705455 171.4308255975167
-98.446574059366199 30.862896596811389 170.93838603400701
-98.708150455839672 31.137894633286674 170.47367766444319
-98.812451977279139 31.653463680660259 170.18504338024306
-98.916753498718606 32.169032728033812 169.8964090960429
-99.049190161322457 32.238202006072441 169.31531001552912
-99.246479990791656 32.796222614500174 169.21687362105047
-99.472791398079082 33.16515354444099 168.80133407315572
-99.699102805366508 33.5340844743818 168.38579452526091
-99.901838083759586 34.052258985109461 168.16130937357593
-100.01246995893133 34.522247334667114 167.805119060013
-100.19805999575853 34.794584021972277 167.30373191720005
-100.34433072769953 35.255794032782504 166.9489218286937
-100.57481946112357 35.629821457782391 166.54029188716649
-100.75940327421435 36.152977812375511 166.31173938861593
-100.9439870873051 36.676134166968623 166.08318689006535
-101.10159252157696 37.094342060555242 165.68285866868968
-101.25919795584882 37.512549954141875 165.28253044731397
-101.47794997428289 37.850954268627845 164.83797440543816
-101.67422882798662 38.288471165242193 164.47734498793912
-101.85825507953007 38.725300561291633 164.10949390735087
-102.04228133107353 39.162129957341079 163.74164282676261
-102.23811820955626 39.642698315337135 163.44047514868424
-102.42235337020615 40.107230109869747 163.10840946625285
-102.58592423643918 40.505611055673491 162.69063297847464
-102.74949510267217 40.903992001477221 162.27285649069643
-102.91036942530927 41.373635362313252 161.93587790689816
-103.0712437479464 41.84327872314929 161.59889932309989
-103.25689603712821 42.300032420514903 161.25697932154338
-103.44254832631005 42.756786117880509 160.91505931998691
-103.62820061549186 43.213539815246115 160.57313931843041
-103.84777641309616 43.638567602746043 160.21100971599591
-104.06735221070042 44.063595390245972 159.84888011356142
-104.21763750477442 44.644268394884392 159.83360948589649
-104.37481365729141 45.09462123792661 159.46963424794237
-104.53198980980839 45.544974080968849 159.1056590099883
-104.75460599576267 45.960468342146235 158.73443596021926
-104.97722218171695 46.375962603323629 158.36321291045022
-105.22047344964105 46.781759693924997 157.99421759623499
-105.41905085441722 47.169027679099379 157.58119154140147
-105.61762825919337 47.556295664273762 157.16816548656794
-105.78174150867206 48.099378899582703 156.97290299433783
-105.96873431059778 48.5407850189698 156.61207848048713
-106.15572711252351 48.982191138356903 156.25125396663643
-106.36876914113047 49.362263302582456 155.83875154963997
-106.50040280054073 49.897854393327826 155.60250006662991
-106.74467093161418 50.211893504907103 155.15337590056848
-106.88366152557872 50.724702174335413 154.87461276931086
-107.08450414770081 51.183810808862304 154.54464079649804
-107.28534676982289 51.642919443389204 154.21466882368526
-107.3065187931594 51.699415714144962 153.61770993329284
-107.35472930153745 52.254128128092169 153.39417048555532
-107.40293980991548 52.808840542039377 153.17063103781783
-107.4511503182935 53.363552955986584 152.9470915900803
-107.97728940336849 53.538716465400213 152.7179728258414
-108.19672075730898 53.991665910501538 152.39134355420418
-108.43618746354949 54.475557333395372 152.12960936184083
-108.54338706441358 54.716549384526878 151.59069278493305
-108.76721254268412 55.234957467795688 151.3878253048419
-108.94216425280993 55.707386603100737 151.06193788373
-109.11711596293574 56.179815738405786 150.73605046261807
-109.42780135365354 56.540611251214045 150.37094611324389
-109.47076269586186 57.108046882071768 150.18075902664557
-109.75900574587722 57.463207842212853 149.79245935305633
-109.96095431123626 57.929099199040344 149.47283141218935
-110.16104712288009 58.360729823775763 149.10723891976235
-110.36619690284121 58.801709571192269 148.75588378581614
-110.57134668280233 59.24268931860879 148.4045286518699
-110.77649646276348 59.683669066025303 148.05317351792368
-110.85849056023706 60.27687267916339 148.01593857010039
-111.10456423871415 60.644639232240991 147.61072812206359
-111.35063791719122 61.012405785318592 147.20551767402679
-111.43768609255309 61.590557225048393 147.07074554076283
-111.62630038622827 61.994020095756319 146.66869783192527
-111.87457753472998 62.352480209421756 146.25655125066706
-112.12285468323174 62.710940323087243 145.84440466940893
-112.23585119776347 63.289036474404625 145.73022661750878
-112.34884771229522 63.867132625722 145.61604856560865
-112.61773403846503 63.954195411412719 145.08678472313812
-112.73183811108838 64.511397388140097 144.89571871951142
-113.04691732736129 64.853301793596984 144.51647412165667
-113.19208567240143 65.312479977774132 144.15858929832092
-113.38904868572847 65.774755149866536 143.83070633650667
-113.59709546421261 66.221567967810387 143.48854432271284
-113.76191079586151 66.725618467319421 143.20788616694651
-113.98195230746178 67.173289174172496 142.87446050596895
-114.26321241216556 67.532073190504235 142.48437489597177
-114.54447251686933 67.890857206835989 142.09428928597458
-114.73582080724555 68.270891006373745 141.67125247554435
-114.81725872539667 68.854280742885138 141.55712850426579
-114.89869664354781 69.43767047939653 141.44300453298726
-115.2133015389384 69.730412423583545 141.02428515928946
-115.52790643432897 70.023154367770587 140.60556578559166
-115.619384248188 70.586145446820197 140.41935930213279
-115.90745023152097 71.027140563642135 140.13205929136774
-116.06809793030409 71.421700558047164 139.70954925871666
-116.2877425359915 71.846540649955642 139.34724118055721
-116.52411940499069 72.259878156777361 138.9821684737486
-116.74696166594349 72.754669485272743 138.72619412351168
-116.96980392689628 73.249460813768138 138.47021977327475
-117.1572474250161 73.64040985618044 138.05546227635696
-117.34469092313593 74.031358898592742 137.64070477943918
-117.629448467915 74.478167101654932 137.35914560205771
-117.88219746400109 74.864931439593548 136.97635154270415
-118.13494646008721 75.251695777532177 136.59355748335059
-118.3651539190104 75.740377156689092 136.33241569136504
-118.41520458710519 76.328321729166447 136.22371375799824
-118.7159677564232 76.591502776311344 135.7761902922386
-119.0167309257412 76.854683823456256 135.32866682647898
-119.22278637523573 77.335763588076688 135.03523299781168
-119.42884182473024 77.816843352697134 134.74179916914437
-119.63489727422487 78.297923117317467 134.44836534047698
-119.8423733896329 78.746504969628305 134.10817718178745
-120.0498495050409 79.195086821939157 133.76798902309795
-120.30528316759253 79.561224881364609 133.36711926185919
-120.48632870467085 80.026441891186437 133.03425946062683
-120.67393379748091 80.552163469098616 132.81421139390216
-120.89385827171911 80.918723417486746 132.39318048070368
-121.14403229382012 81.322594359085812 132.02670917050642
-121.39420631592114 81.726465300684893 131.66023786030919
-121.69957369368706 82.170579481920385 131.39658399892673
-121.82037109282226 82.717673094815751 131.18188288786467
-121.94116849195748 83.26476670771109 130.96718177680262
-122.19026903062782 83.373541151357898 130.43228268160476
-122.19723523318162 83.955467009583202 130.28629032717916
-122.45597456677304 84.377246516835839 129.94694388987003
-122.71471390036444 84.799026024088477 129.60759745256092
-122.9031650799905 85.229201497758822 129.23418720263459
-123.12684605605803 85.675942527000629 128.90193838963825
-123.35052703212554 86.122683556242436 128.56968957664196
-123.52364187515616 86.648944993349517 128.33929827703088
-123.77412873189583 87.045584116223608 127.96522109140422
-124.02916158592186 87.442873340478855 127.59492456744267
-124.19443012167676 87.94916789495943 127.31860566618408
-124.43768619148075 88.412618801787289 127.02528034940431
-124.70018318887348 88.836866073456733 126.69194931448433
-124.87415517668231 89.167044384995833 126.22214506796558
-125.11084139277639 89.56393836318405 125.83945092744473
-125.34843189407044 90.02429368524777 125.53675680602437
-125.58602239536454 90.484649007311461 125.23406268460398
-125.86713206985613 90.946721786168141 124.97432031619462
-126.06051689697536 91.413916908004737 124.65131717879167
-126.25390172409462 91.881112029841319 124.32831404138872
-126.47429877025505 92.335812122220815 124.00478202128279
-126.69469581641545 92.790512214600327 123.68125000117683
-126.94335696776287 93.222318541527173 123.34701815374675
-127.16401768706082 93.693772881738909 123.04862302634949
-127.2003531783768 94.258612032289037 122.84953393554683
-127.48374575218936 94.649388597535534 122.49318814118126
-127.71929714433604 95.097723015774505 122.17145565746209
-127.94059847828176 95.520986652194978 121.80831159007565
-128.16189981222746 95.94425028861545 121.44516752268919
-128.32563301201552 96.455240124352699 121.17668879530024
-128.57726434244074 96.863399212648943 120.81601188698809
-128.828895672866 97.271558300945188 120.45533497867595
-129.08052700329125 97.679717389241432 120.09465807036383
-129.30463902563068 98.212370915434647 119.93324548573401
-129.5287510479701 98.745024441627848 119.7718329011042
-129.81204132554592 99.108407949633374 120.1561492353142
-129.90790857566159 99.442191097644198 119.60048502942479
-130.00377582577727 99.775974245655007 119.04482082353539
