43.295999852659769 18.114138752856427 75.168727191442201
78.639759069967639 160.47545990669244 89.747892172652229
43.295999852659769 18.114138752856427 75.168727191442201
43.664494181954154 18.577665138376638 75.072004809314549
43.786241256571472 19.1644105686029 75.041880899695713
43.968010870483447 19.735389819783602 75.072581098056844
44.097329287220198 20.320524634776483 75.102480853506478
44.101302859675421 20.920511402579059 75.102779490008572
44.105276432130644 21.520498170381636 75.103078126510667
44.103285339381884 22.120491058964966 75.105215695011893
44.267132893140896 22.697634107955039 75.11295392023672
44.377155305952527 23.287377370572017 75.122851034815611
44.375709202315917 23.887372401262041 75.120883312389154
44.3742630986793 24.487367431952066 75.118915589962711
44.614440222552034 25.037097164293748 75.129506649766398
44.770113799632348 25.616541270380555 75.132710603617966
44.773187623687242 26.216527404563539 75.130029112645531
44.830614290263597 26.813742644791724 75.136040335909087
44.888040956839951 27.410957885019904 75.142051559172685
45.032858167702614 27.993190011045737 75.14785904239676
45.177675378565283 28.57542213707157 75.153666525620835
45.327471687018431 29.156087466988048 75.173385567352028
45.477267995471571 29.736752796904529 75.193104609083193
45.703239900387857 30.291405383393673 75.229121361982507
45.778866075247663 30.88651373686535 75.240378773065942
45.764164027030006 31.486333582427847 75.240327318361238
45.842936050885179 32.080903511694999 75.257107290620354
46.079535743285732 32.631177757720273 75.292019175663683
46.067246823926993 33.231051882769549 75.291890500247149
45.899357461800129 33.806002364287771 75.256604442283731
46.18164149573289 34.333161326726845 75.305789323159885
46.330729308508438 34.913724441934185 75.332608967873199
46.442920873983518 35.502889687663149 75.349853267261111
46.547611669025493 36.093506328884011 75.364407323275373
46.652302464067461 36.684122970104873 75.378961379289635
46.819783345173967 37.25860952984241 75.422726058481004
46.764930969722485 37.856003441326195 75.41215574961943
46.710078594271003 38.453397352809986 75.40158544075787
46.730500651864013 39.053036276537263 75.39757287114962
46.833776971758454 39.643719495201545 75.418245000635082
46.937053291652887 40.234402713865826 75.438917130120529
47.040329611547335 40.825085932530108 75.459589259606034
47.199666273730848 41.402026796650048 75.501435016771524
47.337970969101491 41.984442357449424 75.54222626310181
47.476275664472126 42.566857918248807 75.583017509432096
47.628130697696875 43.14506451401774 75.63417590555251
47.602763664587933 43.744496195092054 75.627997446548164
47.901167758772033 44.256894018689984 75.719667872238659
47.96344620075692 44.85332361786044 75.739495350578281
48.025724642741793 45.449753217030896 75.759322828917931
48.072384662078505 46.047226260460938 75.788457086587172
48.161531451352666 46.63998277472875 75.814773711659285
48.253853013356789 47.232101200501454 75.844311806546486
48.346174575360919 47.824219626274164 75.873849901433701
48.40833412528535 48.420709389973098 75.892184354127536
48.406012712034858 49.020703451976445 75.890866552454014
48.403691298784366 49.620697513979785 75.889548750780506
48.561657600410157 50.19771617390407 75.93533208453691
48.674574649990873 50.780369643260379 75.847214693738934
48.821565245391035 51.342390344417424 75.997302988868327
48.968555840791204 51.904411045574463 76.14739128399772
49.213611247555932 52.446006710155885 76.228766856020172
49.233328928326053 53.04565325768128 76.234702435680887
49.229824946895683 53.645642259100498 76.23566175320569
49.380162528337841 54.220589317030928 76.31833274076034
49.535844594438039 54.793747893325005 76.403493416634348
49.67833908020679 55.371282732165284 76.481907901592351
49.695545834745317 55.97095890267591 76.491521335940291
49.712752589283838 56.57063507318653 76.501134770288203
49.925290517850769 57.124649626569706 76.589991416410612
50.01967335068079 57.697448671404402 76.741626290708837
50.114056183510804 58.270247716239098 76.893261165007075
50.157739381928494 58.857723334752507 76.779400830261864
50.201422580346197 59.445198953265916 76.665540495516666
50.524386598554159 59.910646911191542 76.863157401184736
50.847350616762142 60.376094869117175 77.060774306852807
50.804060686239218 60.973625212353355 77.027858188804359
50.843476230376083 61.572329117472364 77.027637110431243
50.882891774512949 62.171033022591374 77.027416032058156
50.992636820399134 62.758259875609951 77.083278792438662
51.10238186628532 63.345486728628529 77.139141552819154
51.29719637604952 63.907602798336903 77.217069923525486
51.492010885813727 64.469718868045277 77.294998294231803
51.546303481351572 65.067203532866415 77.303022593162908
51.600596076889417 65.664688197687553 77.311046892093998
51.698012243738184 66.256232232147497 77.335249076527219
51.837595442677795 66.83804201671866 77.380125631108129
51.991440539088707 67.415937210045755 77.428796277700911
52.145285635499611 67.993832403372849 77.477466924293722
52.503108881683964 68.470313031547647 77.547671877567964
52.666982122551076 69.029138862657135 77.692099199818657
52.745746085175519 69.62306404045016 77.659709056638775
52.910695664030683 70.195904546116452 77.727866165611218
52.983459412506306 70.79076549349719 77.756950357005763
53.161777231723491 71.361772727725395 77.803356108898015
53.282148255235427 71.948579388422331 77.837543236013332
53.298102055415811 72.548364786873393 77.839261393371672
53.410969506722644 73.137305267073359 77.85951106540189
53.523836958029463 73.726245747273339 77.879760737432107
53.72355605191494 74.288007306135725 77.947112311445238
53.997295286942503 74.814213264590023 78.037523154233739
54.271034521970059 75.340419223044321 78.127933997022254
54.351177992178577 75.93415422229819 78.160426686106717
54.369713315122908 76.533835150754385 78.166689740415237
54.388248638067225 77.13351607921058 78.172952794723741
54.308719280627614 77.727346493135855 78.140695690040133
54.693040691220745 78.159632507487373 78.300150558751568
54.946550103499852 78.694156915003063 78.400233702466707
55.124215169194258 79.258230983176588 78.501503490883479
55.314074761327504 79.822307757033442 78.577468801849946
55.503934353460764 80.386384530890297 78.653434112816427
55.704763852344875 80.939293132016047 78.771584826648905
55.905593351229015 81.492201733141798 78.889735540481382
55.959491340314536 82.089504473631436 78.907747841169851
56.134981006555691 82.65814953059315 78.984208133057706
56.310470672796825 83.226794587554878 79.060668424945533
56.257350217574071 83.824406352596242 79.066864836896713
56.539795894689007 84.350298488965052 79.127378474901178
56.69057460153077 84.926642234066222 79.198748419877276
56.462014422575031 85.477544570772167 79.133427213461275
56.74802206196059 85.993891686886073 79.241062179406157
57.034029701346149 86.510238802999964 79.348697145351053
57.221193022411327 87.078553518513075 79.393287226973541
57.40835634347652 87.646868234026186 79.437877308596043
57.54382582782786 88.228497049703009 79.495807780577266
57.679295312179192 88.810125865379831 79.553738252558475
57.668732457537374 89.40999317993365 79.546836728682436
58.017856032996271 89.88767291496471 79.646510194557095
58.259258421958101 90.406077777756224 79.828117696708404
58.310778573642423 91.003787297173147 79.818683484033613
58.429291985663632 91.589928642324622 79.867600706717724
58.547805397684819 92.176069987476083 79.916517929401834
58.753026606101045 92.732717444917057 80.00611627615379
58.952498338434665 93.293377106857037 80.082743761256594
59.153599989575824 93.851553267693802 80.172172500383425
59.174780141977692 94.451177009168731 80.170508227618328
59.195960294379574 95.050800750643674 80.168843954853187
59.568705481767097 95.495342220066192 80.321957988315518
59.941450669154605 95.939883689488724 80.475072021777848
59.809488180975187 96.522601908219414 80.420068573951085
59.969510783748703 97.096575420423264 80.490404723191446
60.129533386522226 97.670548932627113 80.560740872431808
60.423777435113564 98.178866113375634 80.683354426431563
60.60041156937514 98.74772091776147 80.755497299543308
60.777045703636716 99.316575722147292 80.827640172655066
60.953679837898186 99.88543052653317 80.899783045766782
61.046610355455549 100.47764694364587 80.925152992726268
61.139540873012905 101.06986336075856 80.95052293968574
61.355757658445079 101.62638189405369 81.009999185334067
61.539490950970354 102.19475810967836 81.066484180952301
61.65537220362863 102.78234217147379 81.102767863322597
61.771253456286921 103.36992623326918 81.13905154569288
61.968485356680887 103.93474025800893 81.184710005196806
62.120863668506864 104.51363527637561 81.22547037559869
62.329268769682621 105.07107587493843 81.301807082875456
62.60141446635042 105.60231194319165 81.362839529754652
62.590105617485776 106.20219718502855 81.359707986422478
62.744361478441611 106.7813242981463 81.388289732567259
63.058642755807838 107.28880538526683 81.449036954001883
63.200689438038026 107.86911718021301 81.504362903733622
63.30119495874262 108.4601328281689 81.528840325558818
63.401700479447221 109.05114847612477 81.553317747384
63.633705638849428 109.59882255672748 81.632227236336391
63.865710798251634 110.14649663733019 81.71113672528881
64.080135648961033 110.70207726771977 81.784295091414393
64.294560499670411 111.25765789810937 81.857453457539975
64.500492131535097 111.8170935938178 81.92545246756778
64.568930716234917 112.41277643920486 81.947318144686349
64.637369300934751 113.00845928459194 81.969183821804904
64.767064139427447 113.59330974943455 82.002787134762485
65.020016223594155 114.13035550216823 82.089948494242606
65.272968307760877 114.66740125490192 82.177109853722726
65.513023178231506 115.2085784123537 82.274582636671326
65.626048287870859 115.7963759443285 82.316048116233958
65.831023243964111 116.35496162725755 82.39329643143401
65.893490336458285 116.9514445823914 82.410787760432257
66.173628791638961 117.46732301917748 82.534851793851047
66.453767246819638 117.98320145596355 82.658915827269851
66.465446270793365 118.58285968495905 82.675456951687835
66.748170028209842 119.10215819244101 82.777419381627979
66.97962984260937 119.64763652859816 82.871651749216667
67.164215028620418 120.21294510474547 82.951367010237064
67.348800214631495 120.77825368089279 83.031082271257446
67.410947943845741 121.37465103896606 83.052244762527138
67.640681807312802 121.92062697554789 83.147809550237383
67.83530725610207 122.48076117688292 83.239300594489379
67.989448255191718 123.0588638579834 83.284443063452557
68.231393970907462 123.59835720599872 83.386468541123676
68.365956298828308 124.18184694506654 83.424319621783184
68.546621848164037 124.75020116162675 83.490148519703894
68.727287397499751 125.31855537818697 83.555977417624632
68.967896681241086 125.86245966650435 83.635194194430085
69.130822776021688 126.43722027789451 83.690919657496266
69.303405525894959 127.0079599205191 83.757788594850865
69.475988275768231 127.57869956314369 83.824657532205464
69.864054133857366 128.01285859603792 83.969263285693714
69.983254174525598 128.59871274072103 84.019921665674801
70.244320661839183 129.12870237363194 84.124589130575359
70.330495653836536 129.72108266541721 84.165325608806285
70.416670645833875 130.31346295720249 84.206062087037225
70.828927429164168 130.68492430527064 84.434230471108137
71.048539890087497 131.21936020458051 84.595935871562318
71.319921659826178 131.71766523439248 84.790984666271711
71.59130342956486 132.21597026420449 84.986033460981105
71.598211790400029 132.81592541103248 84.988502538776018
71.605120151235184 133.41588055786048 84.990971616570931
71.932934154540305 133.8729316503269 85.199878959937138
72.260748157845427 134.32998274279333 85.408786303303359
72.372983298330794 134.91310966140742 85.494613280576601
72.485218438816133 135.4962365800215 85.580440257849844
72.415996821775039 136.09100883012914 85.542304471033262
72.681873714693936 136.60010036098294 85.715899664010266
72.947750607612846 137.1091918918367 85.889494856987284
73.007943314633295 137.70449091237893 85.844819201837893
73.25082947067115 138.2234333106282 86.022878468669091
73.493715626709005 138.74237570887743 86.20093773550029
73.638313872045586 139.32100154049425 86.266386145957213
73.802563960298528 139.89107824617159 86.356021285009959
74.070213242478204 140.4037432069529 86.515828981119398
74.294311261308835 140.94471403680063 86.646713048942857
74.441673559411157 141.52018014358677 86.731111585887462
74.682236488924701 142.05598838000407 86.853745230256607
74.92279941843826 142.59179661642133 86.976378874625738
75.0502974073584 143.17237581968237 87.058061501677486
75.223477817105334 143.73422076928625 87.177806222999578
75.396658226852281 144.29606571889013 87.297550944321671
75.814621296689751 144.66259675208636 87.523298311872537
75.563941129785547 145.18679136162956 87.373700633927001
75.804330193321249 145.71876547052466 87.51232475014676
76.044719256856951 146.25073957941976 87.650948866366519
76.112420333046828 146.84558313814097 87.690669200335336
76.257912427447963 147.42023438151699 87.783448502731886
76.360468156147249 148.00889075386613 87.837909477784791
76.631014263503189 148.51640028097793 88.008903289618132
76.649657184914517 149.1158104900608 88.027872810658081
76.745873917849977 149.65859620289876 88.264782097606059
76.789796195424273 150.23921737896276 88.120041351999447
76.963871542897209 150.80182849807099 88.234786731243872
77.04370215313817 151.38880380127935 88.33011284042712
77.123532763379131 151.97577910448769 88.425438949610353
77.230019249001231 152.55694824967219 88.529856635207068
77.336505734623344 153.13811739485669 88.634274320803783
77.546629000915473 153.63474028460436 88.89735970303056
77.756752267207574 154.13136317435206 89.160445085257294
77.824080627463417 154.72426353003448 89.223183113094592
77.884946690121964 155.32062388235479 89.197694829573905
77.945812752780512 155.91698423467511 89.172206546053218
78.142143559685522 156.42332077377603 89.427309512385122
78.357811094410337 156.93142580569003 89.662504731319089
78.334455822385692 157.53021890945803 89.632482237277017
78.509182139344901 158.1001851500842 89.700373317017608
78.683908456304096 158.67015139071037 89.768264396758212
78.605275029577982 159.26347110328635 89.725973701917638
78.62251704977281 159.86946550498936 89.736932937284934
78.639759069967639 160.47545990669244 89.747892172652229
