-81.169437857592087 106.80098319081685 252.05897419956631
-55.775128455423122 145.18506685517642 217.00165065186906
-81.169437857592087 106.80098319081685 252.05897419956631
-81.697503615978107 106.75870706332361 251.77726640083796
-82.141640870849031 106.43215753181217 251.54039617834184
-82.569205509136822 106.08136291226171 251.34058382467956
-82.996770147424598 105.73056829271127 251.14077147101733
-86.62251311582618 118.50129345256885 222.68025401909858
-86.329696472252607 119.01111376337158 222.56049733269111
-86.049680537911911 119.38073204111913 222.17974359959027
-85.622591249315491 119.67530742831882 221.8783798976911
-85.388579883044855 120.19757372721305 221.69816726357391
-85.154568516774219 120.71984002610729 221.51795462945665
-84.785473334021418 121.08972461543085 221.22307476129058
-84.493615776333073 121.53966048521883 220.95404524785698
-84.46776703398362 122.13368130726133 221.03448842966199
-83.980860505080869 122.14644676078974 220.68411851755755
-83.656561300451145 122.59985267406978 220.46218811477502
-83.300371876704574 123.01105355681534 220.20912107140435
-82.908152417139561 123.38594870625366 219.95296189732275
-82.639402680418684 123.8878519902695 219.76357691242006
-82.283953080290246 124.31862597427671 219.54428405692519
-81.934563875292014 124.76971331720574 219.35868396942541
-81.585174670293796 125.22080066013477 219.17308388192561
-81.386354047694184 125.76480815612926 219.01647543920649
-81.010043673581407 126.16947950279362 218.78274139477998
-80.633733299468645 126.57415084945799 218.54900735035349
-80.176336208539141 126.93739926905782 218.41175398293595
-79.883677879178919 127.44437919613202 218.28013918209678
-79.551449402953978 127.92074531234297 218.12947544090025
-79.181173445092824 128.35545355466846 217.94528950472622
-78.862482973377283 128.84251611614002 217.79966517828834
-78.425741979035735 129.20130429654048 217.59834864775377
-78.080435665498243 129.67140507049325 217.4577470397966
-77.667936583261508 130.07712285852134 217.29888362792508
-77.308098280269405 130.54851664303655 217.2077557199047
-76.948259977277303 131.01991042755179 217.11662781188434
-76.521092614931732 131.41740877614512 216.97690269813489
-76.066688683982932 131.79173556303701 216.86115934345108
-75.815523263798525 132.33424026901505 216.81012429965494
-75.365957386840279 132.71783750795848 216.7064725724637
-74.916391509882018 133.10143474690193 216.60282084527245
-74.466825632923815 133.48503198584541 216.49916911808114
-74.102189213218239 133.95663526704882 216.56721782550804
-73.803607394488608 134.33678559238984 216.92265365328458
-73.457222648207349 134.78454027858785 216.72382370450572
-73.110837901926089 135.23229496478584 216.52499375572683
-72.60228465084198 135.51202328968037 216.37292253864916
-72.093731399757871 135.79175161457488 216.2208513215715
-72.174702242761072 136.38609205657667 216.23510479779574
-71.590639779140702 136.51971356659573 216.20322485661123
-71.006577315520332 136.65333507661481 216.17134491542669
-70.663623992293921 137.14448766783039 216.20528825395081
-70.320670669067525 137.635640259046 216.23923159247494
-69.779365825335233 137.89305344885065 216.26620409451954
-69.305302804873179 138.25976975092172 216.29419349297171
-68.834127404093849 138.63030024283142 216.32066793849171
-68.327976640051602 138.94302236094589 216.39823262698746
-67.83307797606723 139.27715558703954 216.45680138663556
-67.316602372426502 139.57924688664804 216.50145334678058
-66.821615186512403 139.91642927836048 216.53744946462575
-66.326628000598319 140.25361167007296 216.57344558247087
-65.81040888239886 140.54535335064199 216.66512226338878
-65.294189764199402 140.83709503121108 216.75679894430658
-64.787493068298346 141.15414436388488 216.8091265566546
-64.425495683660046 141.62994195604125 216.85986652919351
-63.89043766174634 141.88307664853608 216.95802833765961
-63.358121673050753 142.14484473985013 217.04812359030279
-62.874449045342544 142.49780906668258 217.08655499919649
-62.390776417634335 142.850773393515 217.12498640809025
-61.912023939114263 143.21204638988803 217.1416563331818
-61.412958192454099 143.54508464182794 217.14600412058812
-60.913892445793905 143.87812289376785 217.15035190799455
-60.380368267033361 144.15243164375963 217.14002425793143
-59.844331382528523 144.42185905254411 217.13146097316275
-59.28210393803549 144.63126326709013 217.12437750020118
-58.719876493542451 144.84066748163613 217.11729402723955
-58.145042128726232 145.01248012617131 217.11052142034359
-57.570207763910012 145.18429277070646 217.1037488134476
-56.971378656400745 145.22049848692646 217.09411314467712
-56.373253555911937 145.20278267105144 217.04788189827309
-55.775128455423122 145.18506685517642 217.00165065186906
