-45.552406450495397 -9.6321304041009519 406.32149474536288
-87.955410486389695 172.46968722085612 268.42588116518777
-45.552406450495397 -9.6321304041009519 406.32149474536288
-45.405846660002567 -9.1134994045772579 406.0577863569037
-45.340075639750502 -8.7289082340762114 405.60197520690008
-45.27430461949843 -8.3443170635751649 405.14616405689645
-45.101410571142701 -8.11292297488726 404.62027012865286
-44.936958063975325 -7.6904782109724419 404.22721059839398
-44.77250555680795 -7.2680334470576202 403.83415106813516
-44.608957482279898 -6.9337606746013334 403.36349860515151
-44.445409407751846 -6.5994879021450545 402.89284614216791
-44.25075018930859 -6.2667070096567938 402.43310201086246
-44.042600303672614 -5.8565915138576958 402.04777240492075
-43.834450418036639 -5.4464760180585969 401.66244279897904
-43.689203843790622 -5.1393345737972895 401.16790506949133
-43.542389641642174 -4.7608274947833111 400.72611554813096
-43.395945256694709 -4.3178468783867068 400.34885938103196
-43.190366430616642 -4.0182157550610764 399.87140934573716
-42.99236378147593 -3.7069675111324258 399.3982080338364
-42.796512367211832 -3.2768960049527189 399.02850447271874
-42.563076252838023 -2.9702953497536955 398.56860924689272
-42.329640138464221 -2.6636946945546813 398.1087140210667
-42.11770760634424 -2.3367175000567335 397.65245694867497
-41.859218018056978 -2.062571991117641 397.18552293548294
-41.618857557112264 -1.7776060119587123 396.71539397494502
-41.467789905704869 -1.3931061357687722 396.28026363825478
-41.203424859727861 -1.0661011268431293 395.85226965862063
-41.02864075389526 -0.7750795999437694 395.357540452661
-40.85385664806266 -0.48405807304441578 394.86281124670137
-40.679072542230088 -0.19303654614514029 394.36808204074163
-40.425989869349301 0.070439979032780056 393.89213111746523
-40.197646285584128 0.45308069511750154 393.4903285662694
-40.003878132023289 0.72920354779024366 392.99413296683559
-39.810109978462449 1.0053264004629796 392.49793736740179
-39.583637482350305 1.2506234623325381 391.99939994659678
-39.357164986238161 1.495920524202097 391.50086252579183
-39.178394517444978 1.8038301520340034 391.01792072746008
-38.939684857755282 1.9574504943630948 390.48932022727729
-38.795864757930978 2.3880935016926941 390.09706727429329
-38.582137686960337 2.6472964735804303 389.59994097394411
-38.386660678528997 2.8601985550758791 389.07414496514446
-38.194364503563264 3.146751217321782 388.58331938221977
-37.992911979516613 3.5318147586877884 388.16962511145221
-37.78987505228708 3.8225018280414553 387.68560338271288
-37.60433701189838 4.0611447574622108 387.16731274242869
-37.418798971509673 4.2997876868829712 386.6490221021445
-37.2320475016244 4.7250498906966119 386.26918536550198
-37.030010552039286 4.9913925831448349 385.77094582353266
-36.915119808262787 5.4970857679321234 385.46916027077344
-36.726383552462345 5.4475599168746172 384.90177520239092
-36.590698237764968 5.6877464452843096 384.36895259875439
-36.368544190680474 5.9344196030612855 383.86915270620108
-36.222203814711122 6.1953912262740376 383.34907741719104
-36.104641693237348 6.6389346567480061 382.96249188606242
-35.979587832754476 6.9762644411440817 382.48231468071253
-35.659483040437941 6.9864126783756264 381.97493914403674
-35.642760830815433 7.4678035207575402 381.61719171277247
-35.566249298144861 7.8449874892490739 381.15688937812558
-35.496655201029 8.0502082761495952 380.59738862721406
-35.03340220333348 8.3904269074398279 380.42520284658997
-35.068057099895825 8.5204546605606719 379.840487683829
-35.001489554379987 8.64918242092069 379.25825240011915
-34.992858546697747 9.0636904265629106 378.82453749495113
-34.9842275390155 9.4781984322051347 378.39082258978311
-34.693039555418714 9.5844421730250975 377.87708936548722
-34.509690648584893 9.8127248660227231 377.35338124979626
-34.382043264979458 10.072542033402286 376.82783278866867
-34.371922227153455 10.553419679869386 376.46914873030869
-34.077266658742687 10.381892029504208 375.97543184669547
-34.066869468587271 10.981670595004022 375.96287912572132
-33.869987215777186 11.164276794833215 375.42632311344266
-33.709851596236021 11.471746627561975 374.93661004917345
-33.547021451970032 11.771197919567269 374.44283351283877
-33.384191307704057 12.070649211572567 373.94905697650404
-33.207275732367734 12.343606735605864 373.44487935970909
-33.03292358883904 12.634565796584223 372.94996102818203
-32.858571445310361 12.925524857562575 372.45504269665497
-32.785551403224915 13.325039636784521 372.01339123380546
-32.572673435141347 13.513308736660235 371.48496175247749
-32.408903595187596 13.859837926823491 371.02333748980675
-32.245133755233844 14.206367116986737 370.56171322713595
-32.108596798726083 14.506255081280591 370.06029038324141
-31.981674584930186 14.769480474747912 369.53626448323348
-31.810363570026659 15.166621302493294 369.12041391017817
-31.619444201602086 15.343198722751108 368.57970122361024
-31.428524833177498 15.519776143008974 368.03898853704243
-31.271530861435206 15.952842388306101 367.65453240167602
-31.097194977462095 16.381616697641761 367.27274765707114
-30.922859093488974 16.810391006977419 366.89096291246619
-30.859663615692817 16.547089374838002 366.35553917177214
-30.612613023745705 16.907099442307366 365.94400696605879
-30.463944306065606 17.21141429409661 365.44873927746619
-30.296836256779187 17.495107943088211 364.94714899308508
-30.129728207492754 17.778801592079823 364.44555870870397
-29.935271719678944 18.201851447913327 364.06712047883502
-29.740815231865149 18.624901303746821 363.68868224896602
-29.619413481518059 18.838719238329201 363.14137657033336
-29.498011731170969 19.05253717291157 362.59407089170065
-29.361142103061912 19.40294892686585 362.12665425999825
-29.201028163337831 19.864548506415808 361.77838804793436
-29.036051172066255 20.175396173433288 361.292428872426
-28.856354192805441 20.423470391114343 360.77651397812031
-28.671349713670214 20.785381604301612 360.33515968
-28.486345234534987 21.147292817488896 359.89380538187976
-28.384909886245929 21.616735810019399 359.53417481187563
-28.244461100668286 22.015161563819245 359.10811019548652
-28.104012315090642 22.413587317619104 358.68204557909746
-27.836517587600696 22.394518356553217 358.14531199016437
-27.663213911360401 22.851353473188915 357.79707713836171
-27.489910235120114 23.308188589824589 357.44884228655894
-27.360730582947486 23.497214744938649 356.89424177254244
-27.132091465436666 23.760489490577264 356.40596873186462
-26.996195879139293 24.233373831454372 356.06258441396682
-26.86030029284192 24.706258172331506 355.71920009606907
-26.613118930391362 24.992681112585007 355.25351428637157
-26.423395328102561 25.229281752668623 354.73580288815185
-26.202283054640123 25.547914485438913 354.2780010269372
-25.921269916040906 25.938671010051916 353.91975396915871
-25.779045701077376 26.11963015750522 353.36565464626523
-25.435489525737474 26.428484052051697 352.98279902568572
-25.091933350397564 26.737337946598178 352.59994340510627
-25.289404983191329 26.92880996311888 352.06670478953981
-25.076315007645007 27.228459753683147 351.59257119514211
-24.86322503209869 27.528109544247407 351.11843760074441
-24.741729293895713 27.93982549615027 350.69923745696195
-24.664994160010401 28.524032734166894 350.58604018545509
-24.453317060811059 28.650110882625842 350.03895965559161
-24.241639961611721 28.77618903108479 349.49187912572813
-24.029962862412567 28.902267179543493 348.94479859586454
-23.98993049333782 29.492046880700485 348.84204980740731
-23.949898124263072 30.081826581857467 348.73930101895002
-23.762784350805841 29.9902612202713 348.17662507283165
-23.618793917852653 30.355494725362586 347.7228947101969
-23.490433061012482 30.679781280255973 347.23467168662398
-23.308201177035635 31.028639796887916 346.78180385178075
-23.125969293058777 31.37749831351988 346.32893601693752
-22.974493052158817 31.663548922238693 345.823733089695
-22.837712603756177 32.110110663833829 345.44707180965912
-22.620658087707092 32.197287515746261 344.89454349947641
-22.403603571658003 32.284464367658693 344.3420151892937
-22.277742672013559 32.671735381720772 343.90135636933434
-22.111845238868476 32.928990343860953 343.38531574483841
-21.945947805723396 33.18624530600114 342.86927512034248
-21.852216187948546 33.654136254348813 342.50555483731773
-21.564329138183592 34.143905678775887 342.31256012890839
-21.483614505010529 34.544583648718529 341.87330813700129
-21.402899871837462 34.945261618661149 341.43405614509413
-21.297920106243488 34.859558779383789 340.84956125875584
-20.994503206291554 35.026447990486773 340.35957536503952
-20.846671318701432 35.444761255837633 339.95564499351116
-20.717557833969689 35.551581914123723 339.37952082718613
-20.589591065961642 35.828439890189543 338.8628253971944
-20.325860649432489 36.146872199716945 338.42802989164454
-20.224895508916305 36.412108872046147 337.89939433849634
-20.027741021465804 36.704950607027186 337.41424093354965
-19.90221929479253 37.033784363178974 336.92832668499534
-19.76574391497541 37.465474052846901 336.53460281914749
-19.566506517582461 37.68719087847866 336.01388590112788
-19.367269120189512 37.908907704110405 335.49316898310826
-19.160344374998793 38.114372373428239 334.96879657776083
-19.009470030222047 38.519196197941397 334.5524378343739
-18.827324957773062 38.878687154422273 334.10792751414385
-18.655314724778584 39.257776499213456 333.67583522260077
-18.467793317412902 39.539804047768811 333.18056137548638
-18.290395085697888 39.773026428954019 332.65698025636664
-18.112996853982867 40.006248810139233 332.13339913724684
-17.961279724804797 40.372787988631273 331.68325366815452
-17.809562595626723 40.739327167123328 331.23310819906226
-17.595050888652722 40.846081995204692 330.68302808284966
-17.380539181678706 40.95283682328607 330.13294796663712
-17.25286844223189 41.287951524534328 329.651909174754
-17.125197702785066 41.62306622578258 329.17087038287082
-16.989269734420407 42.11610242738027 328.85712065565122
-16.853341766055753 42.609138628977952 328.54337092843156
-16.570685540495113 42.746997176758711 328.0323910081259
-16.288029314934469 42.884855724539484 327.52141108782018
-16.220352315646124 43.166165671711489 326.99578333228459
-16.063291692273332 43.429989069338056 326.48029407395762
-15.878059009297251 43.747129079490463 326.00583536435477
-15.678946107921215 44.090471055599799 325.55586832117604
-15.475890625721807 44.285289996520852 325.02594941095754
-15.305523035974497 44.640033641772831 324.5730345949965
-15.135155446227191 44.994777287024803 324.12011977903546
-14.93671687365654 45.26510713621083 323.62258193569568
-14.749501841980399 45.569664444015352 323.1407153792951
-14.562286810304263 45.874221751819874 322.65884882289453
-14.398211598986455 46.111504712863926 322.13275365904184
-14.189461060281928 46.448106850699091 321.6820628410797
-13.980710521577389 46.784708988534291 321.23137202311761
-13.85109259924387 47.069426050799919 320.7193804326937
-13.721474676910344 47.354143113065575 320.20738884226984
-13.470882131645926 47.588191859394428 319.71502255524382
-13.360905956002162 47.941988297420195 319.24307624343385
-13.258251411521048 48.357029695206116 318.82212175346933
-13.045694195052738 48.512811763697854 318.28309357529707
-12.878848430903933 48.785559265966619 317.7753817564552
-12.739150886502198 49.038036909797029 317.2493212699577
-12.59945334210046 49.29051455362746 316.7232607834602
-12.420887145829848 49.505470403462269 316.19231060107847
-12.218250160854637 49.70987180919694 315.66585232385808
-12.015613175879434 49.914273214931612 315.13939404663768
-11.94191829361837 50.270446521816929 314.66220473431929
-11.730410881719919 50.709137145476333 314.31175480718946
-11.665538103154315 51.12659962977235 313.88570716101992
-11.533768509217875 51.153140605858439 313.30095734212108
-11.347634969567819 51.141517048016382 312.73067741233183
-11.176248663440742 51.417150025686418 312.22604566967897
-11.004862357313657 51.692783003356489 311.72141392702616
-10.837599275121176 52.072531507339612 311.28803864501526
-10.722719488526105 52.56456146355616 310.96445070207329
-10.540414057635621 52.849629805814857 310.46897035926469
-10.426519899830115 53.059048517747158 309.91835985817482
-10.312625742024604 53.268467229679473 309.36774935708502
-10.055215860609236 53.618931967163419 308.95433114179929
-9.7978059791938765 53.969396704647373 308.54091292651356
-9.8252548676191935 54.120044839489211 307.96078216712147
-9.8527037560445105 54.270692974331027 307.38065140772932
-9.6864882539022421 54.720315723374412 307.01980269927901
-9.4809023974688671 55.147946796978474 306.652561469945
-9.1315027717014452 55.059125691057886 306.17294629852461
-8.9363767959343026 55.387227778593264 305.7100479579185
-8.7497468716617739 55.658670155206025 305.20856185886407
-8.5631169473892434 55.930112531818807 304.70707575980958
-8.3426403387231467 56.051759966331545 304.16247318296337
-8.1098226183364233 56.222319491861029 303.63644527750102
-7.912694196734428 56.530646931252271 303.16097227562273
-7.7155657751324274 56.838974370643527 302.68549927374448
-7.5491048548916364 56.871863646758712 302.10999162171089
-7.3826439346508419 56.904752922873875 301.5344839696773
-7.2183055432547345 57.427101810211148 301.28924014608361
-7.0373568348678761 57.893328892426837 300.95774373171116
-6.7752366598830518 57.96696214588674 300.42307452757575
-6.5131164848982381 58.04059539934665 299.88840532344028
-6.3154768113567981 58.348849181028257 299.4130968283327
-6.1277928418301766 58.678203930230289 298.94801600013096
-5.9415825675103653 58.999861991589547 298.47699389311231
-5.6994146574541347 59.2101971590901 297.96992997145003
-5.5312168313997159 59.501390194338569 297.47302343342369
-5.215979574648463 59.782557738778699 297.0469127859277
-5.0404115285430651 59.832815932757924 296.47537978152229
-4.8401121494994737 60.088660472435777 295.97097544939203
-4.637768049281938 60.446498292279976 295.53392973119276
-4.4725026932289618 60.698549364185808 295.01512570341367
-4.3072373371759802 60.950600436091655 294.49632167563459
-4.0025429319506651 61.210143592732074 294.04933323141535
-3.7381357524827363 61.38041270801309 293.53835644933304
-3.5316693419317127 61.623231692376201 293.03001545930067
-3.3988167900600161 61.906096618429629 292.51782639941172
-3.0514478136979823 62.019963369127098 292.04204372071609
-2.8455301015268262 62.408631371102089 291.63395662210235
-2.642071143601882 62.488423557298049 291.07517432150382
-2.4227360704513758 62.630653531752401 290.5351162134703
-2.1715382351818198 62.847446779074218 290.03521588793376
-1.9203403999122606 63.064240026396057 289.53531556239716
-1.7150299886103249 63.313602006039062 289.02968107176235
-1.4856458238908499 63.453342566601009 288.4931594219571
-1.2562616591713813 63.593083127162949 287.95663777215179
-1.0006200311378413 63.857570139473012 287.4826188080421
-0.85249931660184919 64.010815937312046 287.20796859474279
-0.70085682028137419 64.188322036273433 286.95623307512409
-52.759217430067373 130.49525771159219 280.78835263773851
-53.099260801679009 130.42841201100342 280.80850017533305
-87.517179013898044 172.54132778157219 268.44687509310654
-87.955410486389695 172.46968722085612 268.42588116518777
