-125.42381936720408 -83.038059969077466 265.90336508636602
-132.5004760322991 -24.722334174459505 168.6921975956555
-125.42381936720408 -83.038059969077466 265.90336508636602
-125.61833605758144 -82.679943786540719 265.46300607718155
-125.8128527479588 -82.321827604003985 265.02264706799701
-125.92402954497918 -81.885584435612699 264.62599656965341
-126.03520634199961 -81.449341267221399 264.22934607130981
-126.04627627177288 -80.949319056450207 263.89790188990025
-126.05734620154612 -80.449296845679015 263.56645770849059
-126.06080698134761 -80.331418135367912 262.97816132684392
-126.06426776114911 -80.213539425056823 262.38986494519725
-126.02752665959088 -79.851365368022044 261.91291626465897
-126.01078329874005 -79.264137417531714 261.79092038755505
-125.99403993788924 -78.676909467041384 261.66892451045112
-125.97729657703852 -78.089681516551039 261.54692863334742
-125.95206177586019 -78.345089416232526 261.00459109123011
-125.91783550644656 -77.999507166024543 260.5153043952908
-125.89928935344332 -77.958771887005014 259.9169761599116
-125.90433306456471 -77.960737399462474 259.31700057895944
-125.93336377092012 -77.674964034338103 258.79022662186401
-125.8895457387343 -77.50537278177066 258.21636358323201
-125.8457277065485 -77.335781529203217 257.64250054460001
-126.14017749911368 -77.384072039963684 257.12195530523184
-125.99478735457674 -77.052262449689721 256.6436624015904
-126.0142704847166 -76.820866363589289 256.09042080971818
-126.03375361485647 -76.589470277488857 255.5371792178459
-125.95838428695001 -76.269561782816055 255.03520509555761
-125.97850966962048 -75.878325110103575 254.58075065901062
-125.99863505229095 -75.48708843739108 254.12629622246362
-126.01876043496142 -75.095851764678571 253.67184178591668
-126.08044512446261 -74.57659967526881 253.37761013105143
-126.14212981396379 -74.057347585859048 253.08337847618617
-126.04358403806002 -73.499798156980361 252.88481522578826
-125.94503826215626 -72.942248728101674 252.68625197539041
-125.84649248625252 -72.384699299223001 252.48768872499249
-125.97568063650196 -72.68065207790049 251.98199872644773
-126.01102908647536 -72.470306694647647 251.42119099929991
-126.024391262832 -72.176381823149939 250.89828601542803
-126.03775343918866 -71.882456951652244 250.37538103155612
-125.93683040506644 -71.793426704810315 249.79066900300631
-125.83590737094418 -71.704396457968372 249.20595697445651
-125.87241909897477 -71.556213088012512 248.62569101596441
-125.90893082700534 -71.408029718056653 248.0454250574723
-125.96365436514216 -71.248338944514344 247.46966105093901
-125.9972360202582 -70.951270001293466 246.94944733003837
-126.02089124228614 -70.669952020542098 246.42001308088479
-126.03222602066558 -70.496492027209882 245.8457455878885
-126.04356079904498 -70.323032033877666 245.27147809489216
-125.99210785757475 -70.584658308956122 244.73397992093933
-126.00005544025313 -70.326959368828057 244.19219759178264
-126.01531618375739 -69.819602309813291 243.87226646735803
-126.02769191316648 -69.49019451260061 243.37093090662341
-126.05773564404947 -68.96828155531081 243.07647507080483
-126.08777937493244 -68.44636859802101 242.78201923498619
-125.97945005275844 -68.099514369181335 242.30457091119257
-125.87112073058452 -67.75266014034176 241.82712258739883
-125.96947465668093 -67.62686552530451 241.24876091850206
-126.00107182362865 -67.286345180465077 240.75576242581542
-126.01294572815095 -66.906578497956801 240.2913958925165
-126.02481963267329 -66.526811815448468 239.82702935921762
-126.01736490936719 -66.53713877099203 239.22716455687492
-126.0085485868243 -66.699001495839738 238.64947715804948
-125.99973226428145 -66.860864220687461 238.07178975922403
-126.01929588535207 -66.35544391585492 237.74903973181335
-126.03885950642268 -65.850023611022351 237.42628970440273
-126.10068547362702 -65.351010360320373 237.09893160475789
-126.16251144083137 -64.851997109618381 236.77157350511305
-126.05753650467071 -64.54343586424406 236.26781739286122
-126.11110209745468 -64.242172145698106 235.75170606847706
-126.16466769023869 -63.940908427152181 235.23559474409291
-126.15486664808573 -63.376798877561647 235.03142727451586
-126.16879053430671 -63.198190524765209 234.45879721793148
-126.25499719481948 -63.039530499804073 233.8866124504284
-126.28121439658385 -62.580132862383074 233.50155859826788
-126.30743159834819 -62.120735224962047 233.11650474610738
-126.31132334717134 -61.835407762288945 232.58870450611533
-126.31521509599452 -61.550080299615843 232.06090426612332
-126.3480371114405 -61.549209818917134 231.46180330838297
-126.38085912688651 -61.548339338218412 230.86270235064262
-126.42895912229162 -61.044206403711698 230.5409316639919
-126.45852177724173 -60.683968036579287 230.06202210230194
-126.48808443219181 -60.323729669446877 229.58311254061195
-126.50843628066289 -60.017201027195277 229.06772337333814
-126.52878812913397 -59.710672384943678 228.55233420606433
-126.56624483305507 -59.254924955042512 228.16388694391691
-126.57382365450783 -59.007145780705493 227.61749144409077
-126.58140247596059 -58.759366606368488 227.07109594426464
-126.63324482394178 -58.431084001690678 226.57155325097233
-126.68508717192296 -58.102801397012875 226.07201055768002
-126.73692951990418 -57.774518792335087 225.57246786438768
-126.8793670881129 -57.379380857677937 225.14400835433139
-126.86964089008397 -57.12143712067725 224.60237154833126
-126.85991469205506 -56.863493383676563 224.06073474233114
-126.96295575846469 -56.465348729538128 223.62385561372213
-126.93118639074949 -56.181708475581296 223.09608775413773
-127.22234556741853 -55.896035568669163 222.65606806810337
-127.163720887922 -55.640899340660098 222.1161897002174
-127.17356577520022 -55.364892856316068 221.58353268224568
-127.19400927385402 -55.095959452040496 221.04756916909619
-127.21445277250784 -54.82702604776491 220.51160565594668
-127.36469005756388 -54.459793669208921 220.06152884214808
-127.41264451848815 -54.064070505083649 219.61308314080605
-127.46059897941245 -53.668347340958391 219.164637439464
-127.53324940455391 -53.488885904187534 218.59673295062902
-127.60589982969539 -53.309424467416669 218.02882846179403
-127.64851860553358 -52.984227872852344 217.52640352727167
-127.73327796666509 -52.749671025639756 216.98069395604693
-127.81803732779656 -52.515114178427169 216.4349843848222
-127.80058443785124 -52.166454911392712 215.94699656515499
-127.88301130226196 -51.912959251575877 215.40945981061867
-127.96543816667266 -51.659463591759035 214.87192305608238
-128.02638646899803 -51.320213575818158 214.38080725392592
-128.08788723009735 -50.86301003640186 213.99716343483141
-128.16065731170639 -50.678938695482927 213.43075169706913
-128.2334273933154 -50.494867354564022 212.86433995930679
-128.31579770160968 -50.072679046567089 212.44604321666802
-128.35207946967722 -49.691527885806458 211.98408280066172
-128.36436450690474 -49.614750479281021 211.38914220891533
-128.39353079666859 -49.204693496587993 210.95210376840228
-128.42269708643238 -48.794636513894979 210.51506532788918
-128.49101672920531 -48.665409580435238 209.93314366127075
-128.55307570274985 -48.373278913463835 209.41275115823342
-128.61513467629439 -48.081148246492411 208.89235865519609
-128.68225341725775 -47.815098884464952 208.35877378699212
-128.74937215822115 -47.5490495224375 207.82518891878811
-128.81649089918449 -47.283000160410083 207.29160405058411
-128.80900767695127 -46.717118607782204 207.09230008730074
-128.8330444858166 -46.59626996403366 206.50508816888993
-128.8570812946819 -46.475421320285136 205.91787625047908
-128.95858457859481 -45.884728634209225 205.88996148787359
-129.02769001099969 -45.783156608152908 205.30267317474713
-129.08273044676673 -45.730924092184381 204.70749058536285
-129.1377708825338 -45.678691576215861 204.11230799597857
-129.19281131830084 -45.626459060247335 203.51712540659429
-129.13721710834227 -45.367614077616651 202.97869383361029
-129.15910248158909 -45.291551573033352 202.38393713895749
-129.18098785483593 -45.215489068450061 201.78918044430466
-129.1920282485425 -44.710159783441576 201.46588425901999
-129.25524213538159 -44.186358801963593 201.18016317769519
-129.28271276085076 -43.845940749225122 200.68684693621711
-129.31018338631992 -43.505522696486651 200.193530694739
-129.32012028773036 -43.214842978507576 199.66873877450206
-129.33005718914077 -42.924163260528488 199.14394685426515
-129.33560197086095 -42.720951569919855 198.57943444147367
-129.37790180387032 -42.44434888095104 198.04867868165317
-129.42020163687974 -42.167746191982225 197.51792292183274
-129.43486266441766 -41.617133388287925 197.27999311142756
-129.4960202292408 -41.507413195206865 196.69328941151153
-129.52144595082785 -41.262365449121106 196.14620154396184
-129.76113546895414 -40.983695018360564 195.67197403957167
-129.55360215663282 -40.920948843153916 195.11251640777647
-129.59166055766104 -40.498462586724415 194.68818526204316
-129.62971895868924 -40.075976330294907 194.26385411630983
-129.67174118021859 -39.77997279238221 193.74364642851495
-129.71376340174794 -39.483969254469507 193.22343874072004
-129.67475322045138 -39.77580129588857 192.70064598507363
-129.75961954161866 -39.267378610090901 192.39355629117654
-129.84448586278597 -38.75895592429324 192.08646659727941
-129.8623749664105 -38.626170198917755 191.50161795779394
-129.82977157287866 -38.24590972147805 191.03865036926584
-129.89646468950684 -37.961709863562092 190.51445339392643
-129.96315780613503 -37.67751000564612 189.99025641858705
-129.97017228903431 -37.497023195678835 189.41808921535227
-130.00120860084181 -37.235545143807158 188.87895474628286
-130.0322449126493 -36.974067091935481 188.33982027721342
-130.25101891188481 -36.677586463893356 187.86628339960595
-130.35668117059203 -36.325461808066748 187.39210651927129
-130.36500729871443 -36.077962517862566 186.84559505833118
-130.44069861957928 -35.775558656607146 186.33293266587046
-130.5163899404441 -35.473154795351718 185.82027027340973
-130.55821314319195 -35.202804639674774 185.28626501778263
-130.6000363459398 -34.93245448399783 184.75225976215552
-130.68377475139715 -34.635895740977773 184.2374386365305
-130.69804346709336 -34.279899373845403 183.75467265767435
-130.84106245879147 -34.154268294421172 183.18567142753827
-130.85243942154838 -33.780566858202334 182.71639773204021
-130.90895053275406 -33.606901700406645 182.14486741151637
-130.95656123165773 -33.285268471950459 181.64060033178305
-131.00417193056143 -32.963635243494267 181.13633325204975
-131.15391677238136 -32.697307170493396 180.61995563839872
-131.17500844890509 -32.36004254979354 180.12416564575506
-131.23185736069809 -32.079011854623189 179.59710782198235
-131.32799642290624 -31.633078002848244 179.20736395665682
-131.3256178028999 -31.505762569046549 178.62103203488999
-131.43034583104972 -31.183779247615128 178.12569499726831
-131.53507385919957 -30.861795926183696 177.6303579596466
-131.52872125560708 -30.287092053418377 177.45809332875524
-131.59047448186442 -30.141600691108028 176.87928524092311
-131.63843243935341 -29.667644541218579 176.51450365929452
-131.6863903968424 -29.19368839132914 176.1497220776659
-131.83538192752198 -29.171633901477442 175.56893371409177
-131.77513793023022 -28.730807975922829 175.16638786061759
-131.86097020502115 -28.393488925786833 174.67766638674976
-131.94680247981211 -28.056169875650841 174.18894491288191
-131.97689852206287 -27.716370759373795 173.69535521605044
-132.11637087547118 -27.427205892471164 173.18847145976707
-132.3044003530608 -27.044060403116685 172.766755382833
-132.23408087750505 -26.729462565770735 172.26070857462767
-132.26869086688399 -26.423267138993303 171.74588189577759
-132.30330085626289 -26.117071712215868 171.23105521692756
-132.37484682683825 -25.801978447248747 170.72548879353022
-132.44639279741364 -25.486885182281625 170.21992237013288
-132.46442054237545 -25.232034846340916 169.71068077864044
-132.48244828733726 -24.977184510400214 169.20143918714797
-132.5004760322991 -24.722334174459505 168.6921975956555
