-17.138735446627123 100.80716393418362 439.77313353505963
-64.726375920593924 106.98663704608899 455.36663838799586
-17.138735446627123 100.80716393418362 439.77313353505963
-16.57793010795708 100.74671867642546 439.56857610318838
-16.01712476928703 100.6862734186673 439.36401867131724
-15.462116732273216 100.59450965548123 439.15534310826297
-14.907108695259359 100.50274589229517 438.94666754520887
-14.358733414837413 100.45662964372285 438.70759047930795
-13.810358134415457 100.41051339515055 438.46851341340709
-13.246708859783473 100.30703722845331 438.29077152714365
-12.701278862313087 100.24424840465022 438.04877218527491
-12.15584886484268 100.18145958084713 437.80677284340629
-11.620477256191373 100.01886645126561 437.59011478363698
-11.077069398463671 99.967820207227618 437.34091169150253
-10.535375573537376 99.901294274671784 437.0916285185159
-9.9936817486110989 99.83476834211595 436.84234534552917
-9.4625272132112599 99.70634305159399 436.59459183036023
-8.9185424057012987 99.638617879827194 436.3506782589717
-8.3628413780197839 99.557984448036123 436.13926724338518
-7.8071403503382468 99.477351016245024 435.92785622779877
-7.3139845681480979 99.310973972700168 435.62933310662777
-6.7809251514883382 99.197020855280499 435.37860946326583
-6.2316074167281643 99.082371811665681 435.16622861884673
-5.6931250573273138 98.985932695610899 434.91978137193848
-5.1551502406290304 98.892917774579729 434.67092132881379
-4.6300153865699887 98.773996999701922 434.40617383712623
-4.1048805325109434 98.6550762248241 434.14142634543867
-3.5743470181234711 98.508113012051865 433.90281367979969
-3.0394962325575259 98.415335623452648 433.64722222191386
-2.5006755816466564 98.386546287271145 433.38484181053718
-1.9427899410528802 98.391268971943745 433.16406747265171
-1.3471353929955687 98.324340612104777 433.13730455001786
-0.75148084493825695 98.257412252265809 433.11054162738401
1.0354827992336788 98.056627172748875 433.03025285948252
1.6311373472909907 97.989698812909893 433.00348993684872
2.2267918953483012 97.922770453070925 432.97672701421487
2.7859754605437321 97.865582242567569 432.76686217915494
3.3609469519543325 97.853590315924848 432.59579500591451
3.9277756258103116 97.862546558121721 432.39926246351916
4.4947639963269896 97.8617586203287 432.20298825010116
5.0617523668436544 97.86097068253568 432.00671403668304
5.6101424767157333 97.767461772200647 431.78193776773441
6.1733910580242215 97.722927769800336 431.58002749487986
6.7223840544215889 97.66767024199315 431.34433002877705
7.2776049470662256 97.606266239526832 431.12533388987958
7.8372478548628326 97.572554223009448 430.91164412481049
8.3937686600487176 97.525502195282257 430.69239381105473
8.9502894652345795 97.478450167555053 430.47314349729885
9.496993055461509 97.369013980194623 430.25147052797467
10.052177985244427 97.312602049285175 430.03104505804657
10.607362915027352 97.256190118375727 429.81061958811853
11.158818336570526 97.195520744346453 429.58211106507059
11.710273758113704 97.134851370317165 429.35360254202271
12.260707662401868 97.056575284960815 429.12800251659854
12.811141566690035 96.978299199604464 428.90240249117443
13.36157547097819 96.900023114248157 428.67680246575026
13.910432414576215 96.779067358928643 428.46674113965884
14.476034426464313 96.67524224874856 428.29552574711414
15.012594903590431 96.599111458278713 428.0380243740525
15.560713715695865 96.511436914019185 427.81025488069344
16.108832527801326 96.423762369759629 427.58248538733449
16.677667919734674 96.325899326637014 427.41862837138825
17.22839945061083 96.215349103378003 427.20774112891922
17.776156002732908 96.161966527247301 426.9687577400133
18.32391255485496 96.108583951116628 426.72977435110727
18.872017101869282 95.94987023456423 426.5443252699007
19.423697813281073 95.839136521199336 426.33603115721235
19.993192457340079 95.794236006187106 426.15256510002536
20.562687101399082 95.74933549117489 425.96909904283837
21.120743510190909 95.683840912148128 425.75866258039787
21.668687572107547 95.560937340025632 425.54735234172068
22.216631634024154 95.438033767903136 425.33604210304338
22.771791115485474 95.48504664117516 425.1133590549901
23.331727600289817 95.480870722554158 424.89782786307433
23.877337538387515 95.346511326211314 424.687453558409
24.431365597357665 95.2838286293983 424.46581468683178
24.986302718888432 95.208217157375756 424.25057599039053
25.541239840419195 95.132605685353212 424.03533729394928
26.097899917233502 95.067749335429113 423.82104027400828
26.651885798275345 95.023100220847226 423.5949736905128
27.204704018377207 94.965797258046607 423.36890205147404
27.757522238479066 94.908494295245958 423.14283041243527
28.290630153647051 94.735131874919603 422.92895796913353
28.835783946561378 94.66295321189439 422.68896300528013
29.379632999303261 94.601153144089167 422.44318066366247
29.949521307949631 94.597606356387445 422.25552476589962
30.305723926487282 94.141105186856876 422.09827853617014
30.81611114068097 94.363527433579833 421.87459743336905
31.354989106504622 94.387208661060598 421.61182426614153
31.893867072328334 94.410889888541362 421.34905109891417
32.440108962802313 94.271348703852624 421.14375118447896
32.986350853276306 94.131807519163914 420.93845127004386
33.533597484987411 94.096732934123494 420.69495404713342
34.083719032935541 94.017996355323476 420.46875317701569
34.634741095710872 93.949781071619896 420.24132986817494
35.193514103323025 93.903086023836224 420.02780633673973
35.750948314466442 93.861868190630304 419.80970500599477
36.301080405807355 93.781770798126189 419.58400810794137
36.85891337204275 93.752352305720365 419.36501739104779
37.396719437730191 93.647360592526169 419.1205969011736
37.934525503417632 93.542368879331974 418.87617641129935
38.472331569105101 93.437377166137765 418.63175592142522
39.033378502899893 93.383268445564426 418.42608972479246
39.594425436694699 93.329159724991086 418.22042352815981
40.137733390453249 93.232408765691403 417.98493314776749
40.684512287817562 93.192960590626811 417.74105473773261
41.231291185181888 93.153512415562219 417.49717632769779
41.783427329132714 93.033124704349746 417.29555173214419
42.327347111464796 92.957625345606857 417.05378507353055
42.873983134523414 92.906395019800215 416.81178401565592
43.410790587537136 92.938307976393645 416.54566501672809
43.828419214088733 93.309813163206456 416.32755901851658
44.371281853826503 93.115367311149683 416.1617550228022
44.863922695007581 92.820635919494748 415.98728895626334
45.356563536188652 92.525904527839813 415.81282288972443
45.906834076366636 92.609846403503951 415.58886732689507
46.460367981213828 92.552224496169558 415.3646354558781
47.011107314774264 92.467489556667545 415.14213562105351
47.561846648334694 92.382754617165546 414.91963578622881
48.113080975550744 92.402725040132523 414.68353856323546
48.666500434140438 92.391715294763685 414.45200954051654
49.219919892730118 92.380705549394861 414.22048051779745
49.744836506576391 92.341437939555064 413.93252113988865
50.269753120422692 92.302170329715267 413.6445617619799
50.857944053927916 92.216249733604968 413.56301988987542
51.446134987433162 92.13032913749467 413.48147801777111
51.953384756559558 92.035237774754634 413.17544647617217
52.4887713055776 91.939256954551666 412.92217009495255
53.024157854595629 91.843276134348727 412.66889371373281
53.563796888609978 91.918820771211614 412.41773097603209
54.089479376773816 91.956872812694627 412.13100817649075
54.654248471899052 91.834785449030193 411.969358726059
55.219017567024288 91.712698085365773 411.80770927562725
55.761083714351152 91.687808067855642 411.55169212981366
56.303149861678015 91.662918050345525 411.29567498400002
56.854605205406003 91.600899332097043 411.06752879739889
57.406060549133976 91.538880613848576 410.83938261079766
57.960055977010612 91.53842354310288 410.60897241792827
58.514051404887212 91.537966472357184 410.37856222505877
59.067736308468831 91.492769102394462 410.15186810229807
59.621421212050429 91.447571732431726 409.92517397953725
60.184005892187841 91.418669235484018 409.718623444934
60.746590572325246 91.389766738536295 409.51207291033086
61.303419770457097 91.392413255081834 409.28861320466109
61.858706099932043 91.352835050804089 409.06480378116783
62.413992429406996 91.313256846526329 408.8409943576745
62.969278758881941 91.273678642248584 408.61718493418124
63.528785669031244 91.262271484398909 408.40080126047877
64.088468043052998 91.261889790830224 408.18457107174606
64.647802233214435 91.197131581917844 407.97732330192719
65.204328664593703 91.125716574813183 407.76477159542617
65.760855095972957 91.054301567708507 407.55221988892509
66.315004498228518 91.099503944756606 407.32666460725557
66.88124562560337 91.023403033577054 407.14341713254748
67.645144395263245 90.951610924544738 406.84423325290544
-28.634101756569343 102.68640629114957 443.37802256417024
-29.201109954711335 102.75475861802923 443.56195098135993
-29.768118152853326 102.82311094490885 443.74587939854962
-30.335126350995285 102.89146327178852 443.92980781573942
-30.906120029837165 102.93054087904959 444.1099165588181
-31.477113708679052 102.96961848631068 444.29002530189666
-32.037802135679506 103.07249005926762 444.47723087688075
-32.593272881367938 103.18632725014523 444.673428085468
-33.143131657742721 103.29858384357649 444.88568685036319
-33.704670418139514 103.37238913076507 445.08374492304648
-34.266209178536286 103.44619441795369 445.28180299572989
-34.820841377383445 103.51788179645466 445.49915994585024
-35.375473576230647 103.58956917495561 445.71651689597059
-35.925023486010687 103.56665521375253 445.95624559062918
-36.464239118984786 103.69706427155957 446.18480625828272
-37.00365754360277 103.78424978480901 446.43264985707458
-37.553873235355809 103.85975816483389 446.65972072067171
-38.118190088665685 103.90102621265532 446.85932893017082
-38.677409097944597 103.94191634882903 447.07287540385931
-39.236628107223503 103.98280648500273 447.28642187754787
-39.79069103374529 104.04449169740903 447.50825336319519
-40.344753960267099 104.10617690981535 447.73008484884247
-40.904793137893314 104.12585053727655 447.94448883179587
-41.458955619652194 104.15606761386576 448.17250390167771
-42.013791462809465 104.1762582932848 448.39998911792827
-42.565678348794442 104.22408157953177 448.63049681491549
-43.117565234779434 104.27190486577874 448.86100451190271
-43.662114031749056 104.30399173062736 449.11087856182212
-44.207883116143051 104.37459855316862 449.34994086150647
-44.753652200537047 104.44520537570993 449.58900316119082
-45.298309114332383 104.56531935640535 449.81018516293699
-45.861080555049327 104.67112452146637 449.98933195347416
-46.42738866326242 104.77292584501257 450.15942491951438
-46.993696771475513 104.87472716855874 450.32951788555454
-47.562998808156173 104.97435975377796 450.49066545455196
-48.13230084483682 105.07399233899716 450.65181302354949
-48.693741916247049 105.17272048095165 450.83899389148189
-49.255182987657271 105.27144862290611 451.0261747594144
-49.823908488647703 105.3680333863437 451.19116775318952
-50.392633989638128 105.46461814978132 451.35616074696475
-50.956251563734625 105.61303578261079 451.49866490983334
-51.535868142760549 105.6891761914263 451.63374732713362
-52.112144599024944 105.81181743522586 451.74716942054863
-52.688421055289304 105.93445867902535 451.86059151396393
-53.253495686751634 106.05387418439757 452.02316641348534
-53.818240402013217 106.21359679524244 452.14787444918886
-54.382985117274799 106.37331940608733 452.27258248489227
-54.962329317998339 106.50550738385911 452.35556824042061
-55.535985904798601 106.6039415362679 452.50126943485719
-56.118153900010711 106.68707293285247 452.62030554808598
-56.687150077773182 106.8095903972262 452.76602040873894
-57.261253558664237 106.91441275887863 452.90536697570917
-57.835357039555277 107.01923512053106 453.04471354267946
-58.416584518733522 107.08606746434748 453.17778515974368
-58.980506461996171 107.21002998524236 453.34095787596868
-59.544428405258792 107.33399250613726 453.5041305921938
-60.115748789900621 107.31088581889355 453.68595220558819
-60.687069174542444 107.28777913164988 453.86777381898264
-61.25194703967086 107.25986823814003 454.06810848775331
-61.830629164322815 107.2852538462751 454.2245775566069
-62.408168912258667 107.28187800029141 454.38717043227524
-62.976783535997129 107.26025685877198 454.57745951738042
-63.545398159735598 107.23863571725255 454.7677486024856
-64.059035002626743 107.19100143158683 455.07419299948759
-64.726375920593924 106.98663704608899 455.36663838799586
