-66.846414687016704 -0.45193050409809776 344.36899818468817
-177.17958346876804 56.882634791531608 486.81292577924904
-66.846414687016704 -0.45193050409809776 344.36899818468817
-67.111836372944552 -0.21378644433382599 344.85153184718047
-67.3772580588724 0.024357615430443992 345.33406550967277
-67.642679744800247 0.26250167519471379 345.81659917216501
-67.908101430728095 0.50064573495898634 346.29913283465731
-68.173523116655929 0.73878979472325934 346.78166649714956
-68.438944802583791 0.97693385448752801 347.26420015964186
-68.541682757550731 1.0844140618887155 347.84548573285542
-68.624545622955267 1.1756924640892081 348.43268416509846
-68.932941536358769 1.1063773343160785 348.94267178590951
-69.287321524754702 1.0139351624915383 349.41792884129416
-69.413571734916161 1.3078902545311517 349.92552246644937
-69.562597349779168 1.5985131069427734 350.42884117638454
-69.711622964642061 1.8891359593542958 350.93215988631982
-70.084355159927924 2.1242025048476472 351.33936306630153
-70.341762403892915 2.3951938670754709 351.80872986567306
-70.599169647857906 2.666185229303303 352.27809666504459
-70.187320500916073 2.8843477210801769 352.65596622897505
-70.554422796450908 3.1216429842982345 353.06697336111188
-71.086976623105159 3.2598335186736356 353.30632623434497
-71.619530449759409 3.398024053049034 353.54567910757817
-72.011544539647687 2.9980110732469072 353.33047090764404
-72.425181652116478 3.0922115431304618 353.75477104983372
-72.737122447877113 3.2312108626146951 354.24809865814603
-73.049063243637733 3.3702101820989276 354.74142626645835
-73.361004039398352 3.5092095015831566 355.23475387477066
-73.739284051475551 3.6123211241381825 355.68892589697919
-73.819019817680797 4.1472356577808176 355.9487501631391
-74.103241409924223 4.4151220618370992 356.40422240271511
-74.426476816397539 4.5004304079178103 356.90246065705833
-74.749712222870841 4.5857387539985197 357.40069891140161
-75.024710487892975 4.671239283741528 357.92706913628945
-75.301493227960492 4.9145137833877524 358.40057608726545
-75.578275968028038 5.1577882830339883 358.87408303824145
-75.820803456787971 5.2360357151861141 359.41727522942006
-76.181642741135065 5.4308539356128085 359.85527165847128
-76.542482025482116 5.6256721560394816 360.29326808752262
-76.746665210818747 5.9266933798998878 360.77044253110836
-76.950848396155379 6.2277146037602744 361.2476169746941
-77.408776290016462 6.1624818930362171 361.62977759207314
-77.363404730000155 6.6159764533053362 362.02001355318896
-77.432168891391683 6.8903257506341546 362.54916755077693
-77.937414427679272 6.8865572807898232 362.87276104066279
-78.285891143668067 6.9330743647763668 363.35897101517077
-78.600677492392833 7.0037590391978188 363.86484968783691
-78.915463841117599 7.0744437136192673 364.37072836050299
-79.099284158507686 7.5881183973744628 364.62042499681121
-79.353831838434189 7.7111844355476347 365.14963216691797
-79.608379518360707 7.8342504737208074 365.67883933702467
-79.862927198287224 7.9573165118939837 366.20804650713143
-80.241755952555138 8.1832682691515721 366.61478300454962
-80.483015976828682 8.4105098425697626 367.11493784857095
-80.81497911919368 8.5480258956726995 367.59544779357742
-81.063676155109434 8.7618673884278397 368.0978635579628
-81.363708389644529 8.953291199305923 368.58091384816953
-81.66374062417961 9.1447150101840045 369.06396413837626
-81.963772858714677 9.3361388210620735 369.547014428583
-82.179249130037491 9.7175015738999431 369.9570539720965
-82.483638918744518 9.789390893024434 370.46908793808575
-82.807469128407178 9.9570648556375474 370.94555350617168
-83.080424832186083 10.186317182924656 371.42819058950448
-83.363522060383531 10.366759650057066 371.92547971611202
-83.653721897438203 10.581059835409262 372.40491634918408
-83.943921734492903 10.795360020761468 372.88435298225608
-84.207540409405084 10.977016439007695 373.39180361034471
-84.471159084317264 11.158672857253931 373.89925423843329
-84.752297396179443 11.370414636191953 374.38518290465441
-84.97745778407662 11.639437408976729 374.871936998058
-85.202618171973768 11.908460181761502 375.35869109146165
-85.562877547821657 12.126457354981634 375.78611408403657
-85.865767674515709 12.338071151105209 376.25884780659237
-86.151652872633591 12.591162474640658 376.7216808601313
-86.39456190035574 12.88007455183571 377.18807663187664
-86.637470928077917 13.168986629030764 377.65447240362198
-86.982307661443357 13.517373744134437 378.00046957897399
-87.286919974622066 13.550250168755202 378.51634793611265
-87.562939378203353 13.659059396454088 379.0378590489513
-87.83895878178464 13.767868624152978 379.55937016178996
-88.153423968497322 13.854562264112346 380.06295318288613
-88.397059555202787 14.179958968260527 380.50426790711384
-88.646839555040515 14.475666576102839 380.96270761126834
-88.977474394154669 14.654646134376572 381.43030457542028
-89.276896376809489 14.875324736148642 381.90109904333912
-89.58273908039456 15.057285999344694 382.38416253746789
-89.888581783979618 15.239247262540744 382.8672260315966
-90.15063465369181 15.494601182773375 383.34274960503689
-90.430138472961843 15.701358657224612 383.83175774584032
-90.733396901618121 15.886747902543686 384.3151469815179
-91.036655330274414 16.072137147862762 384.79853621719548
-91.278418885850826 16.304992600854245 385.29585776429269
-91.582549157252572 16.521388634142379 385.76562103956473
-91.886679428654318 16.737784667430518 386.23538431483672
-92.174800727631933 16.990074051234554 386.69726761600185
-92.462922026609533 17.242363435038591 387.15915091716704
-92.688485037146705 17.504683477529511 387.64936467012069
-92.914048047683877 17.767003520020417 388.13957842307445
-93.37490895693648 17.71089792576818 388.51965655269584
-93.592468946809305 17.977144292570831 389.01136838189143
-93.81002893668213 18.243390659373475 389.50308021108708
-94.093778853133159 18.443811728021036 389.99228096758304
-94.37752876958416 18.644232796668586 390.481481724079
-94.62737051957069 18.976868906081997 390.9138384271356
-94.90060471152367 19.23081569893251 391.3837895977361
-95.336382939546638 19.35151055345564 391.77816262936074
-95.511617973326068 19.663241110498525 392.25994758423383
-95.710767769167347 19.849034478831268 392.79456911681547
-95.999141971043599 19.969843846732079 393.30666814661305
-96.287516172919865 20.090653214632887 393.81876717641063
-96.540411944547003 20.366838227865021 394.28755877953409
-96.793307716174127 20.643023241097143 394.75635038265762
-97.086026912047501 20.820330062857106 395.2491766840302
-97.378746107920861 20.997636884617073 395.74200298540285
-97.643716954962812 21.285191496446636 396.19708846686041
-97.93390703648241 21.485474896245371 396.68255347729132
-98.224097118001993 21.685758296044096 397.16801848772229
-98.428376549612636 21.992223092668233 397.64167368113937
-98.697997600920104 22.060376809782703 398.17333105157201
-98.967618652227571 22.128530526897165 398.70498842200465
-99.277356300153357 22.343986674974694 399.17150877280721
-99.56475952505356 22.493980888434656 399.67638610666711
-99.824075884879747 22.794533292220322 400.12630085204137
-100.08339224470595 23.095085696006002 400.57621559741557
-100.38123850970683 23.22272102621146 401.0811877005147
-100.71067541086903 23.259027329919178 401.58134085752135
-101.04011231203124 23.295333633626903 402.081494014528
-101.26526177155607 23.686391886327797 402.4769445978759
-101.4904112310809 24.077450139028674 402.87239518122385
-101.82333656093192 24.113911791910912 403.37022172994608
-102.15626189078294 24.150373444793154 403.86804827866831
-102.38104103357431 24.497669668242491 404.30262815641674
-102.69553333072636 24.665456319244814 404.78526905271281
-103.01002562787842 24.833242970247138 405.26790994900881
-103.34447428224519 25.023832181935287 405.72814885433985
-103.63589260970517 25.220483802008637 406.21436228354867
-103.92731093716512 25.417135422081994 406.70057571275743
-104.23183436129113 25.646952454185747 407.16366276279621
-104.53635778541715 25.876769486289504 407.62674981283493
-104.87254172247883 25.954825846567928 408.11755279273808
-105.19997222424232 26.115929715546223 408.59382457430308
-105.46244446234644 26.376789343284592 409.06611746948658
-105.76198985141494 26.606252798041016 409.53261407485377
-106.10271486755464 26.841076258501722 409.96708433366769
-106.37774741497269 26.954346565897204 410.48816679866076
-106.71905499934257 27.108215778618113 410.95703074292203
-107.00211986365919 27.346669727668278 411.42927432072037
-107.32574661431256 27.542565792102078 411.89498931747369
-107.65481641028543 27.704359059707361 412.36989563237796
-107.96788202246175 27.955913608695049 412.81566489035367
-108.23910888903595 28.170329682678762 413.30603386782451
-108.56066068562298 28.32534200243315 413.78829481672665
-108.88221248221001 28.480354322187516 414.27055576562879
-109.19478256956806 28.693002899769699 414.73647477462202
-109.5073526569261 28.905651477351864 415.20239378361532
-109.82396556565098 29.0092482984413 415.70141679379515
-110.13711396723841 29.170906609673288 416.18701402298086
-110.45026236882575 29.33256492090527 416.67261125216663
-110.8009142292658 29.523289152749477 417.12057055852983
-111.14425690865869 29.660548784453049 417.59309103217294
-111.48759958805158 29.79780841615662 418.06561150581604
-111.75522177937469 30.084088880581788 418.51994822940321
-112.08566982682051 30.206310752842974 419.00560850354577
-112.42819105642396 30.40539297682734 419.45621417968005
-112.74158466238794 30.602657099579648 419.92830666385623
-113.10781553554537 30.746033682306354 420.38142707067101
-113.47404640870279 30.889410265033064 420.83454747748573
-113.7236750146883 31.138458304098414 421.31999637625006
-114.05440992861357 31.23309160335581 421.81158457320197
-114.39397151475393 31.366437527565079 422.28794241528567
-114.73353310089431 31.499783451774356 422.76430025736937
-115.00302450508302 31.840528744148411 423.17814446572959
-115.33242366552538 31.896867345935522 423.67646379612779
-115.68405367580201 32.079125662757754 424.12717239580388
-115.99072510573194 32.345074771528139 424.56901366323939
-116.29739653566189 32.611023880298553 425.01085493067478
-116.63971131235174 32.779971118787067 425.47375602623072
-116.9820260890416 32.948918357275588 425.93665712178665
-117.28022440265613 33.004722244304297 426.45430921726194
-117.60381669752394 33.2205226187383 426.91116611509352
-117.92740899239172 33.43632299317229 427.36802301292516
-118.2931666811605 33.587211044513921 427.81908188831602
-118.6124652635599 33.775136499250308 428.29102726517641
-118.93176384595931 33.963061953986696 428.76297264203674
-119.22922407338199 34.229530798085484 429.21075804624991
-119.55915469099382 34.504739442959696 429.62957302848997
-119.88440109378033 34.658929517548557 430.10961489996862
-120.2096474965668 34.813119592137411 430.58965677144727
-120.56791075000201 34.954020552307625 431.0498679845453
-120.88048947668926 35.112260675223453 431.53695586483201
-121.19306820337651 35.270500798139302 432.0240437451186
-121.52053587999812 35.447277397486125 432.49469749756452
-121.85246322157863 35.680010739016048 432.93703157001607
-122.24827433581592 35.857002093157519 433.35176958660657
-122.5659749816393 35.947266690024769 433.85268734651908
-122.88938720626891 36.120308530718304 434.32751474076832
-123.19922303385506 36.349344814451349 434.78745402010611
-123.52992874727984 36.463390271600218 435.27492439337192
-123.85227369338944 36.636607978162807 435.75041294407617
-124.17461863949907 36.809825684725432 436.22590149478037
-124.57589456266717 36.943715152250505 436.65140266278286
-124.97717048583529 37.07760461977557 437.07690383078523
-125.21601090863744 37.276026016953807 437.5903083511954
-125.45485133143958 37.474447414132051 438.10371287160552
-125.80296289653363 37.64329208483197 438.56230835285669
-126.26226959968203 37.687889124238325 438.94577733011448
-126.62726349656884 37.860842830478752 439.38947370234791
-126.99225739345566 38.033796536719194 439.83317007458129
-127.35991891987328 38.064515882564152 440.30633106598179
-127.70950334982145 38.256363432577999 440.75464484436861
-128.05908777976961 38.448210982591846 441.20295862275543
-128.44645746340177 38.559971358506836 441.64731697653986
-128.84657495127252 38.63014515546493 442.08888422410303
-129.25060596409747 38.728380215778074 442.52144498700329
-129.65681085236196 38.838963682990119 442.94895976514482
-130.06301574062647 38.949547150202179 443.37647454328624
-130.46680052690229 39.035307109659684 443.81190889623286
-130.86173200194878 39.138789653707136 444.25159116002686
-131.25666347699527 39.242272197754588 444.69127342382092
-131.67125080185505 39.345026190361018 445.1126508877046
-132.08115274602349 39.426713770677495 445.54312450523412
-132.4910546901919 39.508401350993964 445.97359812276375
-132.83549108021907 39.559247385875864 446.46224754101956
-133.31510072009303 39.671397470833945 446.80487992679753
-133.70101035628275 39.762090590805187 447.25526699442469
-134.08691999247245 39.852783710776443 447.70565406205185
-134.51330729938275 39.976877606075689 448.10913215272751
-134.92750238054674 40.064018540285367 448.53439547388814
-135.33016730838943 40.1854996711523 448.96230117696859
-135.73283223623213 40.306980802019254 449.39020688004894
-136.14753550939213 40.452650807854106 449.79862020577485
-136.54057982985535 40.552019200329866 450.24093466939593
-136.95558823747268 40.670922258567792 450.65762410332553
-137.32106580892975 40.814629282515128 451.11124777558052
-137.68654338038678 40.958336306462471 451.56487144783551
-138.12447394777467 40.991606202826134 451.97366226493307
-138.48201710944016 41.181627463525373 452.41644303238854
-138.87751287786153 41.296328214437061 452.85282226528244
-139.2957061299764 41.390707838078853 453.27259231010083
-139.67854825116109 41.51075195334721 453.71871036693813
-140.06589962241935 41.614454950352112 454.16503379629904
-140.45325099367761 41.718157947357014 454.61135722566007
-140.83041304206009 41.833920671347983 455.06340565336893
-141.25694951743233 41.940322498595911 455.47175022151612
-141.64226175854779 42.033020769472863 455.92224051821847
-142.06421905064821 42.073919573934333 456.3468336545701
-142.46281947111532 42.192917545152 456.77921911645518
-142.86775479498607 42.307228111021551 457.20695791293292
-143.27269011885681 42.421538676891103 457.63469670941078
-143.66810138176422 42.522103689706952 458.07462467097196
-144.07737897209807 42.69757753671432 458.4767450299031
-144.48665656243193 42.87305138372168 458.8788653888343
-144.93120370216042 42.849438835966836 459.28113431399225
-145.33426755702266 43.005843881968211 459.69715954218026
-145.73733141188492 43.162248927969586 460.11318477036832
-146.10262202993488 43.350525351757852 460.55035150356082
-146.51291953919613 43.475957889989402 460.96978282362022
-146.94243353038445 43.597433592823776 461.37073342530874
-147.3389023390601 43.735348268116496 461.79944314771575
-147.76003072330494 43.836935913018316 462.2145706394416
-148.16114505284924 43.935096537779771 462.64985420952053
-148.58594988450474 44.043686204992035 463.05942610696576
-149.01557973541537 44.119581271893942 463.47132188264993
-149.44239331588957 44.231193493322337 463.8779825268615
-149.82305944068528 44.384153459026336 464.31581417295945
-150.27876843001241 44.461789967961472 464.69830847295208
-150.73447741933956 44.539426476896608 465.08080277294465
-151.11127707691833 44.75925998377766 465.49274360279878
-151.54247554438706 44.903484176556972 465.88423723476456
-151.9801964596692 44.986643235916503 466.28608916168668
-152.41284210017264 45.075262578316753 466.69224721208809
-152.8630053913912 45.173997592209801 467.07644040342655
-153.31316868260981 45.272732606102856 467.46063359476494
-153.74262718036402 45.399640711225217 467.85995768815394
-154.1637075721342 45.574567693427305 468.24994724514789
-154.58478796390455 45.749494675629435 468.63993680214162
-155.03787408364389 45.856565754502917 469.01841897103259
-155.4909602033832 45.963636833376384 469.39690113992356
-155.89835835742809 46.138624725789157 469.80113619727234
-156.34309071866443 46.214703910427708 470.19664230915168
-156.78782307990082 46.290783095066274 470.59214842103091
-157.18496315140447 46.435008713166532 471.01815163074855
-157.60513073046141 46.577581124252795 471.42204804458072
-158.03927808421628 46.68089537539376 471.82309946365166
-158.47342543797117 46.784209626534725 472.22415088272265
-158.86026322531467 46.803142071357236 472.682406366941
-159.32708972232768 46.901430413414936 473.04629154594949
-159.79391621934062 46.999718755472621 473.41017672495821
-160.1797255493384 47.054565797774586 473.86640360145429
-160.63865267687328 47.183310267803911 474.23083569807784
-161.04316886166981 47.367024491310318 474.63409211813723
-161.50444717141124 47.442332149885274 475.01032486195692
-161.9572371241631 47.506694326613356 475.39870453301836
-162.39871826882026 47.644205792867304 475.78104599762935
-162.83721942132777 47.798201402088381 476.16052207275169
-163.28535908004511 47.96871826276265 476.52120870476136
-163.78390291977897 48.047128223014468 476.84571743807493
-164.21089474495724 48.26721263662246 477.20521824769531
-164.63788657013552 48.487297050230438 477.56471905731576
-165.09501142974847 48.613002404880135 477.93246221025845
-165.51190387828495 48.901692595806715 478.25317806583161
-165.92879632682144 49.190382786733281 478.57389392140487
-166.40569927435001 49.318258322128877 478.9147918916039
-166.8161336282221 49.623244208209258 479.2286823987132
-167.23842263772588 49.906184569180589 479.54745621286008
-167.6607116472297 50.189124930151934 479.86623002700691
-168.10001139150148 50.480016806572095 480.15327993715408
-168.55672869486406 50.728540693819134 480.45268799028037
-168.98871396928229 51.022770185863166 480.74733647355714
-169.42797304666095 51.312243043446301 481.03587923930098
-169.86723212403965 51.601715901029444 481.32442200504477
-170.28598577508302 51.880562168014833 481.65136257934864
-170.70540579037115 52.176181708571036 481.96232228416113
-171.16239523498396 52.294698990133256 482.33261176751648
-171.59906494815064 52.56317490126581 482.64444545194539
-172.02285544883881 52.857807388697061 482.9503756872549
-172.42608326274339 53.121821318376973 483.30773261670885
-172.80260296500327 53.491373446204399 483.59350199685366
-173.24569737255686 53.666337860493613 483.95826877128246
-173.66002728328149 53.937952820932175 484.29673005170446
-174.03024599061044 54.316919180833068 484.5783727452137
-174.40046469793938 54.695885540733983 484.860015438723
-174.86720676049003 54.872891880592292 485.19291272422697
-175.25714483530697 55.241180403855239 485.46182137310399
-175.64944233482669 55.582423054525613 485.76124769999268
-176.02099927088335 55.951674962350964 486.05381986516824
-176.39255620694001 56.320926870176308 486.34639203034385
-176.76411314299671 56.69017877800168 486.63896419551941
-177.17958346876804 56.882634791531608 486.81292577924904
