94.355946815010796 -194.45007603902701 439.39832759373724
-18.20017800761584 -37.298943134688535 269.35209965521636
94.355946815010796 -194.45007603902701 439.39832759373724
93.992313546793156 -194.07279567250791 439.1060428502343
93.628680278575501 -193.69551530598878 438.81375810673137
93.566103930850346 -193.40849899373447 438.29058907362133
93.503527583125205 -193.12148268148019 437.7674200405113
93.362436962208207 -192.66397818847764 437.40578061294326
93.221346341291195 -192.20647369547504 437.04414118537522
93.09966643432179 -191.88404428843921 436.55298614089497
92.977986527352371 -191.56161488140339 436.06183109641472
92.870279340216186 -191.09613878608081 435.69888321238386
92.762572153080001 -190.63066269075824 435.335935328353
92.600273480507312 -190.51356006373638 434.77029753291697
92.458796547546314 -190.04895426909496 434.41798271201731
92.356031178109916 -189.71866790981187 433.92772747266127
92.328838302533654 -189.34059481476726 433.46262395480608
92.197698823127681 -189.06489137173349 432.94610672523822
92.020449019977036 -188.67503016189863 432.52587970998439
91.964253111758381 -188.35156679888138 432.02367111519033
91.908057203539727 -188.02810343586418 431.5214625203962
91.597527197773488 -187.7068488758344 431.12100450364676
91.488637045981633 -187.32210170241331 430.67366509404008
91.379746894189765 -186.93735452899216 430.2263256844335
91.275414012722479 -186.6981452002143 429.68605395014566
91.085184136803818 -186.26901633542209 429.31234147817003
90.894954260885157 -185.83988747062986 428.93862900619445
90.753844798043701 -185.34867204804112 428.6243114468574
90.531085870890394 -184.94607733303218 428.2392193074669
90.358501831030821 -184.51196710113996 427.86270495747186
90.136245324695423 -184.17475653118154 427.41898085749546
89.961495589382281 -183.68509137588325 427.11949702538641
89.81557294297707 -183.36019526112142 426.63664187538927
89.610284691064606 -183.02135057465352 426.18604115182217
89.435333785154498 -182.60101957446031 425.79525472575568
89.260382879244403 -182.18068857426712 425.40446829968926
89.11130997243248 -181.69333682931796 425.08782094828769
88.962237065620542 -181.20598508436873 424.77117359688611
88.839337386566854 -180.94927129932682 424.24297505328911
88.64987118900477 -180.48041503550203 423.92005654367159
88.517110173715167 -180.07687457740769 423.49634719576869
88.330576153735251 -179.62594266894203 423.14725483933898
88.194253758534757 -179.18412036796627 422.76488164607451
87.966255498954126 -178.78532911615017 422.37889935230561
87.765064915842146 -178.37546685282319 421.98962403281109
87.56387433273018 -177.96560458949625 421.60034871331652
87.374525374898582 -177.47682410038291 421.30838877491703
87.122760756828413 -177.07816684664601 420.9373268243873
86.896579592318162 -176.66027791442872 420.57097873697438
86.67155650289412 -176.20111905768354 420.25707149988273
86.421276159056305 -175.78112312565491 419.9092739056303
86.135475879100753 -175.40859898724108 419.53571806472246
85.923708717225011 -174.94437878234868 419.22003741830787
85.711941555349313 -174.48015857745639 418.90435677189305
85.437458686572342 -174.01649313428052 418.64039936708593
85.195661840858278 -173.60513925162164 418.27663808736509
84.929730376191344 -173.16610651727575 417.96594416358658
84.670141505607631 -172.75947137719794 417.60920689174219
84.410552635023905 -172.35283623712013 417.25246961989779
84.034703687838103 -172.00039583253127 416.94502315282989
83.810988919037413 -171.5800081044122 416.58002197438338
83.534776092112452 -171.21667703204986 416.19053897591209
83.258563265187504 -170.85334595968754 415.80105597744085
83.094613585548444 -170.32117646293767 415.57763679904463
82.843606779446219 -169.9338779785179 415.19423691999339
82.613484330787216 -169.6370028348361 414.72636000488956
82.383361882128256 -169.34012769115432 414.25848308978567
82.155432350372024 -168.78740041433289 414.20807787169304
81.927502818615793 -168.23467313751149 414.15767265360034
81.680742376967387 -168.11633498022351 413.6237200667847
81.421348698218537 -167.68408376260587 413.29833751609522
81.161955019469687 -167.25183254498819 412.97295496540573
80.87943037567554 -166.84859375090778 412.63005804124697
80.603233614188312 -166.45739180931463 412.26856614667986
80.32903136534874 -166.02627261450326 411.95400396427942
80.054829116509154 -165.59515341969188 411.63944178187893
79.764592603129259 -165.16486271259865 411.33842239099141
79.474356089749364 -164.73457200550541 411.03740300010395
79.186638816466953 -164.33965611661893 410.6891786308247
78.889687658160568 -163.90353377280195 410.40349119532203
78.598132531569462 -163.46201144582926 410.12055367051653
78.30657740497837 -163.02048911885657 409.83761614571102
78.03834902871418 -162.58716658992606 409.52093787981971
77.734749203128501 -162.20107150164273 409.17632544721198
77.472786771687439 -161.78157978551513 408.83661618237829
77.210824340246376 -161.36208806938754 408.49690691754466
76.940738898835193 -160.9559624216875 408.14745618765852
76.670653457424024 -160.54983677398749 407.79800545777232
76.422330894437764 -160.16539629399745 407.41000877987813
76.157906173768296 -159.74799282951474 407.06963558037984
75.940912523930407 -159.3199108103461 406.70955289432766
75.723918874092533 -158.89182879117749 406.34947020827548
75.470065147368658 -158.63366826653768 405.87102331577216
75.298176698268307 -158.13252804868625 405.58939795626469
75.12628824916797 -157.63138783083483 405.30777259675722
74.872994803595404 -157.26692986465656 404.90402413382623
74.617800959007937 -156.86214871831453 404.54204578467989
74.395244341102469 -156.42177028988198 404.20067298025958
74.121881164330134 -156.11223081611891 403.76540537548362
73.906981955348385 -155.66001104225299 403.43477626892513
73.692082746366651 -155.2077912683871 403.10414716236659
73.4312256520126 -154.79639647753768 402.75385028486534
73.181465735055184 -154.43609115990407 402.34421622626382
72.931705818097768 -154.07578584227048 401.93458216766226
72.650122374550079 -153.66611296682055 401.59860761588726
72.368538931002391 -153.25644009137062 401.26263306411226
72.142359140309694 -152.88449824214612 400.84971423058965
71.901344625970154 -152.51976867903448 400.43875881978443
71.685561384938907 -152.17103946901545 400.00077990365997
71.420243182601027 -151.72242911850034 399.70353420576191
71.151466001915324 -151.34735642441541 399.32002501252856
70.905078777800696 -150.97001168490047 398.92391355933199
70.65869155368604 -150.59266694538553 398.52780210613548
70.386233834942715 -150.22337259826674 398.14129405100169
70.113776116199375 -149.85407825114794 397.75478599586791
69.920342955441654 -149.46830004463649 397.33794215496334
69.705072452359204 -149.06638432389053 396.94791348432506
69.489801949276767 -148.66446860314454 396.55788481368677
69.19155189349803 -148.35438903962401 396.1396772473816
68.971835313338502 -147.92692993023348 395.78050690589714
68.7172888762382 -147.59083125741898 395.3536066909852
68.468235149264771 -147.22088166613045 394.95222216090696
68.219181422291371 -146.85093207484195 394.55083763082877
67.956956354318933 -146.46980672305185 394.16876240269983
67.720460027671137 -146.15866731131703 393.7135023078668
67.488947341868283 -145.75953451854031 393.32997279134605
67.257434656065399 -145.36040172576364 392.94644327482536
66.997640843334665 -144.97864614148108 392.56333774271195
66.730098007956258 -144.63466377116623 392.15090961545786
66.46795681572145 -144.30899172703124 391.72053801439358
66.205815623486671 -143.98331968289625 391.2901664133293
65.986507896638187 -143.63633707393311 390.85255106850957
65.767200169789717 -143.28935446496993 390.41493572368984
65.522019140229844 -142.96690488533204 389.97231564807726
65.310040522530741 -142.54914214163821 389.59742985797607
65.080457381237181 -142.1738476221467 389.18945240164618
64.850874239943622 -141.79855310265518 388.78147494531629
64.723896036015844 -141.65109973142273 388.21390641285569
64.391777219899382 -141.22220925237943 387.95748868927285
64.21159407732155 -140.75304324524433 387.62974291450269
63.94230373384913 -140.49858708516535 387.1577950640887
63.713985013520038 -140.17289649953267 386.70857773987075
63.505493088391141 -139.77806177134551 386.3077827117412
63.208633071880982 -139.5131093714844 385.85870103052332
62.98564588201905 -139.10399505356003 385.48067697305248
62.762658692157117 -138.69488073563562 385.10265291558164
62.537313803315008 -138.35414224060204 384.66320216854052
62.311968914472914 -138.0134037455685 384.2237514214994
62.05551531728689 -137.66744149080461 383.80596957559288
61.81703178945228 -137.29027987749834 383.40487766044151
61.578548261617676 -136.91311826419206 383.0037857452902
61.346765245040274 -136.56378991139451 382.57454649363905
61.14203617645309 -136.20910704813301 382.13604213221942
60.900268604476786 -135.81620370168417 381.75240766884315
60.679953914063788 -135.49987716220218 381.29262624511273
60.37853521781706 -135.15314144631287 380.90672326134654
60.077116521570304 -134.80640573042351 380.52082027758041
59.915417864976085 -134.42545586437421 380.08638875937226
59.672892529775538 -134.06049470531511 379.67652925397545
59.400278602611614 -133.68062385943009 379.30052421788838
59.127664675447683 -133.30075301354503 378.92451918180126
58.977396681128234 -132.87936756311825 378.52470193348421
58.753359703009153 -132.57673249274606 378.05756228989134
58.529322724890093 -132.27409742237387 377.59042264629841
58.260955948207894 -131.93244561245524 377.17659500832281
57.992589171525687 -131.59079380253661 376.76276737034709
57.821864557432583 -131.14342713367444 376.40122045812967
57.622151178831608 -130.86159525383184 375.91062351774769
57.331272850673187 -130.50721124340197 375.52358117980594
57.169889479175922 -130.20639576939527 375.03015898938247
56.896154455891931 -129.8588272430375 374.62486248494008
56.62241943260792 -129.51125871667972 374.21956598049775
56.451291097685171 -129.06331009217416 373.85893164659404
56.228645784825645 -128.75822973983458 373.39271812976079
56.006000471966125 -128.45314938749499 372.92650461292754
55.784868284008311 -128.03619494776765 372.55603254833875
55.568673296878238 -127.66673134406967 372.13560850872835
55.251002433167379 -127.31152096462411 371.77103916185001
55.025530092085503 -127.01123536081282 371.30307465512885
54.8000577510036 -126.71094975700153 370.83511014840775
54.53813011824294 -126.32689656448606 370.45577248811668
54.276202485482258 -125.94284337197061 370.07643482782566
54.100248336285219 -125.56565339433999 369.64426835740556
53.89271722797654 -125.25300317962737 369.1761009916865
53.685186119667875 -124.94035296491477 368.70793362596743
53.5273510413057 -124.55743327499712 368.27381313680365
53.230749235805959 -124.22128297353552 367.87502704903034
52.934147430306211 -123.88513267207391 367.47624096125702
52.708612230239666 -123.59548846491364 367.00164628493894
52.568180786257962 -123.14604315027084 366.62978889468451
52.29958342422627 -122.84724581565843 366.18417066128495
52.047426002863631 -122.49301998329568 365.77072091278018
51.795268581500999 -122.13879415093291 365.3572711642754
51.57498047712896 -121.78876432571174 364.92258475716358
51.354692372756936 -121.43873450049057 364.48789835005175
51.093403955808157 -121.09770268935597 364.06905987645757
50.853717355761987 -120.72215460969933 363.6671718651603
50.578956794893728 -120.32362705442185 363.31265469790895
50.336973083660823 -119.99203927297999 362.8750550787405
50.063759357456682 -119.62230748123996 362.48950007359809
49.772458232024 -119.30876018946041 362.06898639945729
49.573526555571028 -118.9175298412936 361.65988371946503
49.274807440745903 -118.53787549708559 361.30403337260265
49.069914632585139 -118.10317370484658 360.94479349593496
48.873388736553125 -117.77623910384079 360.48166139938587
48.573007220587613 -117.40691205403149 360.11646491097798
48.364731768816164 -116.9094641731751 359.85346882351496
48.072542639784942 -116.66150038318446 359.39179851720377
47.802131288959728 -116.34287637742383 358.96126809516841
47.531719938134515 -116.0242523716632 358.5307376731331
47.243070298363143 -115.63976825174026 358.17177618914496
46.954420658591772 -115.25528413181738 357.81281470515682
46.712000846913092 -114.94867623755775 357.35759581925316
46.40124184970319 -114.55731843425602 357.02552968811671
46.137562074436033 -114.197735416369 356.62406607910293
45.873882299168869 -113.83815239848199 356.22260247008921
45.663715200492696 -113.49639969218966 355.77646921827323
45.445243813202453 -113.16926438572091 355.32342093806784
45.226772425912216 -112.84212907925215 354.87037265786245
44.916959497781548 -112.40816239623703 354.59525655946766
44.551777445251709 -112.10018347335333 354.23222618667569
44.18659539272187 -111.79220455046962 353.86919581388372
43.880851902403812 -111.50993135093265 353.43694269480727
43.630828934758163 -111.1235440533879 353.05198377239378
43.35042299300936 -110.75874397610782 352.66689493660601
43.070017051260571 -110.39394389882776 352.28180610081819
42.767013359882057 -110.05962773793605 351.88630456153209
42.464009668503536 -109.72531157704437 351.49080302224604
42.138737058468799 -109.43881496785419 351.07593265443978
41.953561785455364 -108.95371039733079 350.77529387796255
41.567336389535598 -108.77107958902602 350.35401495443978
41.22014105638862 -108.44622915243644 349.98805376184072
40.842299721305487 -108.15292356991866 349.62582764355756
40.60189903626339 -107.86484309852408 349.15762132938363
40.361498351221393 -107.57676262712967 348.68941501520948
40.041020228977366 -107.11788874337728 348.47324718232738
39.716679788083503 -106.80709107368219 348.07549338044379
39.392339347189633 -106.49629340398708 347.67773957856014
39.067998906295756 -106.18549573429195 347.2799857766766
38.758230316818761 -105.8795431982068 346.86714625987076
38.474189756320314 -105.46225903857314 346.54280864239388
38.135003328647279 -105.16433331786638 346.14759625364098
37.84710168283425 -104.81544532047515 345.75340111463686
37.55920003702122 -104.46655732308393 345.35920597563279
37.257247815176754 -104.13114636478585 344.96382723976456
36.937300616602002 -103.79105817188842 344.58703311670007
36.647112877132137 -103.54794433150307 344.12153689064183
36.39191632233495 -103.13221487353189 343.77218930414006
36.136719767537777 -102.71648541556074 343.42284171763822
35.813715890571942 -102.47614583452653 342.97797614102734
35.476887805812758 -102.16082151350966 342.59441726172361
35.184352293308606 -101.79624819148819 342.21824008698525
34.855123088690441 -101.51746889371144 341.80123860742236
34.552850711169022 -101.15663132162931 341.42917993414437
34.234582662979079 -100.85619460937372 341.01876157267594
33.976763984868704 -100.48735282375436 340.62191743904339
33.718945306758329 -100.11851103813501 340.22507330541089
33.353085330330963 -99.813021568935795 339.86062487029699
33.021506621555162 -99.499737330357135 339.47087040175973
32.728524271261975 -99.217029042341863 339.03014671700458
32.438328156733711 -98.840920031900552 338.66363856241924
32.150831186759795 -98.492232470636722 338.26897101007205
31.823545300261532 -98.193454126788396 337.86447694368013
31.496259413763262 -97.894675782940027 337.45998287728821
31.28477304604445 -97.423320296561457 337.15486401236842
30.962065409892194 -97.137166504211478 336.73775996216904
30.639517028248747 -96.891877347878108 336.295271802684
30.366728394281409 -96.497293882416997 335.93486890319105
30.093939760314065 -96.102710416955901 335.57446600369809
29.820798274577051 -95.732324000036826 335.18948856159108
29.503097569435067 -95.46387025457912 334.75705492679606
29.235999995408058 -95.05107355896078 334.41316864612253
28.953876505935586 -94.709926192592022 334.00816887932319
28.634887136946027 -94.359249253028807 333.64037618427585
28.315897767956471 -94.008572313465578 333.27258348922845
28.081432326138518 -93.682413429942756 332.82688590196528
27.758791434035487 -93.348997785904572 332.44644291930746
27.533503259660488 -92.942103209262967 332.06738877807373
27.195046180330337 -92.618678826463196 331.69209759237668
26.856589101000139 -92.295254443663396 331.31680640667975
26.653794200523372 -91.850218347799199 330.96921886127774
26.399073436351848 -91.495038284777223 330.55816599955364
26.081745062376577 -91.163079853229561 330.17202314671988
25.764416688401298 -90.831121421681885 329.78588029388607
25.479683750432528 -90.433113588968482 329.43872482563813
25.200923935330984 -90.054959025222914 329.06550626848565
24.922164120229439 -89.676804461477346 328.69228771133322
24.638493849311335 -89.306509252357841 328.31491172441781
24.355154163389521 -88.935677460583662 327.93781438341512
24.055730238178164 -88.594543863433444 327.54542021691111
23.781593442420508 -88.272402592253954 327.11989228761087
23.47473441279265 -87.924355348687499 326.73949689833591
23.167875383164784 -87.576308105121015 326.35910150906096
22.861016353536929 -87.228260861554574 325.97870611978601
22.574868848168599 -86.902881090768332 325.56367887979502
22.27344762301453 -86.518222930086495 325.21556489781858
21.999195353642257 -86.112571256634936 324.86881943992455
21.724943084269988 -85.706919583183378 324.52207398203058
21.383614207685572 -85.439027262810328 324.10767284461087
21.090665931152966 -85.128990922189843 323.68570273338111
20.797717654620353 -84.818954581569344 323.26373262215139
20.457786712484385 -84.470677150199748 322.91280558503803
20.117855770348413 -84.122399718830167 322.56187854792472
19.851237823184125 -83.723583549644204 322.20151687759096
19.584619876019833 -83.324767380458269 321.8411552072572
19.222362938268809 -82.993911377720821 321.4957507826997
18.951832015950242 -82.627792129026247 321.104893115761
18.681301093631674 -82.261672880331673 320.71403544882224
18.410770171313082 -81.895553631637071 320.32317778188354
18.055606915187145 -81.584802244138587 319.95264757169036
17.717071865265559 -81.205893806379379 319.63355132324881
17.422464056123736 -80.843225467045869 319.25715005540064
17.160210792093586 -80.458615796133429 318.87860200488905
16.897957528063436 -80.07400612522099 318.50005395437739
16.635704264033272 -79.689396454308536 318.1215059038658
16.284267246554222 -79.294103185072942 317.83824762235849
15.988853932507661 -78.933612152892891 317.46038893236744
15.693440618461102 -78.573121120712827 317.08253024237632
15.459934417647275 -78.223293920121449 316.6546333109689
15.174873751099534 -77.822952746989458 316.31044243153912
14.889813084551793 -77.422611573857466 315.96625155210933
14.616501907121783 -77.073268607963229 315.56219649092083
14.343190729691775 -76.723925642069005 315.15814142973232
14.01888407210096 -76.401456937684827 314.76976129824374
13.766370488138538 -75.962474351592164 314.44799868540338
13.533172080796181 -75.53308949275673 314.09979307686751
13.230813247220478 -75.28574851216004 313.64437944611387
12.976775917086346 -74.843034360832092 313.32899204130462
12.777746574723796 -74.374496750745053 313.01140767643028
12.467145126193126 -74.014404760181634 312.64553816621833
12.156543677662446 -73.654312769618187 312.27966865600644
11.964624572471809 -73.280667331726278 311.85123412914686
11.677759415960463 -72.874826254533602 311.51507731746102
11.398827292152188 -72.453706825193152 311.19126364180818
11.168005615577707 -72.140298761164644 310.73464921033974
10.838296393783764 -71.850738874280381 310.32544644767603
10.600952879732553 -71.403625361783327 310.00333223923383
10.302515666236349 -71.028662995543087 309.6423080662147
10.075528865549185 -70.725758461803792 309.17676984463242
9.8485420648620305 -70.422853928064512 308.71123162305014
9.4588664832128106 -70.026173065269788 308.48584920545994
9.1790647908465424 -69.658931481443048 308.10264608431214
8.8992630984802723 -69.291689897616294 307.7194429631644
8.5769122027774127 -68.954380134667389 307.34220030404572
8.2932891772572965 -68.583215330790964 306.96564397657505
8.0096661517371839 -68.212050526914524 306.58908764910444
7.7457563960110747 -67.841024975374609 306.1983298200887
7.4818466402849664 -67.469999423834707 305.80757199107296
7.1824821237029921 -67.123305007515398 305.42003635670545
6.8831176071210223 -66.776610591196075 305.03250072233789
6.6488952062007458 -66.35935922148596 304.67050464310199
6.3575586129218848 -66.085178758803877 304.22334911836805
6.0774154945914605 -65.73895733129585 303.82129121658471
5.8263260235559144 -65.33099287350295 303.46001697350499
5.5254620859620518 -65.056567438348097 303.01936793901655
5.2575447550845311 -64.688563405473957 302.62848005789994
4.9896274242069971 -64.320559372599789 302.23759217678332
4.7371247001650651 -64.009996580650551 301.79060993260794
4.5038429975582197 -63.577354919356665 301.44651570112222
4.2705612949513672 -63.144713258062744 301.10242146963662
4.0279998853694554 -62.75887192193062 300.71217741021553
3.7446894232101058 -62.480364431180021 300.26254560570561
3.4613789610507473 -62.201856940429408 299.81291380119569
3.2242932817795813 -61.822675008700301 299.41289949728309
2.9872076025084171 -61.443493076971187 299.01288519337044
2.6845334694045051 -61.104885024814031 298.62079724894454
2.4332021021332642 -60.720135694460986 298.23505057479366
1.961764581885491 -60.6236518613754 297.87666874705161
1.4903270616377333 -60.527168028289807 297.5182869193095
0.98975060870104803 -60.389750854707799 297.21738870533994
-1.024099343088827 -59.975364227187541 295.97936928117559
-1.4649621498658849 -59.698581437748395 295.68098819418958
-1.845682428973247 -59.541327352677968 295.24472769654506
-2.0956727190360036 -59.188333706384661 294.82891482931882
-2.3551202906444408 -58.867027075288306 294.39365742685447
-2.6145678622528719 -58.545720444191957 293.95840002439019
-2.8513628685333492 -58.116236833943219 293.61275287261782
-3.0713404787173069 -57.635731107955358 293.32863300652144
-3.3405579461688908 -57.327613353470234 292.88978747038146
-3.609092614347106 -57.019742593864557 292.45035064060244
-3.856135920073791 -56.631080168598679 292.06575848742966
-4.1638138714748241 -56.284644878576145 291.68455399106494
-4.3393712805764606 -55.831170048075236 291.33307116899294
-4.6474952635032727 -55.614864213245291 290.86587592397882
-4.8997422748339163 -55.215212253804587 290.4962142454267
-5.1633772369936857 -54.913384051118193 290.04967606924231
-5.4439590007715388 -54.535879464607589 289.67716545060335
-5.6895839344079446 -54.223140110117285 289.22787435551123
-5.9379099365883725 -53.86293712861594 288.81727965418321
-6.1862359387688031 -53.502734147114623 288.40668495285524
-6.5198884832613953 -53.194526096777352 288.01465972756876
-6.7136171608454784 -52.721078110197126 287.70110557995679
-6.8724276639161728 -52.220342351128828 287.41120400406464
-7.1653291711761256 -52.226510915678148 286.88759092567926
-7.4049633788834202 -51.78441359524502 286.56029074883492
-7.6927699782655719 -51.485146745112743 286.12715484202965
-7.9288034934295748 -51.066891793732005 285.76750087588329
-8.1646956305083869 -50.659892634119501 285.39506754797196
-8.4240164765888821 -50.360927085314707 284.94409936792385
-8.6833373226693684 -50.061961536509912 284.49313118787569
-8.87830034240557 -49.55622596635304 284.23579686444907
-9.1675599348434123 -49.274484407096836 283.7920057176575
-9.4128552730640713 -48.954200130049443 283.34787940800737
-9.7032981851569442 -48.630692835394399 282.93437493992997
-9.9773765178001952 -48.269069895799845 282.54180658010648
-10.251454850443443 -47.907446956205305 282.14923822028305
-10.483944345067096 -47.563117721226661 281.71635715944916
-10.745757666854988 -47.224886962074926 281.29557961953287
-11.057608065910468 -46.955465937226904 280.85950435082486
-11.306842960373949 -46.55194303755885 280.49201117153405
-11.505331273449608 -46.383921096054664 279.95129773842416
-11.703819586525258 -46.215899154550485 279.41058430531422
-11.930831503579094 -45.661801412227078 279.37262009232825
-12.055466402820844 -45.475317632985238 278.81612216603315
-12.191260010131824 -44.989759373818224 278.4908633872613
-12.495758327772878 -44.533033092363993 278.24861995931582
-12.911825590850583 -44.459213125385148 277.82266380538647
-13.155433600220922 -44.028256756535448 277.48364795631966
-13.420121607441555 -43.833275490982288 276.98172907351397
-13.684809614662196 -43.638294225429121 276.47981019070835
-13.972587884518356 -43.16974249900754 276.23972073432606
-14.07371836870972 -43.08089315281736 275.65501703256871
-14.174848852901075 -42.992043806627187 275.07031333081125
-14.277191183494716 -42.568443880902592 274.65789467180713
-14.382608571541036 -42.198549761395697 274.19738895560835
-14.779521764994058 -41.825976113510102 273.94510182996748
-15.174412769363837 -41.413684097546124 273.76050392033636
-15.448768759974987 -40.90313602169266 273.60536059093386
-15.723124750586132 -40.39258794583921 273.45021726153129
-16.055630103650369 -40.182718327348496 272.99701208347369
-16.388135456714615 -39.972848708857768 272.54380690541615
-16.58088005467085 -39.581474066664349 272.13189015483829
-16.817334250528042 -39.245017860038097 271.69498440495141
-17.173703340308457 -38.985140741393352 271.28821056723075
-17.396861230928657 -38.633359666952558 270.85641127181771
-17.620019121548857 -38.281578592511764 270.42461197640466
-17.805764226518402 -37.895891062648715 270.00420278848412
-17.991509331487954 -37.510203532785646 269.58379360056358
-18.20017800761584 -37.298943134688535 269.35209965521636
