4.4769092089680864 189.23198579259173 379.01575673432507
36.912554204239157 137.93381599751632 252.47150148854658
4.4769092089680864 189.23198579259173 379.01575673432507
4.4165330777633685 188.98139669932226 378.47394511658774
4.3561569465586469 188.73080760605285 377.93213349885036
4.5125799299689033 188.41312822905687 377.44776621703579
4.6375940020497515 188.06369015119222 376.97631684380463
4.7355295680283671 187.98934633744997 376.38905061603845
4.8666264950238176 187.74646204509159 375.85630225493549
4.9977234220192708 187.50357775273318 375.32355389383247
5.1288203490147461 187.26069346037477 374.79080553272945
5.1952970919010877 186.94935963783402 374.28222702984385
5.2979098343309063 186.67685280006702 373.75762179877836
5.3960845598826879 186.37487761815223 373.24853171561983
5.4942592854344685 186.07290243623743 372.73944163246131
5.6075327503983328 185.75515050667246 372.24325332809207
5.7208062153622024 185.43739857710744 371.74706502372288
5.7363664287547085 185.35296132207802 371.15323994028307
5.7519266421472146 185.26852406704859 370.55941485684332
6.0158059922795761 184.78366952896801 370.32428985715933
6.1056440083568528 184.817781742363 369.73203527696211
6.2097609188948351 184.64459237200285 369.16708827862129
6.4238201128253696 184.4784609511008 368.63175752807274
6.4946610752227443 184.13823160222185 368.14265063974665
6.565502037620119 183.7980022533429 367.65354375142061
6.6426235497851334 183.84170303115391 367.0601277806378
6.8287364407412436 183.57053889967858 366.55829911901998
6.9781312426874269 183.29128214952982 366.04869450694525
7.1386682644271788 183.22131497499575 365.47481955616013
7.1990683336513097 182.74829223736643 365.11067491275128
7.2941738009531418 182.50891835839911 364.56877538686342
7.3892792682549722 182.2695444794318 364.02687586097562
7.5157748305436467 181.79830004444176 363.67769459685599
7.6428391502735025 181.87198008349944 363.09595074386226
7.6668738821423164 181.43453306339887 362.68599655584956
7.6909086140111267 180.99708604329834 362.27604236783685
7.7791391865074413 180.40558430499144 362.22765786973196
7.867369759003755 179.8140825666845 362.17927337162712
7.8129379054881056 180.10324559858111 361.65637575802839
8.0980152048498901 180.46806689476028 361.2747524421228
8.192316591446378 180.93129909444713 360.90526201239663
8.2786567636042765 180.83447317647969 360.31945477764998
8.3805100400236103 180.44953239863358 359.87062685111925
8.5682598890123653 180.32468358474893 359.31460277980915
8.7560097380011257 180.19983477086433 358.75857870849899
8.8706981390955022 179.91244374693019 358.24452329318223
9.014409746777126 179.72525515086915 357.69288264627318
9.1486003717373556 179.66872083217294 357.11082015222092
9.2982799813595545 179.35207502839654 356.6236533949251
9.4479595909817569 179.03542922462015 356.13648663762922
9.6123243116748789 178.86190491278703 355.58614714986345
9.7429431918642742 178.72412168237045 355.01697714928889
9.8735620720536748 178.58633845195385 354.44780714871433
10.02309291154666 178.36305247797605 353.91135220944608
10.172623751039641 178.13976650399826 353.37489727017783
10.313886946712286 177.94456103172487 352.82540702172668
10.455150142384934 177.74935555945149 352.27591677327553
10.621914136139292 177.47740809912773 351.76774913438993
10.788678129893663 177.20546063880394 351.25958149550439
10.946636206847991 177.04841892164427 350.70245750122979
11.092653165680751 176.91263222369454 350.13655908243618
11.253564156204003 176.67940519627251 349.60768026190289
11.41447514672725 176.44617816885045 349.07880144136959
11.575295672458363 176.34372023529102 348.50990854252632
11.736116198189467 176.24126230173155 347.94101564368304
11.886235903183515 175.80009263252296 347.5630825846066
12.061015000407089 175.64103396920189 347.0115822593155
12.235794097630665 175.48197530588084 346.46008193402434
12.407849437825821 175.28266067862964 345.92094313995176
12.57745286326416 175.1095942108384 345.37205091391291
12.747056288702511 174.93652774304718 344.82315868787407
12.897366679918486 174.71533082409326 344.28605654736651
13.047677071134464 174.49413390513936 343.74895440685896
13.254861783186005 174.42743941883398 343.18982442144539
13.401951529140774 174.20593059343344 342.65195971084927
13.519871501219807 173.97924743614072 342.10908806268122
13.769980968769124 173.95106644389597 341.56443121115149
13.815153763919884 173.48532886852385 341.18886772854864
13.983666274153578 173.37375096201009 340.62393064827086
14.152178784387269 173.26217305549636 340.05899356799313
14.304023949437886 173.06878081752021 339.51168881911792
14.455869114488507 172.87538857954408 338.96438407024277
14.607714279539127 172.6819963415679 338.41707932136757
14.753359236971226 172.4275699782265 337.89357691257516
14.899004194403309 172.17314361488513 337.37007450378269
15.052968639696072 171.95870572082157 336.83126902944593
15.206933084988844 171.74426782675798 336.29246355510912
15.366826844580222 171.67866835404655 335.71789354647336
15.52672060417161 171.61306888133512 335.14332353783755
15.663200956481049 171.20896167586758 334.72133955719056
15.799681308790486 170.8048544704001 334.29935557654346
15.926257530148201 170.76125023928233 333.71448197377492
16.052833751505919 170.71764600816462 333.12960837100638
16.205649426652997 170.3264689609974 332.7010901249551
16.352021563077582 170.23554549633127 332.12636573774705
16.498393699502177 170.14462203166511 331.55164135053911
16.639527423819182 170.0064186082609 330.98508942386354
16.780661148136186 169.86821518485669 330.41853749718803
16.907351855204407 169.64383187121965 329.87668733957634
16.946001753183658 169.40794337472437 329.3263576178573
16.984651651162906 169.17205487822909 328.7760278961382
17.140865577634337 168.65258920981654 328.51960514262936
17.342501917957456 168.62540618535897 327.95515508333057
17.544138258280576 168.5982231609014 327.39070502403172
17.737348909259737 168.46495694567531 326.83851867846755
17.784819734861838 168.14257106148611 326.33471925171898
17.952760174504114 167.9676703370414 325.78589710810462
18.12070061414639 167.79276961259671 325.23707496449026
18.306001896455996 167.51319296349837 324.7395809122109
18.499413910931132 166.96567631452623 324.58852690943365
18.301034448439388 167.16568308823605 324.05876953163545
18.550492427457762 166.85992016818977 323.60679635385952
18.799950406476135 166.55415724814353 323.1548231760836
18.857465327300037 166.48518984745138 322.56158163040061
18.893497745837131 166.30095903257228 321.9917038613454
19.134335142550917 166.12128583947958 321.47236303681103
19.135681835938332 165.92277376125671 320.90615535299128
19.193229167165057 165.87592384487772 320.31076187804888
19.250776498391787 165.82907392849876 319.71536840310648
19.653758671892341 165.49941764875715 320.01358326703462
19.665024434248952 165.31309487163435 319.44335795601819
19.722308186078699 165.08218283258174 318.89254201398592
19.863662903822281 164.85038414057368 318.35748294233588
20.005017621565869 164.61858544856563 317.82242387068584
20.189208242521453 164.47923560246679 317.26865908709613
20.339653528028752 164.32846088695905 316.70773734457566
20.479012553916537 164.1891051747898 316.14102838277125
20.618371579804325 164.04974946262053 315.57431942096684
20.768476095922178 163.78699196580089 315.05621988216558
20.918580612040035 163.52423446898121 314.53812034336431
21.022341189613613 163.30812603292969 313.98809226552737
21.189887073983538 163.12651133359918 313.44133411275982
21.357432958353463 162.94489663426864 312.89457595999227
21.395092337763749 162.69424676224253 312.35074104681024
21.432751717174035 162.44359689021644 311.80690613362816
21.428500351292637 161.94947909543771 311.46656875576446
21.794023004802366 161.95446725710661 310.99078696963306
21.925127267420415 161.66877229854333 310.47971939780439
22.056231530038463 161.38307733998005 309.96865182597566
22.191900793074051 161.26263530930706 309.39673612561876
22.327570056109643 161.14219327863412 308.82482042526181
22.466006080688402 160.91685758484965 308.28624889593118
22.678408511890318 160.71548894390787 307.76247807041227
22.890810943092241 160.51412030296606 307.23870724489336
22.934077031023467 160.22794947975206 306.71312727421707
23.074802188263369 160.07593326839722 306.15002204283917
23.166688276600365 159.93788658475208 305.57339386116166
23.357425388258509 160.03685300517571 305.01319300266107
23.507275793810546 159.72201944163436 304.52490550207995
23.878502848186422 159.7959198620928 304.05936366512492
23.797525949009351 159.38568308548102 303.62907477505826
23.716549049832373 158.97544630886941 303.19878588499131
23.96704952863589 158.86907375531553 302.66405755212537
24.06820850960494 158.66865760663185 302.10764023758873
24.229539947785685 158.37919645455628 301.60745586308906
24.390871385966431 158.0897353024807 301.10727148858939
24.451605836038123 157.8360376269473 300.56694860733836
24.619531979498742 157.77808018770867 299.99385023395092
24.745508184718126 157.50787756793792 299.4731578679731
24.871484389937514 157.23767494816718 298.95246550199533
25.01711273464608 157.04959573064824 298.40163105031786
25.162741079354639 156.86151651312926 297.85079659864027
25.265229894469183 156.6661511187904 297.29282849429092
25.356853069026897 156.2982385740292 296.82780639450283
25.613557855274685 156.41266066811133 296.29770240743676
25.662584483421035 156.15195818540323 295.75952901043314
25.774921418343098 155.89429441067631 295.2294443075358
25.875630340982422 155.57325767389915 294.73266153152571
25.852504505328046 155.44259752915539 294.14751785489506
25.829378669673662 155.31193738441161 293.56237417826441
26.163222378137476 154.95961711977324 293.20964367285796
26.497066086601297 154.60729685513488 292.85691316745152
26.53324512060891 154.68178724756129 292.26265542965211
26.687372185124055 154.45734173109895 291.72798818909598
26.841499249639192 154.23289621463661 291.19332094853991
26.94115770343987 153.79735984549416 290.79285089505242
27.07403321452707 153.59743434238993 290.24296555085618
27.206908725614273 153.39750883928573 289.69308020665989
27.274794889047474 152.86130658992835 289.43254495645675
27.426974008202148 152.63045619047185 288.90005119239555
27.54254488544591 152.43512261119866 288.34463408324115
27.737530288061958 152.37026895163169 287.78091899952648
27.777633985653864 152.24367901683294 287.19579791646152
28.005758379909093 152.00214300978587 286.6961784432167
28.233882774164236 151.76060700273871 286.19655896997187
28.284694100898413 151.54402184922259 285.63932555357269
28.33550542763259 151.32743669570652 285.0820921371735
28.515831405751079 151.17073479657995 284.53170404098523
28.696157383869565 151.01403289745338 283.98131594479696
28.876483361988051 150.8573309983268 283.43092784860869
28.969883141232764 150.53279349013744 282.9349924828449
29.102221524877997 150.39572516706093 282.36604711901532
29.254116985586855 150.24204632273472 281.80630558775056
29.406012446295723 150.08836747840851 281.24656405648579
29.506615012059701 149.84064467253924 280.70943042766146
29.664388992588993 149.48235514794379 280.25474813458959
29.706122994857317 149.22042158311768 279.71655757291819
29.911656181392168 149.10131386615379 279.16558619345057
30.117189367927022 148.98220614918989 278.61461481398294
30.269328969421668 148.73168653298612 278.09107545199174
30.402715417104652 148.52355893391729 277.54436624402064
30.536101864787632 148.31543133484845 276.99765703604959
30.703029575342931 147.873861296862 276.62731794683344
30.867437265614836 147.79482286770897 276.0557210275831
31.031844955886747 147.71578443855594 275.48412410833276
31.15195872487509 147.33322420184311 275.03778304167452
31.272260987108126 147.22270314749275 274.46045084765888
31.392563249341151 147.11218209314239 273.88311865364324
31.54997082330069 146.73135003001971 273.44701110342442
31.707378397260232 146.350517966897 273.01090355320559
31.850363552654322 146.14427388064072 272.46590940441013
31.993348708048423 145.93802979438445 271.92091525561472
32.166957811334299 145.79421924626465 271.36487712247475
32.340566914620183 145.65040869814487 270.80883898933479
32.43374352548669 145.47926997722612 270.24136241943108
32.526920136353191 145.30813125630738 269.67388584952732
32.732076268628894 145.06585150462899 269.16475768951619
32.872308094269648 144.85479260830618 268.62089265353717
33.012539919910402 144.64373371198334 268.07702761755814
33.22242577576813 144.4106031082278 267.56556105061225
33.31078204548632 144.17004148552647 267.02304535933246
33.454733752534722 143.98977477827478 266.46916647338855
33.598685459583109 143.80950807102309 265.9152875874446
33.721632685020687 143.4615898444934 265.44217355530685
33.850746058004717 143.25283075613484 264.89467982936623
34.002660723348001 143.08145767029177 264.34010503738386
34.131545473075775 142.82419767477421 263.81360146095358
34.253183816946148 142.59755080497729 263.27153568107838
34.358805783124588 142.39060532080455 262.71834713560668
34.464427749303027 142.18365983663179 262.16515859013492
34.75444068468029 141.89786428299169 261.72446209725871
34.851159508591898 141.68408967869743 261.17224303958324
34.947878332503507 141.47031507440317 260.62002398190776
35.077270777635981 141.18927320887818 260.10594902145465
35.191528872971581 140.95738276828314 259.56449550432603
35.329079532781648 140.63921432648721 259.07475204226557
35.466630192591737 140.32104588469122 258.58500858020517
35.616181482961338 140.19316304952966 258.01819256771097
35.765732773330946 140.0652802143681 257.45137655521677
35.909326733812648 139.80942742471268 256.92800276475839
36.018144147504884 139.65830093665411 256.35763485271883
36.172760431085671 139.58528121281489 255.78251580001569
36.269301377658323 139.24974336212625 255.29456683097274
36.365842324230968 138.91420551143764 254.80661786192974
36.486935598868648 138.79325212393388 254.23154682554477
36.608028873506321 138.67229873643012 253.65647578915977
36.919657100908914 138.30367772939482 253.30009621474761
36.912554204239157 137.93381599751632 252.47150148854658
