-16.043950163177271 36.105289817168661 294.4045357865694
-92.186778615880911 -45.396443225475458 28.649140901954041
-16.043950163177271 36.105289817168661 294.4045357865694
-16.255967985921551 36.273864441830355 293.86915644557934
-16.467985808665834 36.442439066492057 293.33377710458933
-16.426733523775003 36.413432412005434 292.73590014150511
-16.36722067446717 36.249033735575068 292.16193908363169
-16.307707825159341 36.084635059144716 291.58797802575828
-16.42400143536014 35.558862890451081 291.32332840294794
-16.540295045560942 35.033090721757439 291.0586787801376
-16.402934489105697 34.881746569632526 290.49456263505056
-16.268091328898418 34.674334642678666 289.94793880214291
-16.493677564832478 34.490069003848276 289.42338468243406
-16.504537538459108 34.203615149549144 288.89629242264454
-16.515397512085734 33.917161295249997 288.36920016285507
-16.494785297638497 33.672131646798817 287.82190169949575
-16.474173083191261 33.427101998347645 287.27460323613644
-16.493794453113292 32.862769837677988 287.07176286965012
-16.506987759135974 32.503255078197938 286.59158053512272
-16.505108795094273 31.931060397874671 286.4110543118091
-16.513993249279963 31.562190123564069 285.93792030626321
-16.522877703465657 31.19331984925342 285.46478630071744
-16.505214388605445 30.802974572870021 285.00946380784745
-16.49462928585891 30.67069828191747 284.42432199729922
-16.510760186787667 30.305478484614447 283.94855493907301
-16.509968424970918 29.79542026246304 283.63258028323969
-16.510621267343293 29.793885284946573 283.03258260187681
-16.511274109715671 29.792350307430109 282.43258492051393
-16.512594317219239 29.419464327066919 281.96252715523315
-16.55433028656709 29.341763216718835 281.36904535575377
-16.596066255914941 29.264062106370755 280.77556355627439
-16.581889364389291 28.953683588451195 280.26227592603112
-16.56771247286364 28.643305070531635 279.74898829578785
-16.553535581337989 28.332926552612072 279.23570066554464
-16.539358689812339 28.022548034692498 278.72241303530137
-16.516282552293017 27.76285478327484 278.18201789556997
-16.493206414773692 27.50316153185717 277.64162275583857
-16.503162390620563 27.186437276814239 277.13212631344425
-16.689909100221449 26.856373825314357 276.6671706333658
-16.876655809822331 26.526310373814489 276.20221495328735
-16.832222857185453 26.453419596082647 275.60831879465218
-16.787789904548585 26.380528818350832 275.014422636017
-16.889515439184173 25.84143253534765 274.77146767464501
-16.681515831266957 25.43805101335575 274.37901447893654
-16.836117924628905 25.257972828844267 273.82795183259663
-16.923518547163727 24.839844864090836 273.40660858028127
-17.01091916969856 24.421716899337373 272.98526532796598
-16.998663786601561 24.283968513053594 272.4014201535735
-16.97022408255733 23.847109887531047 271.99112059893025
-16.970637669559082 23.839351545183071 271.39117090348088
-16.82203043822599 23.381030000820967 271.03359957805191
-16.673423206892902 22.922708456458871 270.67602825262293
-16.734610635408693 23.514568506382641 270.59884159641956
-16.626374229118724 23.021385637348054 270.27471887576542
-16.518137822828756 22.52820276831347 269.95059615511127
-16.477781806513011 22.294576276357539 269.39942462627158
-16.437425790197267 22.060949784401615 268.84825309743189
-16.443791053542803 21.720596029658179 268.35416929375623
-16.522342798184614 21.612868313297632 267.7691698385928
-16.600894542826424 21.505140596937075 267.18417038342943
-16.710175500468349 21.197616836350793 266.68069564824231
-16.81945645811027 20.890093075764518 266.17722091305518
-16.82005695633671 20.330201188084828 265.96153430356736
-16.832528949452389 19.803557873466502 266.24874723599822
-16.845033685905353 19.223960400732025 266.40337712045158
-16.867517882862117 18.854666460431226 265.93102508378365
-16.915876647695736 18.40446031579361 265.537355352671
-16.990359724772023 18.078015927893954 265.03947350640817
-17.028162062612722 17.732434934455011 264.55044921230052
-17.065964400453421 17.386853941016071 264.06142491819281
-17.103766738294119 17.041272947577152 263.57240062408511
-17.108253750490924 16.718879665368057 263.06639426216066
-17.112740762687729 16.396486383158958 262.56038790023621
-17.117227774884547 16.074093100949788 262.05438153831182
-17.706115729237929 16.185394934295182 262.08306740785491
-18.146807972587446 16.242366886889265 261.6798992750999
-17.887130228196263 16.436499391139964 261.17504282039101
-18.180050678342191 16.784911699283125 260.78413813453949
-18.335525261138521 17.109556638778766 260.3041034302064
-18.490999843934841 17.43420157827439 259.82406872587325
-18.274989471787151 16.937461591623681 259.56602046529616
-18.058979099639462 16.440721604972968 259.30797220471902
-17.842968727491765 15.943981618322249 259.04992394414199
-18.080190734166333 16.000149637781011 258.50168050082561
-18.317412740840908 16.05631765723977 257.95343705750923
-17.964994552835812 15.695204818957482 257.62878503026946
-17.88583628660928 15.36257440162739 257.13574246176768
-17.806678020382741 15.029943984297287 256.6426998932659
-17.401790074097228 14.964500391021961 256.20476966246207
-16.996902127811722 14.899056797746633 255.76683943165821
-17.317336850174687 14.628202069910762 255.33793465771288
-17.637771572537648 14.357347342074894 254.90902988376752
-17.958206294900602 14.086492614239029 254.48012510982213
-18.125714317061767 13.76923812968746 253.99919823955642
-18.293222339222922 13.451983645135902 253.51827136929069
-17.700344385617779 13.426112682313342 253.42980428269001
-17.10746643201264 13.400241719490785 253.34133719608931
-17.112647115734443 13.097634263714179 252.82326201986044
-17.5225992760857 12.786470464299999 252.51485268771003
-17.932551436436942 12.47530666488583 252.20644335555957
-18.204873062474142 12.369416699209296 251.68239350376925
-18.464879825684218 12.179919781110133 251.17594765166268
-18.512901294699326 11.892308252639904 250.65156844993493
-18.560922763714427 11.604696724169688 250.12718924820715
-17.980190299281876 11.504269844802051 250.01465371313233
-17.983041240676879 11.164001213433099 249.52047851076026
-17.855671304347645 10.772423979640314 249.0840794167022
-17.803263294343594 10.567352424199024 248.52265350205602
-17.591145133271215 10.324846203456406 248.01649481286418
-17.379026972198833 10.082339982713785 247.51033612367232
-17.977078530874689 10.070032774374004 247.55705727293326
-17.951644076611167 9.7730587942669995 247.03632745462465
-18.04341784882179 9.4732393492836593 246.52477503781469
-18.12736079226416 9.175837677769767 246.01047373699294
-18.211303735706522 8.8784360062558854 245.49617243617112
-18.195116611191299 8.5749235981943563 244.97885416358389
-18.178929486676076 8.2714111901328202 244.46153589099669
-18.183106956872006 7.9707023548596636 243.94234734611973
-18.18728442706794 7.6699935195864999 243.42315880124278
-18.100324573975328 7.3513780863701683 242.92223746044519
-18.094544767581812 6.9328167737922799 242.49238513527862
-18.0887649611883 6.5142554612144323 242.062532810112
-18.015830413499792 6.6479853529678596 241.48219078354049
-18.092922876049329 6.2858319917438115 241.01006612291349
-18.086215318528225 5.9993447431395426 240.48292281691479
-18.123931133113182 5.6893251802628182 239.97060905761887
-18.161646947698141 5.379305617386092 239.45829529832295
-18.187095727885328 5.0849812666808329 238.93606399308655
-18.212544508072511 4.7906569159755792 238.41383268785017
-17.643683599709508 4.6966394067720891 238.24782673946402
-17.327440798671706 4.3814735429393421 237.84700137965464
-17.011197997633907 4.066307679106604 237.44617601984524
-17.109928942727272 3.7836981781200385 236.92619133696206
-17.208659887820634 3.501088677133473 236.40620665407891
-17.307390832913995 3.2184791761469072 235.88622197119577
-17.40612177800736 2.935869675160339 235.36623728831259
-17.378619026111018 2.6142035519463844 234.86049574976286
-17.344057006117414 2.290809354411647 234.35629176348863
-17.309839841721743 1.9674984539000264 233.85201084250201
-17.171969452832961 1.7897450916018147 233.29577752989002
-17.168582035697828 1.4661818311654624 232.79050993553932
-17.165194618562694 1.1426185707291137 232.28524234118862
-17.099403935905741 0.90607027796386796 231.73777865173938
-16.776173726726267 0.4936588815883306 231.44547902462128
-17.256308805370892 0.34083205723416415 231.11972717426161
-17.736443884015522 0.18800523287999635 230.79397532390195
-17.892818176348928 -0.10814290593153195 230.29613663459014
-17.776168927576197 -0.6691230922358089 230.11810803201519
-17.659519678803466 -1.2301032785400889 229.94007942944032
-17.408627239293075 -1.7302936057348455 229.72360166989597
-17.157734799782684 -2.2304839329296073 229.50712391035168
-16.906842360272314 -2.7306742601243501 229.29064615080728
-17.097693891017542 -2.78062904979961 228.72400674854097
-17.121995463882762 -3.0602301670119529 228.19369302176227
-17.146297036747981 -3.3398312842243181 227.66337929498363
-17.132073184465362 -3.6460234313635431 227.14758471275491
-17.126925124507903 -3.9391813126091457 226.62410409788723
-17.126767357811772 -4.2478820215654629 226.10961032008271
-17.124285049504607 -4.5464015410299696 225.58914904905083
-17.122410732632986 -4.8440523473414538 225.06818793299857
-17.120536415761364 -5.1417031536529425 224.54722681694633
-17.12051571894186 -5.4459840514356035 224.03010677786816
-17.215750036654264 -5.842132755558084 223.58965629375908
-17.310984354366656 -6.2382814596805387 223.14920580964994
-17.216220153601839 -6.5000485951067519 222.61770067038583
-17.232108846420669 -6.8076288233181232 222.10278130518972
-17.228892906707863 -7.1058175544415052 221.58213445908117
-17.22993657914342 -7.4018862033194264 221.06027023737266
-17.22949611567801 -7.7052994257036698 220.54264081155301
-17.294704852654796 -8.0158000794281374 220.03338923849842
-17.359913589631581 -8.3263007331526104 219.52413766544382
-17.425122326608367 -8.6368013868771065 219.01488609238928
-17.981209345427235 -8.5157143195429583 218.82487254122628
-18.089624141303222 -8.4535490854174071 218.23803208956906
-17.597076534535443 -8.78399971240216 218.14748244466242
-17.365268017509599 -9.1385728313986192 217.72257926190264
-17.133459500483831 -9.4931459503949807 217.29767607914272
-17.22293009480466 -9.7586335909574036 216.76709967045076
-17.312400689125486 -10.024121231519825 216.2365232617588
-17.401871283446308 -10.289608872082233 215.70594685306682
-17.33669456316299 -10.605840014976431 215.20022967974074
-17.328079170626275 -10.907504818528434 214.68165073559686
-17.278540259634987 -11.267185295700163 214.20397317631722
-17.229001348643695 -11.626865772871904 213.72629561703766
-17.219684931071836 -11.934239099474075 213.21109192677804
-17.210368513499976 -12.241612426076227 212.69588823651839
-17.205162830260232 -12.541426093483901 212.176191531028
-17.199957147020491 -12.841239760891565 211.65649482553764
-17.233790939508761 -13.144566933765594 211.13992159676741
-17.23255658864732 -13.439603077233102 210.61747336925987
-17.2363608067729 -13.741771953623958 210.09913033799086
-17.246309122558394 -14.043467204629334 209.58059296563101
-17.255379307513127 -14.342334395481796 209.06040440945466
-17.25134758004997 -14.636386311393341 208.53741567542457
-17.247315852586816 -14.930438227304872 208.01442694139445
-17.255949738776188 -15.243412100932877 207.50259414600563
-17.256968521412787 -15.543602480390524 206.98308986482692
-17.254065152527584 -15.840029596193006 206.46143621012283
-17.249642010690621 -16.140175272442285 205.94192393034001
-17.241657367597849 -16.441781410197205 205.42330076932302
-17.233672724505077 -16.743387547952121 204.90467760830606
-17.270045187341758 -17.067477418991576 204.40104798304873
-17.543153195363363 -16.944257303141697 203.88121260621833
-17.524930595299551 -16.831128788713585 203.29225600673905
-17.537660686205605 -17.176815123348984 202.80201228894978
-17.540384668717682 -17.460175415614902 202.27314602543294
-17.725408056119043 -17.396024883216619 201.70600313752237
-17.910431443520402 -17.331874350818335 201.13886024961181
-17.913021663938565 -17.601692353608978 200.60295770611324
-17.884067886808221 -17.922259433522395 200.09659970423544
-17.855114109677878 -18.242826513435812 199.59024170235767
-17.830104710519585 -18.56393760713156 199.08401823840202
-17.805095311361299 -18.885048700827305 198.57779477444635
-17.795636935380848 -18.920764407585445 197.97893341535345
-17.786178559400394 -18.956480114343577 197.38007205626056
-17.783853183818131 -19.234452130226511 196.8483520632056
-17.726290596434751 -19.831652614196646 196.84217707498129
-17.792617967818074 -20.417130985056012 196.72897037437909
-17.858945339201401 -21.002609355915379 196.61576367377685
-17.86839595211562 -21.097470504677734 196.02338537541419
-17.877846565029838 -21.192331653440085 195.43100707705156
-17.887297177944056 -21.287192802202441 194.8386287786889
-17.896747790858274 -21.382053950964792 194.24625048032624
-18.078108413812274 -21.821446383019115 193.88013217281468
-17.917866311988043 -21.259791030059695 193.74277958530726
-17.980200215287912 -21.648152880100014 193.28969067799142
-18.042534118587778 -22.036514730140336 192.8366017706756
-18.104868021887647 -22.424876580180655 192.38351286335973
-18.051803176742705 -22.719182240364624 191.86335106103914
-17.998738331597767 -23.013487900548597 191.34318925871852
-17.947962591591107 -23.399067587763028 190.88629744544716
-17.784498253203182 -23.628335575084531 190.35647143620929
-17.827354865097089 -23.94323718634983 189.84755072918364
-17.870211476990995 -24.258138797615128 189.33863002215796
-17.913068088884902 -24.573040408880427 188.82970931513231
-17.955924700778809 -24.887942020145733 188.32078860810662
-17.888563317133155 -25.171922170124855 187.79655801150702
-17.837954444161884 -25.467622892199714 187.27694293768701
-17.78734557119061 -25.763323614274572 186.75732786386698
-17.806628811602248 -25.843527346837938 186.16302531640304
-17.795933114095778 -26.237238032264258 185.71039136027957
-17.824690664441921 -26.655872619208697 185.28153464071937
-17.819874355838998 -26.897373335797614 184.73230408161101
-17.815058047236082 -27.13887405238653 184.18307352250264
-17.698778865393606 -26.796045025796793 183.70458902913055
-17.761184785407274 -27.171178987732937 183.24049850805804
-17.756867206409819 -27.465592142161796 182.71771532832591
-18.068318438089804 -27.804106477118495 182.33248010756611
-17.842733537342106 -27.876440862966966 181.78122772509636
-17.782327281027399 -27.930829957031744 181.18675912992515
-17.721921024712692 -27.985219051096532 180.59229053475391
-18.039517005883766 -28.204989114351957 181.05145707539106
-18.16098306402143 -28.196783039821451 180.46393800586117
-18.051349946323082 -28.387663761873512 179.90577572708139
-17.941716828624738 -28.578544483925572 179.34761344830162
-18.008787485707721 -28.689381661830133 178.76176649989904
-18.023662748463369 -29.014549996199065 178.25773844424967
-18.038538011219014 -29.339718330567997 177.7537103886003
-18.004026961082829 -29.695546310402506 177.27184377200874
-17.969515910946647 -30.051374290237042 176.7899771554172
-17.889634103746275 -30.073234698228259 176.19572046051098
-17.870771472597347 -30.100833172810781 175.59665241316841
-17.882231237359058 -30.359955152954132 175.05561223610371
-17.90249946265947 -30.718023806486279 174.57459660392442
-17.909235546077717 -31.067491647958015 174.08692165792323
-17.915971629495964 -31.416959489429747 173.59924671192204
-17.899736735529196 -31.691132166427234 173.06579964668882
-17.897784701433348 -31.925963422990385 172.51366699007099
-17.908934079386395 -32.210427527977672 171.98550426481955
-17.913992440830985 -32.549174996441806 171.49030272444568
-17.919050802275571 -32.887922464905934 170.99510118407181
-18.201953134584606 -33.357209190937212 170.75069120239155
-18.297595189074915 -33.718178352436766 170.28105957881922
-18.279399111485866 -34.051748392587555 169.78266221619157
-18.284500935161017 -34.257223401976958 169.21896549639305
-18.417390179940835 -34.692555757947694 168.82803559415123
-18.298142597869749 -35.082270091857644 168.38769169205273
-18.224430449343323 -35.43687791764868 167.90934055632982
-18.196193231941074 -35.632580164813831 167.34285729090368
-18.281142827817778 -35.930985304991175 166.82930306934949
-18.373763500488703 -36.27860567461093 166.3491140548777
-18.466384173159629 -36.626226044230684 165.86892504040588
-18.093961957690802 -36.997544538410928 165.58009244303327
-18.109585964586802 -37.345593717699984 165.09160737754536
-18.125209971482803 -37.693642896989047 164.60312231205745
-18.101813480622745 -37.986869229795516 164.08017783893982
-18.07841698976269 -38.280095562601971 163.55723336582213
-17.853360152279102 -38.367882462085319 163.00801311839768
-17.955969333692831 -38.874151908989816 162.702787623033
-17.879327781933199 -39.1197788470635 162.1607604282942
-17.812502323082668 -39.599845284981171 161.80710724615886
-17.745676864232141 -40.079911722898842 161.4534540640235
-17.727296015660027 -40.212118705613825 160.86848957097527
-17.996913863902201 -40.12712093281506 160.33926221479598
-18.045604956780686 -40.686220726887477 160.12704393626541
-18.003759738345352 -41.025844199173683 159.63419012957792
-17.961914519910017 -41.365467671459896 159.1413363228904
-17.920069301474676 -41.705091143746131 158.64848251620293
-17.935910155925747 -41.759408936105174 158.05115626969814
-17.951751010376817 -41.813726728464218 157.45383002319335
-17.954326401721701 -42.052642485300382 156.90345503421329
-17.956901793066585 -42.291558242136539 156.35308004523318
-17.906666543637705 -42.550981258248974 155.81440006748579
-17.856431294208825 -42.810404274361431 155.2757200897384
-17.897778005963261 -43.244729603388031 154.86383180634951
-17.982925639982874 -43.422696442494313 154.29719463443138
-18.004630958472656 -43.768736539081445 153.80751603503865
-18.026336276962446 -44.114776635668576 153.31783743564591
-17.991272837356014 -44.14667973136423 152.71971307759983
-17.906268832466814 -44.65096060571905 152.40590562244185
-17.911614449631564 -45.030077910962675 151.94088788811126
-17.916960066796317 -45.4091952162063 151.4758701537807
-17.948180540778356 -45.442800538930214 150.87762608628904
-17.913497360875489 -45.637570859118632 150.31117961979331
-17.878814180972626 -45.832341179307051 149.74473315329755
-17.850562784214794 -46.197149841295392 149.26921606767445
-17.822311387456963 -46.561958503283741 148.79369898205132
-18.100742264143783 -46.432338541957378 148.27826235885388
-17.97517001865759 -46.837739171208639 147.85413744686895
-17.8495977731714 -47.243139800459886 147.43001253488399
-17.830605184216004 -47.562707880221353 146.92255266064529
-17.824587453237914 -47.79477991728541 146.36928386835098
-18.130263734279506 -47.592408869118159 145.89430179492896
-18.077206663961842 -48.073726690992252 145.5400164556392
-18.071645550850953 -48.351361453109583 145.00814427843397
-18.066084437740056 -48.628996215226913 144.47627210122874
-17.817593748132431 -49.014553394878376 144.08949304492199
-17.881628198987382 -49.094141322580739 143.49825252629381
-17.997750669752701 -49.368315536273563 142.97734555539662
-18.11387314051802 -49.642489749966394 142.45643858449944
-17.867943403887491 -49.925302052042738 141.9878921445011
-17.998347996027952 -50.312891059585702 141.54883701859941
-18.128752588168407 -50.700480067128652 141.10978189269773
-17.808334242484086 -50.879836201955364 140.63526797230239
-18.075883353351323 -51.109724161233501 140.14991346325453
-18.068979936474069 -51.484855186626774 139.68169443691878
-17.872938601409263 -51.910866673112025 139.30741912604637
-17.955041432640492 -52.110801400324682 138.74770024128526
-18.037144263871721 -52.310736127537325 138.18798135652418
-18.066498557379283 -52.504487510494684 137.62088460370788
-18.14597490667407 -52.793161787827884 137.1009320371127
-18.225451255968856 -53.081836065161085 136.58097947051749
-18.152617013716757 -53.357737754925708 136.05317891089237
-18.079782771464661 -53.633639444690345 135.52537835126725
-18.071340013579416 -53.919786214228154 134.99807507408951
-18.062897255694168 -54.205932983766004 134.47077179691183
-18.06961018556887 -54.493998341218777 133.94448928113906
-18.119203707902425 -54.860017566964736 133.47165695469886
-18.168797230235981 -55.226036792710694 132.99882462825863
-18.194422290526113 -55.556217340452314 132.4985005710935
-18.209746304720802 -55.666977375725494 131.90901147944274
-18.13416474074387 -55.586659216808414 131.31923489417085
-18.231663991484364 -56.083529987184178 130.99734464322927
-18.271465984138146 -56.424457132544049 130.50522221645159
-18.311267976791925 -56.765384277903912 130.01309978967387
-18.381922542946235 -57.182951002791768 129.58807512856822
-18.452577109100542 -57.600517727679616 129.16305046746257
-18.324394692476851 -57.875991289948445 128.64566899837092
-18.212567126164981 -57.98393780059483 128.06615010631299
-18.10073955985311 -58.091884311241223 127.48663121425507
-18.13843385297977 -58.388091164093261 126.96620769385156
-18.145081108183795 -58.653551004852282 126.42816783757469
-18.151728363387825 -58.919010845611297 125.89012798129779
-18.342375366554315 -59.34480479836931 125.5128307112595
-18.533022369720811 -59.770598751127338 125.13553344122121
-18.341164921134457 -59.861294869823197 124.57431607381761
-18.149307472548099 -59.95199098851905 124.01309870641401
-18.213497660524453 -60.448378875000309 123.6822230712847
-18.26487712266275 -60.984473649777215 123.41771873610796
-18.316256584801046 -61.520568424554121 123.15321440093126
-18.178170574987874 -60.952218296475323 123.01938471137514
-18.040084565174705 -60.383868168396532 122.885555021819
-18.137574747761814 -60.641469923633259 122.35250999558005
-18.235064930348923 -60.899071678869987 121.81946496934108
-18.331841071503039 -61.154045894739816 121.28502832412963
-18.386039883827451 -61.686170107860846 121.55688547513535
-18.330293528876343 -62.238568067433278 121.3294017654551
-18.274547173925235 -62.790966027005709 121.10191805577486
-18.344946103991063 -63.233830809575366 120.70327689507376
-18.279808177485876 -63.589149214204454 120.22420917349105
-18.214670250980692 -63.944467618833542 119.74514145190832
-18.171370716025407 -64.30469165983105 119.26726721054342
-18.128071181070119 -64.664915700828573 118.78939296917854
-18.236366823538088 -65.118628160342496 118.41201112289511
-18.262281556556609 -65.230082396353396 117.823023533987
-18.258239158083398 -65.362368998008009 117.23780228177785
-18.218930231107784 -65.847751634087686 116.887290506152
-18.179621304132173 -66.333134270167349 116.53677873052615
-18.132519677727259 -66.411516538587676 115.94378829486357
-18.125478156162281 -66.697256555198095 115.4162439271735
-18.187659074972888 -67.107098742617239 114.98246643265888
-18.225812766955116 -67.280753883901525 114.40941478778413
-18.173856836934572 -67.297224039089471 113.81189548656971
-18.128000126705839 -67.688151511582532 113.35904576163087
-18.192200285733993 -67.706871115789383 112.762784144554
-18.181140057728211 -68.206106326934872 112.43015540961221
-18.170079829722432 -68.705341538080376 112.09752667467042
-18.150642389471628 -68.881733334193129 111.52437039564992
-18.159855334360749 -68.906356366210034 110.92494664908932
-18.260282931585593 -68.82140998174107 110.33954216543609
-18.211164944504343 -69.230404784518356 109.90329604838033
-18.162808631020315 -69.635973928695833 109.46377888576049
-18.127260649774442 -69.865469098443754 108.91054447966148
-18.342796645880302 -69.989910829221969 108.3645971470152
-18.55833264198619 -70.114352560000242 107.81864981436895
-18.08609409630898 -70.415005372606913 108.03451700096377
-18.120783857136534 -70.632274388983348 107.47631381661552
-18.170251780894844 -70.977919727299962 106.98837711516845
-18.181492198404253 -71.0402937694207 106.39173389524237
-18.192732615913666 -71.102667811541465 105.79509067531633
-18.347300261903975 -71.608469267937977 105.51176448605706
-18.50186790789428 -72.114270724334474 105.22843829679778
-18.207623003008976 -72.206131290063198 104.71367468851429
-18.322007964373729 -72.531296964907426 104.22257045872524
-18.141425963573543 -72.703154424193173 103.67680938034493
-18.362987509075602 -73.157295608905542 103.35328771816016
-18.395088751014541 -73.510492876698891 102.86932366960976
-18.526783194312237 -73.702297334245415 102.31627066702339
-18.658477637609927 -73.89410179179194 101.76321766443702
-18.683154302149227 -73.91301459567859 101.16402373249483
-18.647812831206739 -74.418471553377586 100.84267618801175
-18.707566275161096 -74.519389239317306 100.25425019725321
-18.767319719115456 -74.620306925257026 99.665824206494676
-18.84976700576496 -75.038788041510045 99.34054881835246
-18.932214292414464 -75.457269157763079 99.015273430210243
-18.932214292414464 -75.457269157763079 99.015273430210243
-19.291469211015244 -75.647636826108652 98.574029671829663
-19.65072412961603 -75.838004494454239 98.132785913449112
-19.37653042998117 -76.094782626061686 97.664936785835579
-19.159690460741462 -76.411187115314107 97.203559904185624
-18.942850491501755 -76.727591604566513 96.74218302253567
-18.726010522262051 -77.043996093818919 96.280806140885701
-18.659195266569441 -77.243004205452891 95.718728305429963
-18.59238001087683 -77.442012317086864 95.156650469974224
-18.525564755184227 -77.641020428720807 94.594572634518471
-18.580953386795201 -77.897874470327451 94.055167313077732
-18.55316509283427 -78.45365111100844 93.830801236336853
-18.513160998579576 -78.778550606398213 93.327969266054197
-18.48835051465058 -78.93674287154407 92.749730866140084
-18.509728797314466 -79.253780741115804 92.240781007816352
-18.531314934803525 -79.548359866897044 91.718519409264189
-18.552901072292592 -79.842938992678299 91.196257810712027
-18.572213347418618 -80.016353436180992 90.622189463897726
-18.529981411175587 -80.193718561894002 90.050561896558662
-18.487749474932556 -80.371083687607012 89.478934329219612
-18.566277826266166 -80.828564411477927 89.098744001458144
-18.644806177599783 -81.286045135348857 88.71855367369669
-19.033538985712607 -81.524573858414371 88.328693631926001
-19.422271793825434 -81.763102581479899 87.938833590155312
-19.443590192352147 -82.060492024850731 87.418156103743769
-19.121959563988661 -82.296650380804209 86.970067976460911
-18.800328935625178 -82.532808736757687 86.521979849178052
-18.718396464738042 -82.825680795052079 86.004763233353756
-18.636463993850914 -83.118552853346486 85.48754661752946
-19.071460705924736 -83.330742750424605 85.132929488694799
-19.506457417998554 -83.542932647502738 84.778312359860138
-19.606524954240246 -83.841958243761084 84.267851606253302
-19.216050024154764 -83.908975456646047 83.817254200410929
-18.825575094069286 -83.97599266953101 83.36665679456857
-18.435100163983805 -84.043009882415973 82.916059388726197
-18.502143437782728 -84.576685684390227 82.650173439820549
-18.569186711581658 -85.110361486364496 82.384287490914915
-18.646535335302627 -85.279084862654287 81.813717939762881
-18.690351617859189 -85.554284999723535 81.282356463985792
-18.71277071944828 -85.751483876225009 80.716132138306918
-18.735189821037366 -85.948682752726484 80.149907812628058
-18.755803940146684 -86.089735249872774 79.567087727917396
-18.732935833062022 -86.415542707669758 79.063772170714728
-18.71006772597736 -86.741350165466741 78.560456613512059
-18.687199618892699 -87.067157623263739 78.057141056309405
-18.703879518408566 -87.479195487516478 77.621312443923543
-18.720559417924431 -87.891233351769216 77.185483831537681
-18.677733785031123 -88.076846977188993 76.616525531461292
-18.634908152137815 -88.262460602608797 76.047567231384917
-18.875529182928279 -88.748975651615154 75.791823948713287
-18.758019734820838 -89.152765095419312 75.36386879372877
-18.725645186128528 -89.408491947972351 74.822061018332107
-18.693270637436221 -89.66421880052539 74.280253242935444
-18.785091446136597 -89.462974766733595 73.722516945073437
-18.694703182939598 -89.749768497239643 73.203306662029419
-18.695461808420877 -90.308901799003564 72.98566159466985
-18.777588693803843 -90.670805774220952 72.514195066251176
-18.812836582038333 -91.024690703779058 72.030952846441423
-18.86592401071329 -91.267784737034916 71.484979389291638
-18.91901143938825 -91.510878770290759 70.939005932141853
-18.899862200728467 -91.717897208799769 70.376176763764775
-18.880712962068682 -91.924915647308794 69.813347595387683
-18.902431690631051 -92.329868396502135 69.371146772513754
-18.924150419193417 -92.734821145695477 68.928945949639811
-18.896565770194897 -92.82441921201405 68.336315142432142
-18.978977124989058 -93.312961017309902 67.997884539384387
-19.004992726061445 -93.659869500678852 67.509031092360132
-19.031008327133836 -94.006777984047815 67.020177645335892
-19.024712539378974 -94.338805954496081 66.520459935126866
-19.018416751624109 -94.670833924944347 66.020742224917825
-19.012120963869251 -95.002861895392613 65.521024514708799
-18.998049548970005 -95.323496129726607 65.014077098248478
-19.014483822900655 -95.6063489385335 64.48518750372952
-19.02240487093114 -95.910185070397034 63.967866653606222
-19.030325918961626 -96.214021202260568 63.450545803482918
-19.022757669881663 -96.513797158186946 62.930856379062632
-19.025653992183756 -96.813785450462916 62.411242449481755
-19.028550314485845 -97.113773742738871 61.891628519900884
-19.031446636787933 -97.413762035014841 61.37201459032002
-19.034342959090022 -97.713750327290811 60.852400660739157
-19.037239281392111 -98.01373861956678 60.332786731158286
-19.027126552892295 -98.306156409778112 59.808964653836014
-19.038396568768611 -98.60609840792273 59.289438153557967
-19.049666584644921 -98.906040406067333 58.769911653279905
-19.097200917590872 -98.910855648234332 57.854506054893683
-47.775751242770539 -63.634397366949464 139.06921308540831
-48.116165876522039 -63.767490838429282 138.59339378674832
-48.456580510273533 -63.900584309909121 138.11757448808834
-48.782180031556393 -64.084749121127274 137.64846013737059
-49.140799056745209 -64.170878441594411 137.17520108048049
-49.482207272141046 -64.22425763003757 136.68470022145843
-49.823615487536884 -64.277636818480744 136.19419936243636
-50.146265406197926 -64.335284632909563 135.69163219331409
-50.498931198128687 -64.364533153540719 135.20710008576833
-50.85159699005942 -64.39378167417189 134.72256797822254
-51.171136971213485 -64.406807472916881 134.21490221316532
-51.523517865879555 -64.396794512860239 133.72938450421412
-51.82913057805397 -64.332894382466336 133.2170197479193
-52.171999354161827 -64.309270000857822 132.72520383625729
-52.491829350060911 -64.29338927072618 132.21780204661354
-52.806144337597765 -64.336536545545258 131.70854336844951
-53.064458615177195 -64.120610894018796 131.21190482079993
-53.32500576284491 -64.023416161051699 130.6802391667224
-53.585552910512625 -63.926221428084624 130.14857351264487
-53.952528080176435 -63.904561980770396 129.67437936127618
-54.168966292674739 -63.889015027812832 129.11499327597886
-54.426919535656282 -63.732762096466956 128.59629765629316
-54.654521653082007 -63.634671773894752 128.04987697150807
-54.914589194687991 -63.578672358040095 127.51207687925542
-55.129506754306135 -63.431778938258944 126.97149130250295
-55.463029541612606 -63.355254293338646 126.47863581753079
-55.672208948846887 -63.204839852877946 125.9367691626331
-55.881388356081189 -63.054425412417245 125.3949025077354
-56.108830940310142 -62.999188407567388 124.8424364507016
-56.386929595880666 -62.950683845882267 124.31299481532938
-56.534642686348697 -62.832477609069279 123.74360204361297
-56.702339775588733 -62.800929026815524 123.16837828435209
-56.906621360492217 -62.553073567027411 122.66158769138242
-57.110902945395722 -62.305218107239298 122.15479709841277
-57.277443841549619 -62.354410668317634 121.58047643724619
-57.443202742627477 -62.652490902833087 121.08684483320864
-57.609738130675872 -62.461313937740883 120.54304585146474
-57.776273518724267 -62.2701369726487 119.99924686972084
-58.020380423191774 -62.249566365407944 119.45153465577172
-58.163385442956859 -62.12204193986851 118.88295125361087
-58.30639046272195 -61.994517514329083 118.31436785145002
-58.608512435672274 -62.030460403773361 117.79723109762276
-58.700080269216109 -61.901411260576481 117.21847238235341
-58.84166880910751 -61.683535577519557 116.67765552601118
-59.033762690488516 -61.81241787780715 116.124040774213
-59.127576955072207 -62.007171185392622 115.56433546519301
-59.259693565183753 -61.769990325557202 115.02927430881894
-59.420211142347839 -61.681033485917013 114.45802936301845
-59.581289385173342 -61.469543390884247 113.92013928187615
-59.744581718298527 -61.2201313718313 113.39943854374101
-59.87698350480882 -61.000901737599158 112.85684464919066
-59.946207955613332 -60.920913322966612 112.26624340559616
-60.189811034213527 -60.942847478621658 111.71835981128784
-60.296076791297779 -60.743056514698608 111.16267000608532
-60.402342548382038 -60.543265550775558 110.6069802008828
-60.575070089965791 -61.022328915845094 110.28970510159721
-60.726150721440547 -60.954304953952871 109.71303588670735
-60.877231352915302 -60.886280992060655 109.1363666718175
-60.980872636884058 -60.538352776724103 108.65865918681224
-61.084513920852807 -60.19042456138753 108.18095170180702
-61.251600171905274 -60.275191637104378 107.61095457235493
-61.428013918775562 -60.288934966645286 107.03764025122879
-61.588150733443044 -60.230010747244116 106.46241495888144
-61.743260535709375 -60.116839754792011 105.89396682957825
-61.902147095294822 -60.196875469135172 105.32094907626454
-62.061033654880269 -60.276911183478333 104.74793132295083
-62.181840752010302 -60.337022031203318 104.16330124224268
-62.365476666860857 -60.179375742266906 103.61427893089133
-62.542581135741457 -60.06775909784524 103.05198387330094
-62.900392242493695 -60.146085858678006 102.57676168271828
-63.006869429878819 -60.072651393744195 101.99086921141792
-63.113346617263936 -59.999216928810384 101.40497674011756
-63.3233654872746 -59.94040288506676 100.84601969123278
-63.565923411603386 -59.918328688762116 100.29767820711653
-63.660414720890365 -59.972401082289707 99.707637896012756
-63.944892608968566 -59.834715399828134 99.197623205989359
-64.153222686496719 -59.70196636970504 98.650835976988461
-64.357008519216691 -59.646222188881779 98.089263256241651
-64.560794351936664 -59.590478008058504 97.527690535494827
-64.764708237947389 -59.453674907114149 96.980238219156675
-64.95041114527541 -59.32933408830128 96.423413479236757
-65.136114052603418 -59.204993269488412 95.866588739316867
-65.300318084419104 -59.285468688597931 95.295133804212952
-65.517230080201344 -59.133203759890705 94.756835952116589
-65.875218986720128 -59.043083169951501 94.283843116992756
-66.071231219635649 -58.983749487331615 93.719876168799658
-66.281444239538203 -58.829351348993804 93.179532110683652
-66.491657259440757 -58.674953210656 92.639188052567661
-66.728895977280146 -58.698250033430554 92.088574713820293
-66.96613469511955 -58.721546856205109 91.537961375072911
-67.203373412958925 -58.744843678979649 90.987348036325528
-67.441491263691447 -58.428875082372485 90.536278490556114
-67.667748931722514 -58.343314143500471 89.987200360053293
-67.883327658872162 -58.119314854765072 89.474023849438694
-68.11538339218319 -58.134394969190133 88.92092103188449
-68.349868208965205 -58.130552828547671 88.368651071942807
-68.58435302574722 -58.126710687905224 87.81638111200111
-68.829583735512685 -57.849886131283654 87.343908823036784
-69.050600154940867 -57.799284507937443 86.788398950885181
-69.303445816555211 -57.685916942528124 86.256217716232953
-69.55629147816957 -57.572549377118797 85.72403648158074
-69.797267251175441 -57.41414139708796 85.197882902588091
-70.030616210269713 -57.294204878111728 84.658287225524731
-70.246703343754604 -57.199800873795922 84.106567881372797
-70.485979578711408 -57.102024566623811 83.565100728961255
-70.725255813668227 -57.0042482594517 83.023633576549699
-71.016259364434859 -57.053574681677311 82.501250730820971
-71.207661828659724 -56.775163334656973 82.005415860587973
-71.399064292884574 -56.496751987636628 81.509580990354976
-71.590183928414618 -56.557712365729671 80.944110286235286
-71.885005543840364 -56.577635777462696 80.42191944684545
-72.179827159266111 -56.597559189195707 79.899728607455614
-72.303203905154689 -56.314208194750485 79.385442313140032
-72.5329561004543 -56.289302492385652 78.831733332948517
-72.762708295753924 -56.264396790020818 78.278024352757001
-72.886853716406932 -56.001358507808142 77.753239847820467
-73.01099913705994 -55.738320225595473 77.228455342883919
-73.432410802461561 -55.634105211053694 76.814267657157401
-73.681408496102875 -55.479583918137976 76.290699783241365
-73.862151901523006 -55.372712637451286 75.728640755414645
-74.042895306943123 -55.265841356764589 75.166581727587911
-74.420481277526974 -55.226598863642906 74.70194330736004
-74.640053555119707 -55.127914656104998 74.152353058087584
-74.930678408053168 -54.988604661665441 73.646260259969836
-75.169152659641938 -54.871211561067625 73.108348658253334
-75.395805799795795 -54.766640019148291 72.56273602397971
-75.622458939949652 -54.662068477228978 72.017123389706086
-75.897911782336351 -54.559263429929658 71.494096761444311
-76.17336462472305 -54.456458382630345 70.97107013318255
-76.359951621501096 -54.417359496870247 70.402161907046136
-76.596198950555646 -54.229734555409266 69.883525154726797
-76.832446279610195 -54.042109613948298 69.364888402407445
-77.078430082104177 -53.959192623661558 68.823947794177315
-77.387878670683207 -53.978858372875791 68.310279779469084
-77.603998762875619 -53.941333053019129 67.751814063314185
-77.820118855068031 -53.903807733162481 67.193348347159287
-78.068703795539534 -53.865611057016089 66.648603873757168
-78.386600128039589 -53.858667326230957 66.139787888959319
-78.645690044286169 -53.643020915862145 65.643432128446378
-78.843353401757071 -53.567749002655049 65.08194897091137
-79.001801802229366 -53.38330322753044 64.533429271696789
-79.160250202701732 -53.198857452405832 63.984909572482231
-79.485492289622542 -53.194904101738096 63.480725126159356
-79.692794899596933 -53.100422862514755 62.925658532557634
-79.900097509571339 -53.005941623291413 62.370591938955911
-80.106159392400897 -52.788904109404427 61.850559999542099
-80.359656925237488 -52.706111475872852 61.313080343481829
-80.529840606438697 -52.540932590918352 60.761942020900293
-80.700024287639906 -52.375753705963838 60.210803698318749
-81.05499501659591 -52.440409719754641 59.731413062756133
-81.0926873512051 -52.207239855987027 59.179859708544328
-81.311628467416668 -52.061609368014935 58.640548528792749
-81.530569583628235 -51.915978880042829 58.10123734904117
-81.8171587287259 -51.851005519203021 57.57812634333267
-81.995040598026804 -51.560929312552467 57.083946381264965
-82.216710898760624 -51.411447014618219 56.546808298108623
-82.441049708699126 -51.277959976178593 56.006573803723086
-82.665388518637641 -51.144472937738968 55.466339309337549
-82.87924507175363 -51.011133106574853 54.921834154068584
-83.093101624869618 -50.877793275410724 54.377328998799634
-83.318494323328366 -50.746684128595845 53.8369508690581
-83.543887021787128 -50.615574981780966 53.296572739316574
-83.793876184096206 -50.503232215037862 52.762826993208456
-84.043865346405269 -50.390889448294764 52.229081247100325
-84.226000626361056 -50.283549941305402 51.66756101591119
-84.408135906316843 -50.176210434316047 51.106040784722047
-84.55911757731694 -49.688148456679919 50.791398065105128
-84.780447927197542 -49.772033610913169 50.240057737248549
-84.992825822838768 -49.772930145882455 49.678902833796698
-85.247455610430805 -50.066440349685919 49.221720778665393
-85.404014662600829 -49.681691631468119 48.788756938358397
-85.593519963130476 -49.527175183234952 48.240840513803903
-85.783025263660107 -49.372658735001785 47.692924089249409
-86.008594927499516 -49.393230230428095 47.137320687233817
-86.135262081369461 -49.013595993258257 46.690293531348445
-86.420145057627025 -48.979058125297158 46.163369603712461
-86.678043526450793 -48.937382543995191 45.623229320358682
-86.935941995274547 -48.895706962693225 45.083089037004903
-87.144223410749007 -48.874438593946905 44.520802180979594
-87.392898868355942 -48.751855497449831 43.988698900368419
-87.641574325962864 -48.629272400952757 43.456595619757252
-87.8902497835698 -48.506689304455691 42.924492339146077
-88.069095609522122 -48.270655064062161 42.402666690196853
-88.295733342652127 -48.261623707194993 41.847190522827958
-88.532684370757266 -48.144234195381067 41.308605420178431
-88.769635398862391 -48.026844683567141 40.770020317528903
-89.022160512837914 -47.93361423040966 40.233793547015054
-89.306992280932533 -47.884401911907638 39.708009359736906
-89.503523560466562 -47.723251137703897 39.164496816976154
-89.700054840000575 -47.562100363500157 38.620984274215409
-89.896586119534604 -47.40094958929641 38.077471731454665
-90.200276173183198 -47.37711434647089 37.560553718115642
-90.408066997577805 -47.234849760747565 37.015958675036487
-90.615857821972412 -47.09258517502424 36.471363631957338
-90.794785685817104 -47.118296827380185 35.89924150297341
-90.934317949403891 -47.122024288727111 35.315703283616479
-91.036306688843823 -47.121076190443489 34.724435663889935
-91.138295428283769 -47.120128092159874 34.133168044163384
-91.310256103779608 -47.012447006787895 33.568513893433824
-91.407794932258795 -46.789742526958008 33.019980492807562
-91.47563861283767 -46.475417912230547 32.513426180238874
-91.543482293416545 -46.161093297503086 32.006871867670178
-91.647784293189758 -46.121070564841304 31.417364214018768
-91.758953185182236 -45.96942347002841 30.847588261483061
-91.870122077174699 -45.817776375215502 30.277812308947354
-91.981097092493286 -45.67039650640654 29.70687998349635
-92.083937854187099 -45.533419865940999 29.178010442725196
-92.186778615880911 -45.396443225475458 28.649140901954041
