45.261580572369716 40.200113078460973 75.731981248788742
58.299130896515251 112.64040953963483 89.294792763289877
45.261580572369716 40.200113078460973 75.731981248788742
45.515848651680827 40.714181949192557 75.555683375891206
45.823470383353978 41.17482589667511 75.786282647030774
46.131092115027137 41.635469844157669 76.016881918170327
46.088661523394364 42.23315630157191 75.985728370743033
46.240638190091396 42.806925381751498 76.073433190505312
46.392614856788427 43.380694461931071 76.161138010267592
46.544591523485465 43.954463542110659 76.248842830029872
46.515529079361777 44.553738179916579 76.243814627156368
46.486466635238102 45.153012817722505 76.23878642428285
46.799986653470725 45.649098069773693 76.363704881144614
47.113506671703355 46.145183321824881 76.488623338006363
47.031722436531631 46.738680744532253 76.45587966507432
47.18223981406225 47.316774696489531 76.512021465648544
47.332757191592876 47.894868648446817 76.568163266222754
47.596347345344157 48.424749994890284 76.666885044654038
47.859937499095437 48.954631341333751 76.765606823085335
47.705438420193317 49.53130582477938 76.705802352005747
48.111127717366401 49.953875464229952 76.835614115624551
48.101198748113426 50.553790942060033 76.83393036104583
48.10393897866431 51.153779426923407 76.831418555344314
48.207740893154778 51.743539899136657 76.868938522867126
48.452438918064658 52.285164213313735 76.951194093483394
48.467752520286702 52.884964468706833 76.948925345512819
48.894904064727335 53.284676823563061 77.082235478125696
48.783826053258153 53.87323481574326 77.046722590199394
48.999212397046506 54.429721687110614 77.109420954653928
48.731737918113232 54.964189298081259 77.056489150011487
49.18816870734782 55.344215658116795 77.141641368519487
49.415203402429043 55.897667359570256 77.187971287445123
49.642238097510258 56.451119061023704 77.234301206370759
49.869272792591481 57.004570762477158 77.280631125296395
50.050068076820338 57.575167617204315 77.3222519683451
50.230863361049195 58.145764471931479 77.36387281139379
50.320129628931682 58.738907598208549 77.378459283502963
50.409395896814161 59.332050724485626 77.393045755612178
50.595653854303819 59.899470067075853 77.450866711383028
50.781911811793478 60.466889409666088 77.508687667153865
50.957274236485304 61.040634956572049 77.516691879281524
51.025635586772282 61.635545242370689 77.554221569367115
51.257303388438515 62.184286390712614 77.626423936277888
51.488971190104749 62.733027539054532 77.698626303188647
51.667943075499885 63.301321821196929 77.769412411447007
51.846914960895035 63.869616103339332 77.840198519705353
52.039716984824466 64.433777438009599 77.907647522898756
52.092529115072253 65.03116605144308 77.926024776194936
52.36131389810938 65.558478179500284 78.024496396530267
52.489542384064521 66.142864584267997 78.069773160022407
52.617770870019648 66.72725098903571 78.115049923514562
52.584215179659068 67.32621199205056 78.104107688282255
52.850483313636822 67.855220047515672 78.200293747984418
53.116751447614568 68.384228102980785 78.296479807686566
53.427699053355106 68.889460632698174 78.386210947206806
53.635260080483306 69.447935979764239 78.457089059039248
53.842821107611499 70.006411326830303 78.52796717087169
53.939080300805969 70.597743841690288 78.560525189775092
54.035339494000439 71.18907635655026 78.593083208678493
54.131598687194902 71.780408871410245 78.625641227581895
54.201350763122697 72.375918897568553 78.648056772382176
54.271102839050499 72.971428923726862 78.670472317182472
54.656062298785528 73.406073173549117 78.821768683487022
54.734985876595353 74.000159892222356 78.850613779461199
55.090775497935191 74.467760167252237 78.972119862184798
55.115148245800128 75.065330797140376 79.020237545593261
55.139520993665087 75.66290142702853 79.06835522900171
55.44830451507822 76.1757601894804 79.108711476102329
55.457428996220834 76.228390729808353 79.706329054549172
55.466553477363448 76.281021270136335 80.303946632996002
55.471529973687225 76.867379485753219 80.431065779716363
55.615830076983045 77.384664291496804 80.163495396572699
55.715507254736096 77.80689410529024 79.749024113394768
55.995637083865894 78.305526358642709 79.567659412451206
56.050871215536134 78.902081393968416 79.534928990422529
56.106105347206366 79.498636429294123 79.502198568393865
56.269794865868633 80.060218358234252 79.635733127845697
56.315985876931578 80.658021682783314 79.658039531748301
56.362176887994529 81.25582500733239 79.680345935650905
56.556657425450418 81.767282733124233 79.926492874040747
56.861577975483691 82.257887391999049 80.088759712482073
57.166498525516957 82.748492050873864 80.251026550923399
57.033433758858926 83.328859226848252 80.177082592916264
57.045693471736385 83.928648344826428 80.166947831196723
57.049119968200024 84.528635108286352 80.164912445517473
57.348537551933859 84.951525017510335 80.467423991127774
57.448736818548774 85.538162331188474 80.543691737720479
57.582810747249837 86.104515402772066 80.689528564175561
57.691370204755572 86.685281982440145 80.79405140439097
57.799929662261299 87.266048562108224 80.898574244606394
57.94691246222866 87.808492896162193 81.108693736720994
58.163127466311586 88.307773547279197 81.361616458969507
58.342908739441746 88.856368791418348 81.525084963396495
58.348124032664863 89.456201372353959 81.51190636086389
58.380553886874623 90.051012290782779 81.583657847773992
58.412983741084375 90.645823209211585 81.655409334684094
58.603176099475036 91.173938467136352 81.86735541546139
58.756716697197248 91.72483101115975 82.048856627001499
58.910257294919447 92.275723555183163 82.230357838541593
59.108628771133986 92.822950943216455 82.375928931862745
59.179063798769413 93.416773813393633 82.425054340121093
59.218580436863803 94.013284649667156 82.476174370656878
59.330958257264662 94.551578964645003 82.716196152886099
59.443336077665514 95.08987327962285 82.956217935115291
59.791496866041051 95.274623628757652 83.408602035114725
59.844457083067525 95.872047185774051 83.425344464280499
59.858739464896345 96.471853447914498 83.430679393184022
60.011120509555425 97.011431678000008 83.644303714941628
60.128598874030502 97.574078570446545 83.816429565122561
60.246077238505585 98.136725462893082 83.988555415303495
60.409833295828115 98.691819683132877 84.146841107476035
60.512049743797625 99.250879702982871 84.339204544671972
60.614266191767157 99.809939722832851 84.531567981867909
60.769809023667541 100.36991769314459 84.680668955070459
60.794587714571684 100.95677064109125 84.803101115728523
60.90042199901508 101.52704643632492 84.956673970123305
61.00625628345847 102.09732223155859 85.110246824518072
61.085608687245589 102.59636922433383 85.433751530844248
60.896410631818398 103.13086463280565 85.237489577972269
60.775555769353289 103.61189556564118 85.575133390108562
60.654700906888159 104.09292649847669 85.912777202244854
60.533846044423044 104.57395743131221 86.250421014381132
60.524253656764074 105.17321764207104 86.222221973612378
60.51466126910509 105.77247785282987 86.194022932843637
60.521692664999613 106.37217541633795 86.176320057533985
60.221052047836586 106.80817086558628 86.458318617010065
59.888698933926968 106.98433046956484 86.925768295158093
59.665935652295069 107.47914966696007 87.181757518067428
59.524485316631569 108.03683675633826 87.351983582116276
59.427447622894 108.61246001292405 87.490697505251916
59.184264851626587 108.96660505050247 87.909557185953332
58.971649017939612 109.37013357691967 88.299376677042659
58.759033184252658 109.77366210333687 88.689196168132014
58.595883204398191 110.26545454266177 88.991722663990402
58.510161307918338 110.83382493365892 89.16378909041245
58.424439411438485 111.40219532465605 89.335855516834528
58.361785153976868 112.02130243214545 89.315324140062202
58.299130896515251 112.64040953963483 89.294792763289877
