-94.648793415715488 -124.34858633027606 482.13782718229658
-43.498938481770068 -67.254475123044898 478.7204669505096
-94.648793415715488 -124.34858633027606 482.13782718229658
-94.149431923605363 -124.09800692041264 482.35656917540729
-93.650070431495266 -123.84742751054921 482.57531116851806
-93.516688161777253 -123.32116022307991 482.3198666299885
-93.232993276635312 -122.79259397521579 482.33148272929731
-92.949298391493372 -122.26402772735169 482.34309882860606
-92.608542492411274 -121.86814319400894 482.63832899898296
-92.198594185587211 -121.43376017386784 482.5812871060869
-91.788645878763163 -120.99937715372671 482.5242452131908
-91.999899985244326 -120.79171628566749 483.04601974914647
-91.57364832772987 -120.37617924685478 482.97092984409301
-91.1473966702154 -119.9606422080421 482.89583993903943
-90.702166219998986 -119.57076654182349 482.79701276114446
-90.256935769782586 -119.18089087560489 482.69818558324948
-89.987398279967081 -118.66239088238933 482.83422711594977
-89.71786079015159 -118.14389088917376 482.97026864865001
-89.261347704685065 -117.75477343415366 482.98381150641808
-88.957049873110961 -117.23856162682894 483.01427787603836
-88.652752041536843 -116.72234981950423 483.04474424565853
-88.259247340858266 -116.27400245394104 483.10907689939211
-87.865742640179718 -115.82565508837783 483.17340955312574
-87.460153488264169 -115.38477862764162 483.2069563296792
-87.090695891032993 -114.91289381861705 483.23569325470623
-86.721238293801804 -114.44100900959248 483.26443017973332
-86.310732234574729 -114.00926713460747 483.33573045127758
-85.90022617534764 -113.57752525962246 483.40703072282179
-85.602733650231372 -113.05971861464886 483.46512096228696
-85.157793186421856 -112.6582324397518 483.49404906335678
-84.705004029823883 -112.26515822056453 483.51583524883364
-84.40138654299777 -111.74767882148107 483.52144713065826
-84.025605725064281 -111.28001396980378 483.53029943989907
-83.650576728413128 -110.81215525261992 483.55178134916952
-83.272040397776578 -110.3491532982146 483.60014907193033
-82.986987477375592 -109.82231703036329 483.63462195181256
-82.515228112509902 -109.45758484839268 483.70105640896008
-82.164260980993475 -108.97212875140401 483.7350336144317
-81.813293849477049 -108.48667265441534 483.76901081990326
-81.375421965851885 -108.07724672533035 483.79428179383478
-81.036230651793247 -107.58248023034147 483.80674646003956
-80.559960943326374 -107.2176353197348 483.81418662141402
-80.266778142154536 -106.69414747970809 483.8121066115088
-79.852939791697551 -106.25972412838128 483.81587111851803
-79.462495485798144 -105.80414586183171 483.81457225808464
-79.062564160962921 -105.356878170383 483.81713108626656
-78.662632836127699 -104.90961047893427 483.8196899144483
-78.314594055254304 -104.42110278597647 483.8045492100656
-77.966555274380909 -103.93259509301868 483.78940850568279
-77.465618564540208 -103.60244505046549 483.79736853935611
-77.052029864906231 -103.16890901081463 483.82884694241181
-76.661960906382461 -102.71305882740448 483.83568930173635
-76.255793629135212 -102.27152625394349 483.84447164006212
-75.855256448091538 -101.82488060996322 483.85328273051874
-75.444198612267584 -101.38801285242195 483.86662507021617
-75.054220823739769 -100.93247261944461 483.88663558230093
-74.664243035211939 -100.47693238646727 483.90664609438574
-74.236231053498329 -100.06230138871237 483.83673987713445
-73.838760393020266 -99.621042770749057 483.92222616920651
-73.441289732542188 -99.179784152785729 484.00771246127852
-72.978382168520227 -98.801527784752111 483.95634411291815
-72.523661569953632 -98.410255354653458 483.96796576013077
-72.219424746876655 -97.898886625456399 483.89088153163095
-71.816279722339303 -97.454939419782249 483.87126093620429
-71.409828218437468 -97.013944473298309 483.85335473192873
-70.96948109702501 -96.606608416247511 483.8402494165922
-70.590240012456078 -96.141993543983432 483.82266475719791
-70.210998927887132 -95.677378671719353 483.80508009780397
-69.856835127619433 -95.194635085746953 483.76600794938031
-69.415109160513964 -94.795204874032237 483.69297592931872
-68.983487113964841 -94.387808320607149 483.60505291077351
-68.583183269679594 -93.944512855187952 483.54807956095766
-68.254627394498499 -93.443761806365202 483.51203203695241
-67.927037393994084 -92.942455458850347 483.47492762332229
-67.442630425664973 -92.604273999214627 483.37012691057259
-66.958223457335833 -92.266092539578892 483.26532619782313
-66.632269744833607 -91.764642469073451 483.21734699299316
-66.191457906667694 -91.367408296617043 483.12852168373018
-65.754445550951885 -90.978321236350624 482.99573817389194
-65.339799398871037 -90.552532565292097 482.91344251080591
-64.920335955501884 -90.132463252342831 482.82630932542162
-64.469992094794065 -89.752462679204911 482.71321656907696
-64.126211110986787 -89.267494867231264 482.63184792326058
-63.736010984082796 -88.821741745060123 482.536726868605
-63.345810857178812 -88.375988622888997 482.44160581394937
-62.874332252221663 -88.016181671384331 482.35079346502806
-62.556166713946297 -87.511989942453752 482.28325539626729
-62.238001175670924 -87.007798213523159 482.21571732750664
-61.718837014951632 -86.725146936823549 482.11287361109817
-61.269488584276566 -86.336643721432864 482.02830860958477
-60.904985953739605 -85.864913506289824 481.96042314388899
-60.540483323202658 -85.393183291146784 481.89253767819309
-60.069077220537658 -85.033714003660407 481.80002758293733
-59.729391012227197 -84.544283460662086 481.72881646397383
-59.217311645613009 -84.25016931807167 481.62264870325379
-58.851113680936677 -83.78541734488708 481.52312657461914
-58.460589953173724 -83.342112411201057 481.4183794800353
-58.070066225410777 -82.898807477515049 481.31363238545146
-57.679542497647844 -82.455502543829084 481.20888529086733
-57.248741401455298 -82.074613353786702 481.0376140427602
-56.833291470057723 -81.666536193150563 480.89313433668048
-56.41784153866017 -81.258459032514423 480.7486546306007
-56.062041079763027 -80.791224035158251 480.62578278397103
-55.70624062086587 -80.323989037802093 480.50291093734148
-55.34480334867694 -79.862392844538803 480.37527061206202
-54.944544806287411 -79.426713608756259 480.27538716622564
-54.544286263897881 -78.991034372973701 480.17550372038932
-54.125331470173919 -78.575202019699219 480.06798472306355
-53.706376676449963 -78.159369666424752 479.96046572573778
-53.351342045001061 -77.681342825870431 479.88670428471607
-52.937892524717448 -77.253469172440404 479.8093503521871
-52.493660034867467 -76.861462488565877 479.7145439454448
-52.049427545017487 -76.469455804691364 479.61973753870251
-51.687998396390114 -75.991955151392659 479.58283094550023
-51.326569247762748 -75.51445449809394 479.54592435229807
-50.922018635950693 -75.083271233858312 479.44384695457649
-50.517468024138644 -74.65208796962267 479.34176955685496
-50.127606533192171 -74.203529909574442 479.25928510593985
-49.655901802171854 -73.849013885031866 479.15059731878983
-49.316173283628892 -73.365213271847125 479.04802295371417
-48.97644476508593 -72.881412658662356 478.94544858863867
-48.641640127031465 -72.386174092860912 478.89402274610649
-48.162349467686788 -72.033366539129446 478.81781714332709
-47.816098958006435 -71.544142389079965 478.790062584162
-47.469848448326083 -71.054918239030485 478.76230802499686
-47.088581154689741 -70.592028275020994 478.74312125813765
-46.713652386000902 -70.123861385577854 478.72736746371828
-46.338723617312077 -69.655694496134714 478.7116136692988
-45.897304586919873 -69.24966909902767 478.69450763201166
-45.455885556527669 -68.843643701920627 478.67740159472442
-45.147042145422084 -68.329686625150714 478.69893925139365
-44.683249713915387 -67.949226815144783 478.68681846563697
-44.160962986925973 -67.654500264640404 478.70560237466759
-43.498938481770068 -67.254475123044898 478.7204669505096
