6.6424619081433489 -74.859101949721151 194.09467288232437
-68.843004163737092 12.661602927219176 192.42096222882159
6.6424619081433489 -74.859101949721151 194.09467288232437
6.6477551227705813 -74.359942612008709 194.42755715268478
6.6028669194730067 -73.780667824546512 194.57730951432006
6.5579787161754313 -73.20139303708433 194.72706187595537
6.4847246654608055 -72.605887052030496 194.72451907848799
6.4114706147461815 -72.010381066976663 194.7219762810206
6.1310770792652081 -71.484479509461508 194.79130893612347
5.7392353528315443 -71.032646481162644 194.83933992574237
5.547135512865407 -70.464390483067987 194.82582060200087
5.3550356728992679 -69.896134484973317 194.81230127825935
5.1629358329331243 -69.327878486878674 194.79878195451781
4.8114941085662402 -68.841640361214303 194.79095894202712
4.4600523841993542 -68.355402235549917 194.7831359295364
4.1830768338723061 -67.823468539738727 194.76494011183925
3.9615970681763741 -67.265883760713749 194.75816312231981
3.6827916590700176 -66.734679587013787 194.74869371384949
3.4001295853369049 -66.205882416014731 194.72688307387045
3.1174675116037918 -65.677085245015675 194.70507243389142
2.8254241921424748 -65.157900560167192 194.63325347694547
2.4813092531981757 -64.672063588024969 194.55877297416095
2.1328458357572981 -64.189762282933884 194.4815803721005
1.5435200521796624 -64.107929859562532 194.40412990214855
2.103867376262559 -64.019216938154045 194.20883296420965
1.5465164564306815 -63.800514718731982 194.16972680890865
0.98916553659880369 -63.581812499309919 194.13062065360765
-0.68288722289683201 -62.925705841043751 194.01330218770471
-1.219615945005089 -62.661282504371016 193.96855201578441
-1.7563446671133451 -62.396859167698281 193.92380184386417
-2.0570228120439205 -61.898535182219938 193.77797366188932
-2.2716225217972199 -61.343046596787588 193.70462929586051
-2.4862222315505198 -60.787558011355237 193.63128492983168
-2.8865543760841397 -60.360719289193426 193.49883539485182
-3.1953693473034912 -59.854497434004784 193.40733267969998
-3.5041843185228432 -59.348275578816143 193.31582996454807
-3.8777636211741351 -58.890595091572507 193.21110615528295
-4.2618905059622687 -58.439876913779791 193.11467140744702
-4.6427380799804938 -57.983854391780881 193.0310138626935
-5.0235856539987171 -57.527831869781963 192.94735631794001
-5.2934944922766869 -56.994011615693772 192.90061067274542
-5.5634033305546557 -56.460191361605588 192.8538650275508
-5.9745209436542295 -56.032131717790456 192.76584656621358
-6.3856385567538014 -55.604072073975331 192.67782810487634
-6.6243050664423961 -55.055909836638726 192.62726666985714
-7.0264777577777036 -54.61805687342202 192.54638460171799
-7.4083161918207683 -54.160754530866164 192.47515274241002
-7.7901546258638303 -53.703452188310315 192.40392088310205
-8.174774061969579 -53.24715920898791 192.34175492464581
-8.5157686317770391 -52.7578124562841 192.27646741450744
-8.8625000661247757 -52.270491248776366 192.22855757054649
-9.2569666384834157 -51.822209457343618 192.16990981899988
-9.5843983962268098 -51.323665516434275 192.10477624084191
-9.9134833389833155 -50.826345079754589 192.03862880164985
-10.270490927314107 -50.348786281093297 191.97167228071714
-10.716622725073554 -49.950965911497264 191.91965908467614
-11.082006760413549 -49.477726683108742 191.86926921036689
-11.475471811212088 -49.033972644063525 191.77834283008508
-11.868936862010624 -48.5902186050183 191.68741644980327
-12.253219558204371 -48.139036543225032 191.59381326330814
-12.569753132247111 -47.635658473315011 191.51370698866381
-12.945842455615269 -47.17934001141338 191.4120689929328
-13.379840319959717 -46.786732861746437 191.27976071739855
-13.77484298050347 -46.349001863421918 191.16856507328791
-14.169845641047226 -45.911270865097393 191.0573694291773
-14.556797801384281 -45.465764258188138 190.94877896545839
-14.930279128793398 -45.008604024051223 190.84146532047038
-15.364322760859617 -44.603226820397481 190.75616908244882
-15.740635063699608 -44.141936139696085 190.68133621113341
-16.116947366539598 -43.680645458994697 190.606503339818
-16.49325966937959 -43.219354778293301 190.53167046850257
-16.896457879591587 -42.782013454629173 190.45316078822333
-17.299656089803584 -42.344672130965051 190.37465110794403
-17.682989856453965 -41.890495402197857 190.29231811096253
-18.066323623104346 -41.436318673430655 190.20998511398099
-18.450014180113278 -40.98301128878537 190.12458036301115
-18.828270955172098 -40.524278764037618 190.04404290054393
-19.247968824034182 -40.110058538481255 189.93324893133683
-19.639600814766872 -39.663457757589306 189.84856052397521
-20.042991778892592 -39.230105942611686 189.7511852985977
-20.423797303679009 -38.772801675059235 189.67463492844536
-20.869719968571438 -38.380843814045768 189.58790539411604
-21.31564263346386 -37.988885953032295 189.50117585978671
-21.699560730009551 -37.533591122090272 189.42828201874229
-22.083478826555247 -37.078296291148249 189.35538817769788
-22.451408376475648 -36.611638581484073 189.27257254930353
-22.850327174086708 -36.167082528052092 189.21570684549596
-23.249245971697764 -35.722526474620111 189.15884114168838
-23.648164769308824 -35.27797042118813 189.10197543788081
-24.051937571496879 -34.843777809075888 189.01008256655581
-24.476801569599555 -34.425319339726528 188.9438776381441
-24.855716564261062 -33.961598971996629 188.90663723839975
-25.234631558922565 -33.497878604266731 188.8693968386554
-25.66393014440672 -33.079214871191162 188.84882007728405
-26.093228729890871 -32.660551138115594 188.82824331591263
-26.438908599269034 -32.17108952733026 188.79770220469976
-26.7845884686472 -31.681627916544919 188.76716109348689
-27.219438454928394 -31.269966889323833 188.72920469615354
-27.611955239797954 -30.816986007130247 188.70202209210635
-28.002193402105139 -30.361545982364184 188.68503502290071
-28.392431564412323 -29.906105957598122 188.66804795369504
-28.961998913956176 -29.7175072072102 188.66319556400518
-29.190510383125961 -29.162732847397223 188.66038164290293
-29.535659761611612 -28.671950344293816 188.65827423251983
-29.981530741292136 -28.270492011586629 188.6527718168052
-30.378671905348227 -27.820738175771254 188.65215296178957
-30.739577833303702 -27.341421293044164 188.65065726817767
-31.103147518331667 -26.864119414732613 188.65069026719419
-31.466717203359632 -26.386817536421063 188.65072326621063
-31.94428877336518 -26.023636776854296 188.64571014313759
-32.421860343370724 -25.660456017287526 188.64069702006449
-32.790998742274006 -25.187515299203429 188.63270204456606
-33.160137141177287 -24.714574581119329 188.6247070690676
-33.581320501974616 -24.287287442799069 188.61920452297107
-34.002503862771952 -23.860000304478806 188.61370197687455
-34.347120027917946 -23.368941020937392 188.60367806706535
-34.691736193063939 -22.877881737395981 188.59365415725614
-35.123379010140241 -22.461772571445398 188.57046708158146
-35.550925028434918 -22.04441751314836 188.51552022039499
-35.978471046729588 -21.627062454851327 188.4605733592085
-36.211496074973482 -21.07443039808831 188.44333543445489
-36.659027461110611 -20.675549294983419 188.41864689444117
-37.10655884724774 -20.276668191878532 188.39395835442741
-37.443070636181403 -19.780107588483695 188.38026956102485
-37.853051373156759 -19.342032820550624 188.37776097386697
-38.26303211013213 -18.903958052617561 188.37525238670909
-38.696627308841073 -18.489807907006593 188.35346109149833
-38.992838586428157 -17.968246151346811 188.33822251993428
-39.439834521910875 -17.56805426583308 188.33181249412357
-39.831935233915104 -17.113968178426596 188.32388426168231
-40.22403594591934 -16.659882091020116 188.31595602924102
-40.606777429626767 -16.197815108977316 188.31420652779738
-41.033966719511128 -15.77649807441802 188.31308091762756
-41.400765957552466 -15.301738018646791 188.30525733683643
-41.767565195593797 -14.826977962875556 188.29743375604534
-42.266803671454873 -14.494403439618509 188.28497860850484
-42.628947094240317 -14.01614392013874 188.27402537335598
-43.022068864238733 -13.563060405813331 188.26096386502618
-43.415190634237142 -13.109976891487914 188.24790235669633
-43.811805236296124 -12.66037516507461 188.2243408406209
-44.258651860544077 -12.260049655989146 188.2161200636703
-44.591764725722143 -11.761095787214396 188.20712807348102
-45.009586366992302 -11.330777833894661 188.19126821418064
-45.477655375428938 -10.956371406752336 188.16422693729388
-45.8334625955479 -10.474099810052103 188.13567296861311
-46.184237507617539 -9.9879063901358265 188.11173723188639
-46.599604798238815 -9.5559714114664196 188.08170078596146
-47.014972088860084 -9.1240364327970127 188.05166434003647
-47.341914690593875 -8.6213019693638948 188.03251768371859
-47.703101516231136 -8.1424493589128311 188.01688904173403
-48.064288341868391 -7.6635967484617664 188.00126039974944
-48.425475167505645 -7.1847441380107 187.98563175776485
-48.944300989063954 -6.8930189610881172 187.91002628154891
-49.30937439457675 -6.4235407004368712 187.83058088292086
-49.674447800089546 -5.9540624397856252 187.7511354842928
-50.102487196976725 -5.5358274677337906 187.79428386624699
-50.530526593863911 -5.1175924956819561 187.83743224820111
-50.983790208685207 -4.7331186909799587 187.9194809470153
-51.437053823506496 -4.3486448862779632 188.00152964582952
-51.882931312515289 -3.9518627611356258 188.06282573022924
-52.348410405712592 -3.5821222162563648 188.14419613804804
-52.813889498909909 -3.2123816713771083 188.22556654586688
-53.22231689662393 -2.7853897105501964 188.32980150250688
-53.682131639404062 -2.4011446471876381 188.3602339457795
-54.191022698209849 -2.0933969212234169 188.43974009290903
-54.626218558469759 -1.6878601185742326 188.51812673022502
-55.061414418729669 -1.2823233159250573 188.59651336754106
-55.55429769138108 -0.94196938047406387 188.63151734107925
-56.013738392160164 -0.55975458437817738 188.68467834288504
-56.473179092939269 -0.17753978828229852 188.73783934469083
-56.946292079139425 0.17773886751841445 188.83754480603176
-57.417816677640261 0.54478817097011345 188.89176068787697
-57.882701919082606 0.9223911884384135 188.9277839232665
-58.25999979437811 1.387740807604027 188.96089049723477
-58.737029212019749 1.7437366668306971 189.03645426446445
-59.214058629661395 2.0997325260573665 189.11201803169411
-59.691088047303047 2.4557283852840195 189.18758179892376
-60.048462745636968 2.9135098159736605 189.33831164569102
-60.405837443970896 3.3712912466633016 189.48904149245828
-60.954587761894878 3.5820216338697364 189.36876766951184
-61.50221193467415 3.8187604208208645 189.43250550867134
-61.888205569699686 4.2749501653328901 189.48635558501141
-62.406363110859822 4.5727337541678743 189.53962562123667
-62.92452065201995 4.8705173430028568 189.59289565746195
-63.370258660656461 5.2642031985173414 189.67245114014281
-63.815996669292986 5.6578890540318243 189.75200662282367
-64.261734677929496 6.0515749095463187 189.83156210550447
-64.733560269786437 6.4213975158186614 189.85629772271494
-65.205385861643379 6.7912201220910067 189.88103333992532
-65.726137361270844 7.0257458521449463 190.06492340920155
-66.243593966763896 7.3100112091547178 190.17184332425816
-66.762629280985749 7.4875155184975215 190.41493705670587
-67.281664595207587 7.6650198278403208 190.6580307891536
-67.171177207848842 8.252350723628691 190.6047864834762
-67.30554836255989 8.8233710802295153 190.73080293132762
-67.439919517270937 9.3943914368303414 190.85681937917903
-67.726899208804596 9.8793900034657121 191.06277822703188
-68.013878900338256 10.364388570101074 191.26873707488477
-68.152754293125128 10.755666505726204 191.70188278059041
-68.416139872379887 11.153163347510278 192.06605897065825
-68.467255761830188 11.748051381693564 192.0069371250236
-68.655129962783647 12.204827154456371 192.2139496769226
-68.843004163737092 12.661602927219176 192.42096222882159
