-118.98662833802788 98.320762715826703 220.35410446322481
-134.55700174899647 118.29764783554359 164.62178549277402
-118.98662833802788 98.320762715826703 220.35410446322481
-118.61085336194938 98.406171746511319 219.8942148407819
-118.48647819308628 98.39690864488928 219.30732046159716
-118.41498082662784 98.348057879097411 218.7136019009381
-118.34348346016938 98.299207113305528 218.11988334027905
-118.32960779925941 98.357061797144397 217.52284037566747
-118.32300339206013 98.435682011274395 216.92805029191044
-118.31639898486087 98.514302225404379 216.33326020815343
-118.366085982089 98.800234975309067 215.80811864167976
-118.50860281375203 98.956946462568865 215.24675382050413
-118.662338512166 99.017882657231794 214.66999380523507
-118.81607421057997 99.078818851894724 214.09323378996601
-118.96980990899392 99.139755046557639 213.51647377469695
-119.11666149584633 99.244926773971684 212.94430813505082
-119.23100214715646 99.476083955329727 212.40255858686038
-119.40134433618979 99.689575104934491 211.86832542832772
-119.65517904168424 99.725469008066142 211.32585001874264
-119.78801948251564 100.04337058741598 210.83463519493679
-119.94885000475404 100.21869383057091 210.28382188398095
-120.10968052699243 100.39401707372585 209.7330085730251
-120.30164243064102 100.49115427454029 209.17290591121611
-120.45257989771218 100.68571038517038 208.62576260197193
-120.71593288597251 100.87567569902144 208.12122481041629
-120.91375083527419 101.11131460888619 207.60611087826936
-121.06580846406459 101.25919133712202 207.04485251461421
-121.28590583476236 101.45028598189366 206.5204099685221
-121.50600320546013 101.6413806266653 205.99596742243003
-121.81158028563084 101.659683981923 205.4799367690182
-122.11715736580152 101.67798733718072 204.96390611560633
-122.11169783958989 101.95653918663621 204.38065372261113
-122.11169783958989 101.95653918663621 204.38065372261113
-122.21928951340939 102.54642234521684 204.3591620742877
-122.36460616538754 102.52876978498132 203.7772931390669
-122.50992281736569 102.51111722474579 203.19542420384607
-122.78433409865927 102.90821842803587 202.83904086663122
-122.99254715283628 102.79664245006776 202.28749927689319
-123.20076020701326 102.68506647209968 201.73595768715515
-123.39618916545494 103.0302346350027 201.28577276790469
-123.53554590458828 103.41232756542713 200.84465521919711
-123.67490264372157 103.7944204958516 200.40353767048953
-123.93585058513145 103.78565721980829 199.8633253262517
-124.13035627435337 103.62424844144095 199.31916106508942
-124.32486196357533 103.46283966307365 198.77499680392719
-124.44351056866121 103.92255079508448 198.40813418166036
-124.60821970782786 104.15550336556012 197.8803046643124
-124.7729288469945 104.38845593603574 197.35247514696442
-124.90016417434792 104.74143407492954 196.88426834977292
-125.02739950170135 105.09441221382338 196.41606155258143
-125.26484933874426 105.04722481402197 195.86707072917153
-125.36382632664433 105.48761035091157 195.47176814283458
-125.49370838498422 105.4801857913031 194.88604164792758
-125.62359044332409 105.47276123169463 194.30031515302062
-125.75165934693146 105.93746511846783 193.94303563563022
-125.87972825053885 106.40216900524101 193.58575611823986
-125.99819188950134 106.22421932777024 193.02513121821147
-126.06889080473131 106.48337047615261 192.48862180946136
-126.15697785226079 106.94514567620453 192.11578895592706
-126.35772923242681 106.78408418802678 191.5737944168518
-126.43168081955984 107.07007176959823 191.0515470942666
-126.58775818708034 107.29870008243191 190.51922299193916
-126.74383555460084 107.52732839526557 189.98689888961172
-126.85089128293843 107.65947236332219 189.41150594323827
-126.98618242570596 107.94938525041944 188.90391671503932
-127.12147356847348 108.23929813751667 188.39632748684036
-127.30786354472559 108.41204987252459 187.85280599250504
-127.41128101645143 108.73939900842916 187.36072127442861
-127.53571259691766 108.99528611842784 186.83248026057299
-127.66014417738388 109.25117322842652 186.30423924671737
-127.80544442554233 109.53994640653623 185.79877125614874
-127.95074467370075 109.82871958464591 185.29330326558005
-128.15570058358318 110.00727432454099 184.7584095566385
-128.24740224241754 110.27930840957382 184.23154310074349
-128.33910390125186 110.55134249460662 183.70467664484846
-128.47259173207777 110.77366967500851 183.1636113771811
-128.60607956290366 110.99599685541038 182.62254610951373
-128.82281438986439 111.12779577497679 182.07880438812072
-128.92580708290248 111.54615600092731 181.66123136872963
-129.11247849672856 111.74831012890461 181.12804519880217
-129.2991499105546 111.95046425688187 180.59485902887471
-129.42928020754027 112.14589488111974 180.04270599128785
-129.58852267012878 112.23595531610692 179.47127711893478
-129.74776513271723 112.32601575109409 178.89984824658174
-129.90601181063428 112.63499691922945 178.41047249456093
-130.12091973131069 112.92768410607781 177.93282325475693
-130.39980647868441 113.01259956772076 177.40840782161897
-130.39755748183026 113.43673406605399 176.98402018120424
-130.66710523500373 113.38501620223106 176.45047611430749
-130.84622020341592 113.54898420777997 175.90181199005022
-130.98978072355271 113.90740957078302 175.44254993390558
-131.13334124368953 114.26583493378602 174.98328787776094
-131.32367136735013 114.42666339793814 174.4374777925245
-131.46186102142755 114.6174609249797 173.88566267567757
-131.58286487654067 114.85034704248191 173.34610533551574
-131.70386873165373 115.08323315998412 172.8065479953539
-131.9474565791617 115.25062879100781 172.28439508359276
-132.00795766994472 115.47136733592038 171.72976537576605
-132.10667712840444 115.44728334483038 171.13843261843346
-132.30835724018129 115.73372530257743 170.65132263356787
-132.58223438198877 115.97407064304737 170.17464094888746
-132.77390004856173 116.2045284544821 169.65487805159114
-133.01609377800332 116.36413025441009 169.12964528140355
-133.25828750744492 116.52373205433805 168.60441251121597
-133.47335909400221 116.84599895067099 168.14627687607756
-133.68843068055946 117.16826584700395 167.68814124093916
-133.96606739827371 117.2498355392936 167.16253279515786
-134.1119672546356 117.48502556683032 166.63018057823672
-134.25786711099752 117.72021559436703 166.09782836131558
-134.33784306251411 118.01275353882208 165.58011666719131
-134.44742240575528 118.15520068718283 165.10095107998268
-134.55700174899647 118.29764783554359 164.62178549277402
