-141.57626289503301 17.529809292051418 207.69519382967729
-141.6528903920306 4.9199171509937782 269.53111571264549
-141.57626289503301 17.529809292051418 207.69519382967729
-141.58393129981559 17.761073048522285 207.14160709707699
-141.5915997045982 17.992336804993148 206.58802036447668
-141.52045199635614 18.238848626502666 206.0456460237599
-141.51095244168414 18.217475899445198 205.44610205956783
-141.50370764924958 18.630365644420731 205.0108210337045
-141.49646285681496 19.043255389396283 204.5755400078412
-141.12522697625656 18.913920721024549 204.12226695046496
-140.9598819144687 19.231857081068078 203.64104197033132
-140.79453685268084 19.549793441111603 203.15981699019767
-140.62919179089297 19.867729801155118 202.67859201006399
-140.35013160228891 19.425719014392929 202.38405529669512
-140.12045755924674 19.873447487075687 202.05726935957142
-139.81755042693504 19.963346143552904 201.54720514718412
-139.55134501358913 20.271131902339388 201.10629403982395
-139.23900312077771 20.391584141692427 200.60836452671009
-138.92666122796632 20.512036381045469 200.1104350135962
-138.64239914917749 20.807840561077242 199.67260518633634
-138.35813707038869 21.103644741109019 199.23477535907648
-138.07387499159989 21.399448921140813 198.79694553181665
-137.75137510618748 21.50412707766727 198.30193411027648
-137.48485272907513 21.729875136041468 197.81407794639347
-137.21833035196281 21.955623194415661 197.32622178251043
-136.87255192125716 22.224609528180824 196.916241747501
-136.53748514246726 22.455207561358428 196.47515808100906
-136.20241836367737 22.685805594536028 196.03407441451708
-135.96370272417442 22.822900188155579 195.50095161829
-135.67861425161601 23.094243809001984 195.04807503218703
-135.34366897868273 23.252393013039921 194.57605756068642
-135.0087237057495 23.410542217077854 194.10404008918582
-134.7717423520113 23.779610522809659 193.69461558615177
-134.5347609982731 24.148678828541456 193.28519108311772
-134.25618394837721 24.316021809111685 192.78081904372101
-133.94895539278212 24.448233665107985 192.28269191159413
-133.64172683718704 24.580445521104288 191.78456477946725
-133.45153442326875 25.113829756632889 191.58625163573362
-133.16625531935946 25.107885732939401 191.05844437786857
-132.9528495077364 25.497619025426385 190.65524973468399
-132.54635652441857 25.785105982344096 190.32041439587462
-132.13986354110077 26.072592939261806 189.98557905706525
-132.14655961850491 25.943723146508166 189.39962023678601
-131.84585050739011 26.116697710403997 188.91007572324551
-131.54514139627528 26.289672274299825 188.42053120970505
-131.21585537509799 26.61818102361832 188.04151575107781
-130.86511311103675 26.698635339729368 187.56140433981966
-130.51437084697551 26.779089655840409 187.08129292856151
-130.47832667678341 27.294892822577332 186.77691173502399
-130.13184153786909 27.464504356587469 186.31736850959001
-129.63188791776474 27.636146470889152 186.03349289890357
-129.49331419405945 27.76474464044075 185.46405472501073
-129.1439640680882 28.04887595017712 185.06754004897545
-128.82765919616 28.302626206410896 184.62531608370921
-128.54742730619824 28.555002201183971 184.15865084490224
-128.26719541623646 28.80737819595705 183.6919856060953
-127.93974461414624 28.952299153257719 183.21055659954757
-127.68193320570774 29.248342582272052 182.7568038410806
-127.41551667937779 29.4328255337761 182.25184020367425
-127.14910015304784 29.617308485280155 181.74687656626793
-126.81642981879413 29.854126320984722 181.30727701963517
-126.48375948454043 30.090944156689282 180.8676774730024
-126.28456736929215 30.27554163928183 180.33265759426575
-125.93326515774663 30.574495452641145 179.94897364406563
-125.67643642809355 30.706484901891297 179.4230289807108
-125.36082326774434 30.95627620153445 178.97806534215482
-125.04521010739509 31.206067501177603 178.5331017035989
-124.92137619340852 31.31815675377846 177.95681951473813
-124.50920115311833 31.33216685679897 177.52102661303468
-124.25392098741607 31.679599039641204 177.10374623328443
-123.9697122910945 31.968489285059924 176.66128963311093
-123.67592398620236 32.177077871041185 176.1815196531133
-123.33475851354888 32.243289005200928 175.69241618146091
-123.05127656164511 32.491107411583258 175.22527164236948
-122.76779460974134 32.738925817965601 174.75812710327801
-122.54866019183297 33.039361618375487 174.28725723089286
-122.32952577392457 33.339797418785373 173.81638735850771
-122.05190166339148 33.516359340666199 173.31463967192366
-121.77427755285839 33.692921262547017 172.81289198533958
-121.42385583193868 34.024969490507559 172.45659352643759
-121.13147249919946 34.272417788681359 171.99476961360153
-120.83908916646024 34.519866086855167 171.53294570076548
-120.55108012026092 34.632817197522527 171.01885151104304
-120.26307107406157 34.745768308189895 170.5047573213206
-119.9609213056103 35.024779327244218 170.06788392012626
-119.65877153715903 35.303790346298548 169.63101051893193
-119.34078770372575 35.392618676346054 169.13001569914229
-119.06208363844198 35.74884117550905 168.73577012201508
-118.76293092211247 36.012980847856213 168.28773230463244
-118.46377820578293 36.277120520203383 167.8396944872498
-118.32272968223165 36.240976237742942 167.25763013956185
-117.97029240019222 36.597227871397592 166.92767145162188
-117.48884734577246 36.698099441450424 166.58410837745669
-117.18739907974251 36.941919512740995 166.12619930816084
-116.92207927647048 37.278993730008651 165.70669200900491
-116.56622843797636 37.467692468642561 165.26198652581292
-116.23812518708061 37.67308387324551 164.80355154932565
-115.91002193618488 37.878475277848459 164.34511657283841
-115.61308106027786 38.122395353563761 163.8843247403602
-115.31614018437085 38.366315429279076 163.42353290788202
-115.05767601767491 38.782720366120728 163.07740691476957
-114.68576661799905 38.657094584903504 162.62364314194684
-114.38819049548461 38.953071389177907 162.19487026192667
-114.09061437297014 39.24904819345231 161.76609738190652
-113.7217671290166 39.412018956375917 161.32180891586225
-113.35291988506306 39.574989719299516 160.87752044981798
-113.06706764455346 39.811577031635565 160.40601759697694
-112.73610043605758 39.996532999178555 159.94098856888223
-112.40256097078952 40.248787963802016 159.51073415817677
-112.04229856566488 40.382856623951646 159.05004272802043
-111.68203616054022 40.516925284101276 158.58935129786408
-111.40543724051774 40.847479846159281 158.17194655550358
-111.01622100114112 41.072028712823972 157.77434307779606
-110.70392410405864 41.231215316446821 157.2873828398919
-110.40769031315283 41.532823794881253 156.86161545403189
-110.07910584678601 41.647072976671026 156.37276028844315
-109.7505213804192 41.761322158460793 155.8839051228544
-109.4396966138077 42.049075027113183 155.45895071230751
-109.12871476471703 42.262781802259063 154.99245344136921
-108.79862944678352 42.431210787892709 154.52056854048431
-108.46854412885 42.599639773526363 154.0486836395994
-108.19408897693586 42.793950173491467 153.55177536028299
-107.93086600547072 42.967552687169132 153.04130906899837
-107.60758149139414 43.180190194749301 152.58275436852267
-107.28429697731758 43.392827702329527 152.12419966804697
-106.91958873348074 43.335880152810276 151.65118288876619
-106.67018130496392 43.630609257392194 151.19191097637332
-106.37350417459174 43.791547378066937 150.69584485010807
-106.07671011550549 43.962911425287551 150.20335358134153
-105.77991605641924 44.134275472508172 149.71086231257499
-105.51392220987589 44.336857425625865 149.21265771015536
-105.21080262806524 44.491842006145333 148.71859465858788
-104.94557958948876 44.569595347039709 148.186043104475
-104.66248618539767 44.72168287445335 147.67936025636851
-104.37939278130656 44.873770401867006 147.17267740826199
-104.10855721102386 45.205808414840291 146.7526787751566
-103.83153901512867 45.308150407896655 146.23038859182915
-103.54334698155637 45.45675175916881 145.72554902306939
-103.25515494798405 45.60535311044098 145.22070945430963
-103.05086224775557 45.718853369267833 144.66809549874969
-102.78322051435623 45.956727125642175 144.18665601286247
-102.61976877829106 46.201637338182522 143.66387257990891
-102.31474676925195 46.279288512905751 143.15305767305335
-102.03617663682738 46.356747966346347 142.62732131860025
-101.75760650440282 46.434207419786944 142.10158496414715
-101.48290422315166 46.608772246699985 141.59753558374854
-101.28346846516284 46.760958812888447 141.05249922944986
-101.08403270717403 46.913145379076902 140.50746287515119
-100.91208988142316 47.124598508483956 139.97293201660628
-100.67167877211898 47.104460378373929 139.42357152090349
-100.42041155439276 47.097280729536635 138.87876583266345
-100.21077909257434 47.232622183331401 138.33311308426329
-100.00114663075591 47.367963637126159 137.7874603358631
-99.82848663796743 47.76163815966995 137.3688807171641
-99.614446078543295 48.012504799615961 136.86762971428871
-99.414640426857588 48.219968895630323 136.3412872873275
-99.140855956538573 48.360454448737521 135.82620877566129
-98.90121376453142 48.525055252493914 135.30134860836645
-98.745200032627011 48.808324065722942 134.79595915961522
-98.589186300722616 49.091592878951971 134.29056971086396
-98.208023615259023 49.079150061871026 133.82736329519892
-98.047642325156858 49.295625726036342 133.29125124664066
-97.708218352493091 49.297866067301314 132.79649236834521
-97.46291918146926 49.31366422250268 132.24915450652014
-97.229211434171219 49.616718463428143 131.78705190329225
-96.939208303508821 49.717112773992497 131.27147536521832
-96.773397397003208 49.974206494401422 130.75532658607602
-96.448412132863609 50.26180995467422 130.34099721500607
-96.193272571767096 50.309790032393593 129.80007049491775
-95.938133010670569 50.357770110112952 129.2591437748294
-95.709588808496648 50.62061157054093 128.77059294397066
-95.481044606322698 50.883453030968909 128.28204211311191
-95.245097407712151 50.967989130293653 127.73689757504997
-94.914994614755813 51.243500504095991 127.31841743336106
-94.701741089692916 51.325603261023161 126.7636363311656
-94.4501954798871 51.466445934051606 126.23743470855159
-94.174665017253503 51.590495125994607 125.71907695357997
-93.899134554619891 51.714544317937609 125.20071919860838
-93.68950439423962 51.760581355678788 124.64041946898597
-93.424010508768333 51.90485040323474 124.12205720309979
-93.158516623297061 52.049119450790691 123.60369493721359
-92.998352764791193 52.442207680075491 123.17963222672579
-92.746276886445671 52.516363664039787 122.64022640399246
-92.494201008100148 52.59051964800409 122.10082058125913
-92.240139644563811 52.644382872638616 121.55994020946696
-91.931833653643167 52.725543027466152 121.05164851640991
-91.623527662722523 52.806703182293688 120.54335682335284
-91.339895793172957 52.98176168773783 120.04445053731558
-91.056263923623362 53.156820193181979 119.54554425127836
-90.756435354595354 53.207561725257719 119.02831303980982
-90.430939856847829 53.332809773091185 118.54008603578401
-90.158052674184063 53.46358583130764 118.02198352842163
-89.885165491520311 53.594361889524066 117.50388102105921
-89.581869548902347 53.72682525127275 117.00341620812458
-89.316979024940963 54.020847334072414 116.5524350276507
-89.052088500979579 54.314869416872078 116.10145384717683
-88.571944998475658 54.359762236024991 115.74445685588451
-88.289951915239683 54.5036433285469 115.23477251021379
-88.019094310888775 54.590456521586376 114.70647370491551
-87.689753240388555 54.665372281299099 114.21056838307632
-87.39498639573803 54.746758765650711 113.69434290185742
-87.100219551087505 54.828145250002322 113.17811742063854
-86.808750101273631 55.232947313509577 112.84467949657251
-86.517280651459771 55.637749377016839 112.51124157250646
-86.185947208078588 55.863519267427328 112.06487165205797
-85.841192746505129 56.034515897226377 111.60454077777017
-85.467594746392848 56.25047297480355 111.18766300796656
-85.093996746280567 56.466430052380744 110.77078523816297
-84.709301456595639 56.573699609750221 110.32300987466472
-84.36988812069805 56.687918340235377 109.8416029064754
-83.991898651717833 56.779461825666772 109.3847180723923
-83.597285380685392 56.867308365118483 108.94136341545111
-83.208061040901754 56.931379763900381 108.48925804147493
-82.842982287399451 56.958631302508024 108.1442282061037
-82.477903533897134 56.985882841115654 107.79919837073248
-135.50168881139913 -0.7693786239797582 270.89927033795277
-135.86113693779896 -0.67854314794262183 270.97090305737555
-141.76539875429364 3.8324913443721491 204.14517678517686
-141.94985623528754 3.2755414697888794 204.27080430965719
-142.09065889686639 2.7653899588753412 204.55350564747673
-142.2314615584452 2.2552384479618057 204.83620698529626
-141.94042429819203 2.2507360549159965 205.36087549168974
-142.12409990576214 2.1755669830805173 205.92710237362235
-142.12956902460462 1.9609970073963159 206.4873967732677
-142.13503814344716 1.7464270317121335 207.04769117291306
-142.05265270142868 1.2196723634558295 207.32290410577343
-141.97026725941021 0.69291769519953772 207.59811703863383
-141.99698300884424 0.27009394231096773 208.02297741890646
-141.99372175018559 -0.18698348089709863 208.41165413982691
-141.99364273748552 -0.49120156755843125 208.92881112711908
-141.99365468114141 -0.79056239770447168 209.44879487035692
-142.06262376457138 -1.133971220042747 209.93594335518577
-142.0781181316795 -1.4186803275805651 210.46386441810424
-142.09361249878762 -1.703389435118386 210.99178548102267
-142.06959593584742 -2.0473975359893202 211.48278612383257
-142.04557937290718 -2.3914056368602541 211.97378676664243
-142.05360045866917 -2.7873627144370712 212.42451246471168
-142.05136829416736 -3.0653927725608634 212.95620250996484
-142.04913612966556 -3.3434228306846534 213.48789255521802
-142.04690396516372 -3.6214528888084359 214.01958260047118
-141.8439467706076 -3.916533860865536 214.50097183706436
-142.12371059615427 -4.1114319804083834 214.99467916424732
-142.09247448064161 -4.4154412258062203 215.51101498888119
-141.94074093108608 -4.7158089882021805 216.00776053466149
-141.78900738153055 -5.016176750598154 216.5045060804417
-141.9305203562117 -5.2941087198865224 217.01707597659674
-142.07203333089282 -5.5720406891748917 217.52964587275179
-142.07651004356973 -5.836431726454812 218.06823415562621
-142.07338702999135 -6.1140269711261199 218.60014686173696
-142.05977673943156 -6.3758506410143987 219.13983485111331
-142.08636614384301 -6.590752508850156 219.69939735054814
-142.11295554825452 -6.805654376685915 220.25895984998297
-142.31718070017803 -7.2574386866238374 220.59686963767155
-142.12120243190475 -7.5030567022414516 221.10800984228143
-142.11203371856783 -8.0079192416590352 221.43209278072248
-142.20523484906448 -7.9925529060872806 222.02461064965578
-142.19905799485281 -8.2193651148200395 222.5800546778367
-142.19288114064113 -8.4461773235528081 223.13549870601759
-142.13681953614505 -8.9208607567973797 223.49817312571722
-142.08075793164898 -9.3955441900419441 223.8608475454169
-142.14873213608456 -9.255742240842018 224.44036020492595
-142.09391088525808 -9.1837306580239435 225.03349506513723
-142.12150776321113 -9.590037464393049 225.47412324333897
-142.10588111711058 -9.5272373636381325 226.07062299629516
-142.13494855372073 -9.5758588019364907 226.66794287698448
-142.24934478320822 -9.7908924591230821 227.21628039070757
-142.3637410126957 -10.00592611630967 227.76461790443062
-142.16912193074805 -10.51525108339656 228.01504052889536
-142.14965496861174 -10.72746738786163 228.57591955106
-142.13018800647549 -10.939683692326698 229.13679857322464
-142.11072104433913 -11.151899996791698 229.69767759538931
-142.1214926729939 -11.696927320869491 229.94833510679626
-142.17135877458318 -12.035524124279437 230.44114904392958
-142.17174015898723 -12.496448321029378 230.82526977937141
-142.17212154339128 -12.957372517779342 231.20939051481318
-142.21089243982402 -13.430380381286067 231.57648774805065
-142.13216576195208 -13.804755820624147 232.03870538143528
-142.23878495912149 -14.165434697258039 232.50619131143216
-142.17722441982264 -14.530288697200598 232.97851732037847
-142.11566388052375 -14.895142697143161 233.45084332932478
-142.21955745040449 -14.467600012563022 233.85878128906796
-142.23014084165848 -14.917524961014456 234.25558795810284
-142.13573810731501 -14.96415845779506 234.84627691239817
-142.20336487103765 -15.123320911274027 235.42081493048832
-142.18284268786323 -15.187911910834163 236.18017511502799
-142.15130345560951 10.217883631816484 260.58530439485423
-142.13291334070846 9.9264884505586917 261.10947102104637
-142.1145232258074 9.6350932693008975 261.63363764723852
-142.09996341408004 9.2991488573168084 262.13055752401863
-142.0854036023527 8.9632044453327424 262.62747740079874
-142.0737935042701 8.6075391447847114 263.11055855299634
-142.05414883906695 8.2706454645596867 263.60666009033872
-142.03694380824837 7.9454294998346882 264.11058326226328
-142.02824924906525 7.5877280448994302 264.59222013146848
-141.82839623689182 7.3826386156541632 265.11947443399913
-141.62854322471838 7.1775491864088945 265.64672873652978
-141.91013320560234 6.7912669684049263 266.00934855220413
-141.93659665756678 6.4468207853014174 266.49991609358403
-141.96306010953123 6.102374602197921 266.99048363496399
-141.96377135334791 5.8330054138271956 267.52661769887783
-141.72180919317407 5.6832776029144645 268.05485618259826
-141.47984703300023 5.5335497920017369 268.58309466631874
-141.56636871251538 5.2267334714977576 269.05710518948206
-141.6528903920306 4.9199171509937782 269.53111571264549
