10.614487173073641 -49.330533812999597 456.9464943212821
82.544505388429471 -109.8195021620558 440.30504475695415
10.614487173073641 -49.330533812999597 456.9464943212821
11.171107124955578 -49.532592130153212 456.84981616637623
11.720417866493092 -49.735409583368735 456.71896208771352
12.207964739679014 -50.074444781028603 456.63321139562083
12.58709917836293 -50.532233067941725 456.55143755035863
13.089242866636019 -50.843409012868449 456.4464554203247
13.605244899676615 -51.138184747978251 456.36369572066076
14.058498057160056 -51.525359506959191 456.2954514444221
14.593550376106165 -51.774297748437434 456.18705971078845
15.128602695052274 -52.02323598991569 456.07866797715479
15.458174094923105 -52.518299650051134 455.99932905353927
15.954854772549151 -52.851340385614002 455.95041920863389
16.451535450175196 -53.184381121176862 455.90150936372839
16.94893328630663 -53.513472001738229 455.83597628091428
17.44633112243806 -53.842562882299603 455.77044319810028
17.915640065291722 -54.216240562975393 455.75976110456304
18.38494900814538 -54.589918243651198 455.7490790110258
18.831540278255932 -54.987474311640952 455.69902493760935
19.279329003845625 -55.382785292799383 455.64232850553191
19.773814306734145 -55.709790259392797 455.5498512810359
20.225650856693829 -56.098311329316324 455.4798862158533
20.681038484511248 -56.476400446875445 455.38154635814453
21.171556054916632 -56.808010924164002 455.28445359592172
21.538931764354469 -57.274066246243798 455.19598029556425
22.063810268189378 -57.552189629509463 455.11142297835943
22.500986172663183 -57.950727796757782 455.01120043701331
22.93816207713699 -58.349265964006101 454.91097789566732
23.375337981610759 -58.747804131254384 454.81075535432092
23.833378921066704 -59.12436115029076 454.71908578905112
24.305777121606532 -59.484204586002377 454.63333824155268
24.738980577970917 -59.895248767711095 454.57522244269086
25.172184034335302 -60.306292949419834 454.51710664382898
25.678142407866687 -60.595228500222859 454.37385032900966
26.160153104664289 -60.936227946339407 454.26714950464122
26.642163801461901 -61.277227392455963 454.16044868027285
27.093360761227586 -61.651963062588933 454.03397939139921
27.573696123316608 -61.990238915681594 453.91212953649062
28.054031485405631 -62.328514768774255 453.79027968158209
28.543146045652541 -62.65494904803105 453.67108400934285
28.978739682738414 -63.055618404951204 453.57248254000541
29.466031679198476 -63.388114811583101 453.46297158273245
29.953323675658531 -63.720611218215005 453.35346062545949
30.402341657982969 -64.108073114886665 453.26259737558973
30.881415966213531 -64.451662358304247 453.15108845665884
31.335475381788125 -64.828190225127457 453.04128493834713
31.789534797362744 -65.204718091950667 452.93148142003554
32.315016799590651 -65.455037621817056 452.78584901189089
32.812588002677309 -65.754357032830058 452.63475040815899
33.310159205763959 -66.053676443843045 452.48365180442704
33.786944481084539 -66.397371803488525 452.36303132110999
34.262395071132175 -66.73867046617535 452.23088761421661
34.737845661179804 -67.079969128862174 452.09874390732313
35.20817810112927 -67.421698577006666 451.95039169061556
35.680122747292373 -67.768858637697704 451.82097707312988
36.174597116440552 -68.075945946751318 451.67540069155058
36.567069730153023 -68.503732849619581 451.52386319381458
37.050305308173442 -68.833587766217391 451.39090037896949
37.544796758425335 -69.150779255197904 451.26896693422975
38.034519713998577 -69.481425955075352 451.16483150968668
38.487327129361361 -69.854779507588347 451.0400414082427
38.940134544724145 -70.228133060101342 450.91525130679872
39.434948164792502 -70.54869160082211 450.80388837146648
39.874409987736541 -70.947132553535099 450.71378779779536
40.313871810680595 -71.345573506248087 450.62368722412418
40.753333633624642 -71.74401445896109 450.53358665045317
41.28015119646809 -72.005016811094663 450.41383262062357
41.702470601657581 -72.419205332763283 450.3133627817744
42.124790006847086 -72.833393854431904 450.21289294292535
42.593661202019206 -73.195385471514257 450.11738445377404
43.062532397191333 -73.55737708859661 450.02187596462272
43.532643469459337 -73.902082784139694 449.87984229540587
43.999702836251643 -74.271670640856343 449.80731392813368
44.466762203043942 -74.641258497572977 449.7347855608615
44.882193109054668 -75.062492386946417 449.63488975126745
45.402503514512262 -75.324294834286874 449.4908878049643
45.786076406082785 -75.774773496788384 449.39118418675969
46.208204565969098 -76.186816234225176 449.28150921624865
46.596524690924852 -76.633481480651341 449.18303262923729
47.090002864527953 -76.947545350295826 449.04945427035653
47.583481038131048 -77.261609219940325 448.91587591147584
47.925559228835354 -77.741905767598212 448.8049807458807
48.351731186053854 -78.14330119752411 448.67360657903208
48.777903143272354 -78.544696627450008 448.54223241218352
49.204075100490869 -78.946092057375921 448.41085824533502
49.616149316577221 -79.368108855857102 448.30087341803363
50.028223532663574 -79.790125654338283 448.19088859073224
50.552409902361958 -80.036183920516962 448.03377723064784
50.959548201469772 -80.462021145740181 447.920194384171
51.402607404035805 -80.848551882336722 447.80064300321828
51.807099822278232 -81.279203415617786 447.69611960647364
52.282727147685897 -81.623551597128767 447.57281925280165
52.713970089807049 -82.020797084803135 447.4454397120856
53.160256798693482 -82.406178354780096 447.33449175030955
53.6065435075799 -82.791559624757056 447.22354378853345
53.991183486678381 -83.243748808894694 447.13649766151991
54.36053415881247 -83.709495668930799 447.05488918548588
54.834443519382866 -84.057889563803656 446.93643408015453
55.308352879953247 -84.406283458676498 446.81797897482301
55.702943802504478 -84.846974113595564 446.71753122468806
56.097534725055709 -85.287664768514645 446.61708347455317
56.528409438466795 -85.696121949634602 446.53042487697365
56.920004709535725 -86.126184519465994 446.3831179534892
57.311599980604647 -86.556247089297358 446.23581103000458
57.832715187985286 -86.846156947586451 446.16954478895059
58.225297000074306 -87.284052151514743 446.05068642284414
58.617878812163326 -87.721947355443021 445.93182805673757
59.005206433872196 -88.168107846640012 445.82733820289411
59.384503337286425 -88.612637241513255 445.69122253093093
59.861696142815241 -88.948554549426973 445.55177150513498
60.338888948344064 -89.284471857340719 445.41232047933909
60.73314807385124 -89.717491707686733 445.28173123337831
61.182489819795215 -90.087653298298662 445.13656790402939
61.528808450798749 -90.566406827582128 445.03236395008099
61.875127081802304 -91.04516035686558 444.92815999613276
62.402735446952036 -91.28720619604421 444.77636004632922
62.772921464231011 -91.745241461648078 444.66161681962575
63.201014647889451 -92.149720204144444 444.5470167630213
63.629107831547891 -92.554198946640824 444.43241670641692
64.098055360132591 -92.907384312451015 444.30852839860773
64.431562414639743 -93.398049389789236 444.21896933164828
64.882523673736372 -93.79178555544307 444.1788972135335
65.333484932833002 -94.18552172109689 444.13882509541872
65.894203097130031 -94.38587239059386 444.06496881972419
66.159954045500371 -94.866144993690426 443.82265773835331
66.522776973575859 -95.308534561171598 443.6419618793899
66.885599901651346 -95.75092412865277 443.46126602042642
67.365368097932873 -96.104361925151295 443.3912360136934
67.783324415641246 -96.51360278195429 443.25769037501203
68.201280733349606 -96.922843638757271 443.12414473633061
68.566060417446991 -97.393385786806192 443.04980854743633
68.930840101544362 -97.863927934855113 442.97547235854211
69.435619339276869 -98.162722109850804 442.84929802619655
69.900745687090634 -98.521486309883016 442.72704529884584
70.365872034904413 -98.880250509915243 442.6047925714953
70.683566749633513 -99.369371978554838 442.46397262564585
71.14631498682688 -99.692917380089554 442.26103804968562
71.609063224020275 -100.01646278162427 442.05810347372545
72.089547961416741 -100.37312788046953 442.10197173554144
72.570032698813208 -100.72979297931478 442.14583999735748
72.960880311263395 -101.1702454129687 442.03077567825596
73.423452171245088 -101.53643734102121 441.92154772312426
73.821927633047281 -101.97666706235694 441.83543675521531
74.220403094849473 -102.41689678369264 441.74932578730642
74.712074532215667 -102.75231336367571 441.67346462760844
75.1516244937837 -103.15088276462657 441.58436769213233
75.605931895335075 -103.53338367693414 441.49894031373685
76.024239223629223 -103.95567325127524 441.41714487072079
76.442546551923385 -104.37796282561632 441.33534942770456
76.90090242494901 -104.75443511760091 441.24491432925936
77.362666491125267 -105.12788243681378 441.15940966879515
77.82443055730154 -105.50132975602665 441.07390500833105
78.235743520142137 -105.93287282779821 441.00613905961609
78.64705648298272 -106.36441589956978 440.93837311090101
79.079623599602613 -106.76599498806539 440.83057735355322
79.548408845790107 -107.13477195040416 440.76543178574468
79.979300647568053 -107.54893414009082 440.71249847114495
80.431176547139756 -107.93146712543827 440.61515019685402
80.883052446711417 -108.31400011078574 440.51780192256291
81.3412618911305 -108.69945586680861 440.47948788865898
81.802573668146493 -109.08249933753652 440.4578281583037
82.173539528287989 -109.45100074979617 440.38143645762892
82.544505388429471 -109.8195021620558 440.30504475695415
