10.680801114867958 152.95789198499156 269.05969418985865
27.520647504021714 2.7513304438974777 129.01583489716728
10.680801114867958 152.95789198499156 269.05969418985865
10.93658160159389 152.6464963091066 268.61516176623758
11.115814372243436 152.22788129950553 268.22447379910528
11.295047142892987 151.80926628990443 267.83378583197299
11.489621108523956 151.47538110479519 267.37480690537262
11.684195074154928 151.14149591968592 266.91582797877231
11.783691077685461 150.57039648187259 266.76108310030861
11.946954733321753 150.22107302900275 266.30138961109719
12.085012510512579 149.86684371083965 265.83721115370088
12.254260210902736 149.48167983818246 265.40942147744352
12.42350791129288 149.09651596552527 264.98163180118615
12.520872647500152 148.6509845056537 264.59173203662101
12.618237383707427 148.20545304578206 264.20183227205587
12.735843153426305 147.76198919134677 263.81516873260819
12.837251256413023 147.31083130706406 263.43284300747553
12.938659359399756 146.85967342278133 263.05051728234287
13.051703060668562 146.37420853466227 262.71653380369912
13.21343762692886 145.93122067138012 262.34558409947863
13.375172193189155 145.48823280809793 261.97463439525814
13.457010383901451 145.20246599541844 261.4534436055161
13.538848574613747 144.91669918273891 260.93225281577406
13.637998097917764 144.48492165974594 260.52760785699331
13.773629476588852 143.94616553459633 260.30101137261295
13.819323896397737 143.56700419934356 259.83824933673742
13.865018316206621 143.18784286409078 259.37548730086189
13.912745618087239 142.71455713433096 259.00980612461558
14.054093213044165 142.29652146904778 258.60327563381429
14.063291070279879 142.11645500096745 258.03100693250752
14.115085285298232 141.65769467380795 257.64778855936351
14.166879500316586 141.19893434664851 257.26457018621943
14.125214098971771 141.1145343720622 256.67199897647276
14.187301108002853 140.66002294563344 256.28526319256434
14.233566051188925 140.22594087650418 255.87364162814816
14.241470364536019 140.064037478979 255.29595242823152
14.189131704533006 139.70135371393039 254.82085122718141
14.241334019191438 139.38467258345466 254.3139114083223
14.224519757490024 139.09492657737729 253.78877853697864
14.226579996308297 138.81293282049791 253.25917937110216
14.228640235126571 138.53093906361849 252.72958020522569
14.274584437888976 138.27720753831642 252.18781508702372
14.274160613284366 137.76780051829923 251.87079094231248
14.273736788679759 137.25839349828203 251.55376679760121
14.440724889162487 136.78445829066035 251.22589427164976
14.332621397291621 136.19556884537414 251.26491806280106
14.341110673650681 135.93233794264279 250.72581007358727
14.349599950009743 135.66910703991144 250.18670208437348
14.310583424305344 135.46536348575108 249.62370450457402
14.271566898600948 135.26161993159073 249.06070692477456
14.419914333545188 134.8727578818428 248.62852716493927
14.605222207129959 134.36014280328442 248.37775481155458
14.645268700205682 133.81076535512179 248.13988783645578
14.72334570335293 133.24451754781461 247.9574942995655
14.801422706500176 132.6782697405074 247.77510076267521
14.838365221822807 132.23006662930231 247.37792420034089
14.851600063724669 132.03186974819113 246.81175917556661
14.990331835736725 131.49844072639937 246.57467907487347
15.049951680581142 131.26899922571087 246.02349664421868
15.099435343670573 130.79829803840158 245.65472603889219
15.230425443101442 130.45754948392431 245.17856218424473
15.314558217509653 130.12153704293104 244.68864656317501
15.371947325410186 129.6809886526533 244.2853803903833
15.429336433310718 129.24044026237553 243.88211421759161
15.486725541211268 128.7998918720977 243.4788480448
15.59614715996967 128.3094055652665 243.15105223616388
15.684631660540351 127.81897680891011 242.81691135554988
15.947473578452925 127.56907247830057 242.33893441914955
15.951270014447172 127.03173010202681 242.07200978983593
16.039535067426794 126.57031366185754 241.69877507927967
16.159614764261399 126.06559996031528 241.39737012596333
16.279694461096007 125.56088625877298 241.09596517264708
16.390987227995812 125.06913373264422 240.77070624028434
16.502279994895613 124.57738120651543 240.44544730792163
16.664453159036789 124.15745521738117 240.04875847712088
16.826626323177965 123.73752922824693 239.65206964632011
16.928257084297904 123.17127119405875 239.48170818614935
16.999187526118398 122.62789094925506 239.23735847368744
17.134884552729041 122.06287550364479 239.08787983577932
17.239529996975307 121.49472847084931 238.92583576731585
17.344175441221573 120.92658143805382 238.76379169885246
17.591246156791549 120.74532587412826 238.24794047800114
17.648210582819917 120.54590795921895 237.68492400454724
17.705175008848286 120.34649004430962 237.12190753109334
17.844729496553889 120.01139951473309 236.64416399953134
17.97421956728655 119.59806804632873 236.22896595183798
18.103709638019229 119.1847365779244 235.81376790414464
18.10690973319716 118.94427005168419 235.26407197988397
18.271420713743034 118.36735432145194 235.25385544962947
18.435931694288907 117.79043859121971 235.243638919375
18.508516995586557 117.48241542718249 234.73388103130259
18.61249520220327 117.03192748901574 234.3514556789591
18.716473408819972 116.58143955084896 233.96903032661567
18.811546417833853 116.12666947307468 233.58936560700346
19.020978222276803 115.59473924904501 233.40718834154069
19.230410026719746 115.06280902501533 233.22501107607786
19.389980251633244 114.53580996318162 232.98666399271528
19.549550476546745 114.00881090134791 232.7483169093527
19.59680678208294 113.64679399996115 232.27217553885717
19.644063087619134 113.28477709857437 231.79603416836162
19.817433823469738 112.81282892465556 231.46860859042778
19.935996625687789 112.34555852274238 231.11139544197698
20.005432926967565 112.02153734177129 230.61120660329033
20.115415487653287 111.50265348921603 230.33073666924673
20.218585071351761 111.04194540896201 229.96046095874422
20.360669842737643 110.46857413076339 229.85530728511799
20.565188000137759 109.97288605890576 229.58611282248597
20.621798609204223 109.86513111153022 228.99858911210723
20.678409218270684 109.75737616415468 228.41106540172845
20.735019827337148 109.64962121677914 227.8235416913497
20.846531160665911 109.19412137507035 227.44926222792361
20.604762943860869 108.8656473122835 227.88932235951839
20.834310078351443 108.56239515292793 227.42526822378272
21.063857212842017 108.25914299357237 226.96121408804706
21.264232428350532 107.81594760527389 226.60989141470978
21.464607643859033 107.37275221697544 226.25856874137244
21.57938431578448 107.02482712296185 225.7834114573734
21.726197440540624 106.53925780393573 225.46299244604629
21.882852151831383 106.03998515344384 225.16941771637562
22.008853335139939 105.57725387083642 224.80885778806777
22.134854518448495 105.11452258822901 224.44829785975998
22.363816944472415 104.81452404456584 223.98184627463115
22.477531970379907 104.32913211751392 223.64798467151439
22.701229598411803 104.10190871821605 223.13972401198583
22.729596352504316 103.52165908207272 222.98970505645761
22.819317070219753 103.13666728601056 222.53833878636482
22.909037787935191 102.75167548994841 222.08697251627206
22.998758505650635 102.36668369388624 221.63560624617929
23.032032106584751 101.85164572609564 221.32961807775609
23.035631394839058 101.3174595079731 221.05642926119876
23.173379498774771 100.77237767746996 220.84687912896911
23.260199914025925 100.53481437389607 220.30279651365169
23.34450508172521 100.12648704830721 219.87133222326756
23.428810249424494 99.718159722718369 219.43986793288346
23.492044431583068 99.465298790191937 218.89943959627573
23.526392826777048 98.883292788329641 218.75770321582291
23.498878375938222 98.457717512166241 218.33565032895504
23.471363925099396 98.032142236002841 217.91359744208722
23.938112379461792 97.754150309785004 217.65890867258994
23.828267401378369 97.554148931431712 217.10399108461257
23.809109258603762 97.019878805970265 216.83161561103822
23.822662287502599 96.549048459631862 216.45995030410936
23.838494618950282 96.310577834009251 215.90960396043471
23.993446655704115 95.901276763423922 215.49916212542817
24.050299925390554 95.566560533554963 215.00445741432441
24.148093647418925 95.115715998517786 214.62082270114146
24.174834260983626 94.881540955428193 214.0690555502706
24.199653590406239 94.456997312861347 213.64579830409153
24.196748269078537 93.915463604793402 213.38747137530908
24.193842947750831 93.373929896725429 213.12914444652671
24.336224575487812 92.966061610472053 212.71276609316078
24.403834155321206 92.620143450947154 212.22720500367186
24.471443735154601 92.274225291422297 211.74164391418293
24.44866432809939 91.792991251621956 211.38401995308459
24.42588492104418 91.311757211821615 211.02639599198628
24.757422639023652 91.025472282553764 210.61636711394098
24.702013158583135 90.647474338691794 210.15371460512534
24.793027916872269 90.162907893409852 209.81179111385808
24.819917411781191 89.700195622075242 209.43077364835304
24.828383087390321 89.179845684870642 209.13216977164066
24.856787370087723 88.815972576768701 208.65594549892384
24.873465468594709 88.623373352514378 208.08794252371436
24.890143567101692 88.43077412826004 207.51993954850485
24.925465690024957 87.87010089807373 207.30923151214975
24.95704591276354 87.374245820845644 206.97288283604274
25.009746642014179 87.073811878853434 206.45619910334403
25.062447371264817 86.773377936861209 205.93951537064532
25.115148100515462 86.472943994868984 205.42283163794659
25.183515406521977 86.073256357787741 204.9805922183628
25.175337621161312 85.487682618984465 204.85006819662522
25.248260536495646 85.20740989514411 204.32458798891969
25.242898149997174 84.770651202445336 203.91323280278112
25.291620742686032 84.383496280869906 203.45745086406305
25.356043680618885 83.877018125504875 203.14228493442258
25.420466618551735 83.370539970139845 202.82711900478211
25.444538986805458 83.106489734757389 202.28888300238063
25.468611355059178 82.842439499374905 201.75064699997918
25.520578091825204 82.431705147667614 201.31636972611201
25.594627759086883 81.905996937525359 201.0368209386572
25.565202017543765 81.309280860165885 200.98146708824589
25.641636587893924 80.93292346885832 200.52047590561489
25.678916601371093 80.523257224872381 200.08368789166121
25.699237826886257 80.104078422005301 199.6548800337336
25.731340082503532 79.748261125699059 199.17283906365574
25.731753173673489 79.180154444608007 198.97982448323393
25.773413048082535 78.624900701051089 198.7563122125859
25.770151284319873 78.227903645401739 198.30644256624055
25.766889520557207 77.830906589752402 197.8565729198952
25.858528444495352 77.422595214611945 197.42659137546522
25.95016736843349 77.014283839471503 196.99660983103527
25.823680591585109 76.443282984251724 196.86259819489572
25.995643883320223 76.101711600755678 196.40025890792975
26.011489196012242 75.578604025988014 196.10681829845927
26.020158722183783 75.050787676255624 195.82162583665297
26.038746468857454 74.724725546103059 195.31829892205971
26.057334215531124 74.39866341595048 194.81497200746645
26.055653029389855 73.904012443070698 194.47538757224856
26.11686523297103 73.413823540581092 194.13484696379084
26.12794180500693 72.904828669788785 193.81735439528083
26.068411816562097 72.380464549269419 193.53187506225004
26.10155999403954 71.95398225952971 193.11114467961966
26.134708171516991 71.527499969790014 192.69041429698927
26.212365104209852 71.023790915811404 192.37379687841491
26.233158302120096 70.54898631268415 192.00756166469313
26.253951500030343 70.074181709556925 191.64132645097132
26.253064846711801 69.575281642009486 191.30801288021991
26.285304867364651 69.036173522119014 191.04662616262223
26.317544888017505 68.497065402228557 190.78523944502459
26.388276044395411 68.040727665239473 190.40215593804845
26.447401122237714 67.555189364069903 190.05465517075791
26.439108890632781 67.285685870636939 189.51865227345004
26.430816659027851 67.01618237720399 188.98264937614215
26.299591232000171 66.775084805771954 188.44912163707792
26.324945215533482 66.425022567928977 187.96248665564383
26.350299199066789 66.074960330085986 187.47585167420976
26.355771616862683 65.60386802364485 187.10431151291431
26.361244034658576 65.132775717203714 186.73277135161888
26.379787096577495 65.031423803352581 186.14168426462291
26.394256658216893 64.480726563941559 185.90393821882816
26.408726219856284 63.930029324530551 185.66619217303338
26.442586790760622 63.575651341340119 185.18321214573626
26.413265410722595 62.977012192602515 185.21098670732371
26.428184147928743 62.678179383954237 184.69091326659102
26.443102885134891 62.379346575305966 184.17083982585831
26.458021622341043 62.080513766657702 183.65076638512559
26.511040352714183 61.589721489302335 183.30972099999636
26.564059083087322 61.098929211946974 182.9686756148671
26.496149065519269 60.643940616210486 182.58348266677012
26.428239047951216 60.188952020474005 182.19828971867315
26.489707377709095 60.0189612538177 181.62616666924376
26.540849882072145 59.434605867710289 181.75231430883611
26.546290420064032 58.997852378348099 181.34095462428218
26.579167540597478 58.710983809387322 180.81500261212915
26.618643525878902 58.512827360111942 180.25004627027903
26.658119511160322 58.314670910836547 179.68508992842897
26.695174647161981 57.918337120836782 179.23615068554599
26.74236443587418 57.380493642076942 178.97443038408503
26.747877341364706 56.812077047037974 178.782409077045
26.805979179804364 56.379564775470975 178.37063570331389
26.903137061985284 55.891895859240741 178.03486885850498
26.91410071279314 55.487348662057002 177.59190005191502
26.925064363600988 55.08280146487327 177.14893124532503
26.92652883942198 54.628939644155103 176.75649360313847
26.960197265775577 54.117761384143378 176.44414248090862
26.975405760303325 53.7069228089983 176.00712947553353
26.990614254831065 53.296084233853229 175.57011647015844
27.022697653638879 52.868457774973123 175.15046629776884
27.054781052446693 52.440831316093011 174.73081612537928
27.117311934199915 51.990571615709655 174.33920906334151
27.190895299618962 51.599576264580968 173.89008978772603
27.199044397315767 51.160290587877498 173.48148033305091
27.207193495012575 50.721004911174035 173.0728708783758
27.238794060878433 50.810235436708588 172.48038516753562
27.236566660300063 50.210734137860499 172.50474150893004
27.248935920936685 49.684978169980383 172.21590303567942
27.268253585630823 49.256857847418928 171.79597468793347
27.282165139116369 48.972044643345342 171.2680656924949
27.296076692601911 48.68723143927177 170.74015669705634
27.316345031170066 48.220402139469961 170.36377975926891
27.336613369738217 47.753572839668159 169.98740282148148
27.356881708306382 47.28674353986635 169.61102588369405
27.357716855969624 46.77999406611076 169.28977166445824
27.351030984203589 46.401297762023361 168.8244283413201
27.440244921649956 46.033758989855585 168.3586428495766
27.443533423566493 45.605365413480328 167.93856175088783
27.446821925483032 45.176971837105071 167.51848065219906
27.503691014569551 44.770042909419374 167.08124529850608
27.494206249086609 44.423247989032149 166.59171151783579
27.503382052902122 43.995077082312733 166.17149076720176
27.512557856717638 43.56690617559331 165.75127001656776
27.521733660533158 43.138735268873901 165.33104926593376
27.539504485503493 42.644198712790413 164.99175913569567
27.55727531047382 42.149662156706917 164.65246900545765
27.580852102414099 41.902824738711239 164.1061033550375
27.616858012449729 41.347450256926301 163.8819097792495
27.652894436502827 40.859858507402848 163.53412297395329
27.686408832329835 40.68766436927654 162.96034081662589
27.738956276028272 40.382357219155743 162.44650591099386
27.795365789591859 40.018155644400842 161.97303449715184
27.815854122274338 39.501188946579468 161.66918311642837
27.836342454956821 38.984222248758094 161.3653317357049
27.883017892906178 38.491772067152773 161.02575225733625
27.949344312485806 38.102600217546687 160.57392698409458
27.924641960360368 37.72241751763142 160.11040685671648
27.937302509513103 37.398167093954534 159.60572738096923
27.949963058665837 37.07391667027764 159.101047905222
27.968062784021434 36.741367443161536 158.60196533541364
27.986162509377028 36.408818216045425 158.10288276560524
27.998870458301802 36.108718433531187 157.58348058177367
28.01157840722658 35.80861865101695 157.06407839794207
28.024103757277011 35.402874149113856 156.62224753122774
28.023203248146576 34.860445151321791 156.36579096290166
28.031518638758143 34.727438638212504 155.78077803847222
28.027196991541917 34.429126795540967 155.26020972606045
28.085138754578196 34.024763449031198 154.82074068722417
28.143080517614475 33.620400102521423 154.38127164838792
28.03771220725806 33.269757060670393 153.90593284671687
28.016829670056076 32.778046377488351 153.5627353471854
27.995947132854088 32.28633569430631 153.21953784765392
28.018159161564249 31.765415077040849 152.92263999267959
28.040371190274424 31.244494459775375 152.62574213770529
28.028954210978316 30.891325422882055 152.14082845057777
28.017537231682205 30.538156385988749 151.65591476345026
28.036514933893784 30.001754905862288 151.38774821270815
28.025545523710445 29.940246772649196 150.79101006109653
28.021873011714764 29.519384495007181 150.36338703094776
28.018200499719086 29.098522217365165 149.935764000799
28.018394343040189 28.606422758431183 149.59248847743379
28.018588186361285 28.114323299497197 149.24921295406858
28.012598300494112 27.729144138067333 148.78921172051864
28.006608414626932 27.343964976637476 148.32921048696866
28.069494569658723 26.974473615694585 147.86067930796997
28.05073008120894 26.418900471916707 147.63487767846749
28.001223285303194 25.9670906736551 147.24319287744254
27.951716489397448 25.515280875393486 146.85150807641759
27.902209693491699 25.063471077131879 146.45982327539267
27.935118456184693 24.476288443232157 146.34093859267617
27.910193340461529 24.391388188128538 145.74749888614355
27.894685120190235 23.832624886122801 145.52945515787863
27.897088437675258 23.303944923381614 145.2457445287844
27.899491755160284 22.77526496064042 144.96203389969017
27.896089030806547 22.571737233458265 144.39761837391592
27.863805443863498 22.16141215357738 143.96105096922926
27.83152185692045 21.751087073696503 143.52448356454261
27.939295714483258 21.307793503061173 143.13477135552239
28.047069572046059 20.86449993242584 142.7450591465022
28.014322946596497 20.425480267690425 142.33739581420792
27.981576321146939 19.986460602954999 141.92973248191365
27.705688896324595 19.672429774158797 141.49930157295094
27.996690465073879 19.221766657132015 141.23056221606927
27.802166817867107 18.80703246972762 140.84306240384302
27.786123169375095 18.460748979290869 140.35333763870037
27.658210816861924 17.890685881829555 140.21671225677096
27.677202554075659 17.75814583442634 139.63184265613168
27.672280331749011 17.234774682188107 139.33848552100079
27.641806070716473 17.037589108998645 138.77263291727746
27.620881332926889 16.623869477035704 138.33858427774857
27.599956595137307 16.210149845072756 137.90453563821967
27.576757740549503 15.684588397250611 137.61601011472322
27.561398210824212 15.147954988990529 137.34807603703658
27.546038681098924 14.611321580730444 137.08014195934996
27.599658050755249 14.101083809878777 136.76904329269581
27.629751909897941 13.801258893019332 136.25019902042123
27.679378722371389 13.589107803640246 135.69115600350841
27.544652452728645 13.150158985788362 135.30492709783903
27.484704648792398 12.688494503140149 134.92641399864115
27.424756844856148 12.226830020491919 134.54790089944328
27.405272604349005 11.732041114460323 134.2090730628656
27.385788363841861 11.237252208428728 133.87024522628792
27.366304123334722 10.742463302397136 133.53141738971024
27.465207468738829 10.276656960746218 133.16639330783937
27.374845117361581 9.714461542005834 132.97726119369452
27.309460886478583 9.3076691721744691 132.84040931201861
27.330367580840083 8.9391943747065277 132.63167901719166
27.330367580840083 8.9391943747065277 132.63167901719166
27.416707515241523 8.5496950435966497 132.18353206942507
27.320388628192671 8.1103795088984629 131.7863865885613
27.229704023526097 7.534579124812117 131.64415361009819
27.180242929642123 6.9673008498285398 131.45507965915979
26.729906554047069 6.6008386670493353 131.30374355174121
27.047149894030753 6.1255356245296477 131.12086741604404
27.267999633333481 5.6796344806187573 130.78560995899218
27.488849372636206 5.2337333367078696 130.45035250194033
27.495208998913306 4.7372527581457913 130.16344898098572
27.501568625190409 4.240772179583713 129.87654546003111
27.507928251467511 3.7442916010216343 129.5896419390765
27.514287877744614 3.247811022459556 129.30273841812192
27.520647504021714 2.7513304438974777 129.01583489716728
