-49.143913131134951 189.10966044474736 126.550560200833
-25.393691206110578 102.18428886658725 88.462609054095523
-49.143913131134951 189.10966044474736 126.550560200833
-49.00062098366503 188.64106979078423 126.2043086167329
-48.857328836195094 188.17247913682107 125.85805703263279
-48.681190643786294 187.69942361711415 125.53372107648582
-48.539344238886699 187.20812813226817 125.21986068716117
-48.31042137947184 186.75736532076635 124.89673963831987
-48.160631015359883 186.26688050352095 124.58531149111582
-47.998120125242174 185.78194661097436 124.27157700073778
-47.868390095637395 185.26327111476402 123.99927964663809
-47.637397326648127 184.83375175141208 123.64977219724626
-47.406404557658853 184.40423238806011 123.30026474785441
-47.244691551398738 184.04928686640005 122.84434525906303
-47.073786299782334 183.61625767042401 122.46582562892179
-46.908422120001795 183.07807872851123 122.25841754198413
-46.747882967441519 182.77243546674225 121.767694221741
-46.587343814881237 182.46679220497325 121.27697090149786
-46.722044166889397 181.88495376441949 121.3345889912168
-46.645376876337544 181.29082461191936 121.3682442539392
-46.568709585785683 180.69669545941923 121.40189951666157
-46.330583730019107 180.65608821929874 120.85267540132683
-46.081146839797327 180.43913044806885 120.35196534221134
-45.831709949575547 180.22217267683899 119.85125528309581
-45.724549832859566 179.68452140189729 119.60743605510308
-45.617389716143592 179.14687012695558 119.36361682711033
-45.618921950058429 178.64947309189807 119.02806676858668
-45.501014916579258 178.0807268520519 118.8776485312716
-45.383107883100095 177.51198061220572 118.72723029395652
-45.245142456077375 176.93659140783171 118.82669287202634
-45.08155246440645 176.48103791771319 118.47213775322825
-44.917962472735532 176.02548442759468 118.11758263443014
-44.873232946436971 175.42717270534411 118.11285479193464
-44.770803645081187 174.86675356463289 117.92460329805408
-44.882402260214413 174.28265311099005 117.84477592709273
-44.737481180290132 173.71334526494445 117.96678599644972
-44.537382811271968 173.32242304830501 117.55795783786229
-44.477170997446727 172.73313211645797 117.46250766699441
-44.369182802588156 172.18905155400506 117.23378317916654
-44.261194607729564 171.64497099155216 117.00505869133875
-44.032431118061531 171.26581999549998 116.60019848338102
-43.916967294818328 170.71118948663548 116.40257990085713
-43.801503471575124 170.15655897777097 116.20496131833326
-43.686039648331928 169.60192846890646 116.00734273580937
-43.420040289486842 169.15290556199488 115.71133129994466
-43.26489547137065 168.60659303844696 115.51775260270146
-43.256680268396401 168.01682195459026 115.40774088020524
-43.092649308230399 167.47790046995672 115.20120401301824
-42.928618348064397 166.93897898532319 114.99466714583124
-42.79759808529127 166.72893907438143 114.44811712382554
-42.735208105798556 166.15446109775058 114.28661621105705
-42.672818126305842 165.57998312111977 114.12511529828855
-42.470902664776325 165.11832711955066 113.79937938898391
-42.268987203246816 164.65667111798152 113.47364347967923
-42.127532348605726 164.12356814632227 113.23744071571039
-41.986077493964629 163.590465174663 113.00123795174154
-41.876946251232198 163.01867776005028 112.85580919134603
-41.767815008499795 162.44689034543757 112.71038043095045
-41.59098145329439 162.10036909542868 112.25359501410171
-41.384273842002386 161.70926430688965 111.84824453881421
-41.17756623071039 161.31815951835063 111.44289406352671
-41.171801462902707 160.72064688775546 111.49716582166471
-41.156173037935105 160.12105437649083 111.48152699918971
-40.947825491944556 159.80183697355716 111.01817880426067
-40.762637335950132 159.31789321145538 110.71568288362346
-40.662787621371869 158.76114519287228 110.51552874726244
-40.562937906793607 158.20439717428917 110.31537461090143
-40.172873793392164 157.85145485017944 110.02678891602318
-40.099978557692083 157.39824637541187 109.64041039305496
-40.021771987111009 156.92349395494705 109.28194997462533
-39.847472802827006 156.46593819089512 108.93516110926085
-39.766761858378281 155.89331627520104 108.77519272140549
-39.673733502847305 155.36621840388011 108.50405888154748
-39.428458962934435 154.98307735429697 108.11285134558371
-39.183184423021558 154.59993630471382 107.72164380961992
-39.152689050702847 154.00384180157036 107.66047702460303
-39.122193678384143 153.40774729842693 107.59931023958613
-38.867924539551652 153.01861920257113 107.21993373787177
-38.613655400719168 152.62949110671534 106.84055723615738
-38.492012460307919 152.06367355236551 106.68227429254787
-38.295747278283855 151.55973023267788 106.42242605055408
-38.099482096259791 151.05578691299024 106.16257780856029
-38.367314823999564 150.60164385562493 106.44896864884393
-38.007939676891269 150.34482318955367 106.0428988899113
-37.771169768169798 149.86354727551947 105.7739871852672
-37.51605088207301 149.40558132646237 105.48212841212346
-37.260931995976236 148.94761537740524 105.1902696389798
-37.311332878444006 148.35528328540735 105.27152506240421
-37.129841210817617 147.84213448736779 105.01905905349857
-36.948349543191213 147.32898568932825 104.76659304459292
-36.768727601768035 146.80104901261575 104.54519109441826
-36.589105660344856 146.27311233590325 104.32378914424362
-36.59195528861536 145.6732465203342 104.33615372795573
-36.461286731174241 145.10994828677809 104.17608865316163
-36.148520665481904 144.75325422275301 103.80873768631848
-35.921333361919473 144.25535449325233 103.56280723179285
-35.694146058357042 143.75745476375164 103.3168767772672
-35.529080040606303 143.21690305569268 103.11548894074656
-35.364014022855557 142.67635134763373 102.91410110422592
-35.162565677554568 142.13212435150797 102.76166901815668
-34.901164849349833 141.70692631798954 102.42868817890921
-34.750449872337249 141.13267227103916 102.34198589943971
-34.570877665353763 140.58067691035993 102.19014735272749
-34.356947989050781 140.05763163040405 101.98850973542163
-34.111085632557149 139.57351094714986 101.73320821622346
-33.954623272024662 139.0339209841803 101.52258485189958
-33.798160911492189 138.49433102121074 101.3119614875757
-33.674501375319295 137.92126478451058 101.18427669025104
-33.395654289663398 137.7557032308161 100.67946615672436
-33.291139489262768 137.16584730553319 100.64560402587202
-33.186624688862132 136.57599138025029 100.61174189501968
-32.86092486355637 136.1540960648843 100.33619885542689
-32.669841768160623 135.64263616548158 100.08740974401537
-32.478758672764869 135.13117626607885 99.838620632603835
-32.283961984930734 134.65656336524904 99.527498719562118
-32.071970482468302 134.09915494508866 99.461502840766144
-32.140805448572799 133.50524558327331 99.411169776191429
-31.957263007256916 132.97017031513991 99.211153202708743
-31.826669897588658 132.40828874366576 99.046124298134629
-31.696076787920397 131.84640717219162 98.881095393560514
-31.722348529962723 131.24712490366471 98.894155186793213
-31.500862309795671 130.84398881467317 98.50889534197583
-31.196067802811559 130.44374560130052 98.181931003459439
-30.937128365488736 130.0847635079968 97.776860362106333
-30.845214835667797 129.53169347586817 97.563165620483844
-30.736854044281479 128.94867251190107 97.471817415985711
-30.623285861415262 128.40402069433463 97.24719180421792
-30.509717678549059 127.85936887676822 97.022566192450128
-30.288007059423485 127.33210333007405 96.841360660977529
-30.129922219626526 126.78806749720391 96.643789924329468
-29.942250845761169 126.25731103231922 96.436239857081631
-29.754579471895813 125.72655456743453 96.22868978983378
-29.478706691871242 125.29680279318991 95.913717375525593
-29.315428173420219 124.75975003081257 95.701787066614102
-29.244562405985249 124.16915624655371 95.623193014672168
-29.17369663855029 123.57856246229485 95.54459896273022
-28.914987386604174 123.11087595316792 95.271947441300142
-28.656278134658059 122.64318944404097 94.999295919870065
-28.785467163076895 122.08440234532615 94.823037095279389
-28.336692621364325 121.76380067053537 94.586783043817803
-28.125224324425158 121.24806169458718 94.364759468318368
-28.025191134948283 120.66813893350074 94.247785316571168
-27.7839559797739 120.16520232211857 94.026741509059121
-27.542720824599524 119.66226571073642 93.805697701547075
-27.516219533606716 119.0722560119178 93.699932693743506
-27.300898050968357 118.60340766754378 93.393635633535382
-27.085576568330005 118.13455932316974 93.087338573327244
-26.91468135214031 117.58375370465035 92.921784969648698
-26.743786135950607 117.03294808613096 92.756231365970152
-26.67100481120222 116.45595900033786 92.608628948498335
-26.447578608931444 115.95995778401679 92.355521213438948
-26.224152406660664 115.46395656769576 92.10241347837956
-26.328290574794501 114.87436388904121 92.141601680873194
-26.059527642966934 114.45515927237084 91.806886912992098
-25.909258570031984 113.89823421175754 91.641800018963096
-25.758989497097037 113.34130915114424 91.476713124934093
-25.723805658708073 112.75757509223179 91.342487024708333
-25.68862182031911 112.17384103331933 91.208260924482573
-25.603209169056498 111.62215456915173 90.988382039051217
-25.51779651779389 111.07046810498414 90.768503153619847
-25.480292663867026 110.49821626063772 90.592090887655303
-25.35956192316565 109.91051555469748 90.58643681946873
-25.397015290220999 109.41590569483397 90.248859670031749
-25.434468657276344 108.92129583497044 89.911282520594767
-25.531426121251585 108.33495261887711 89.993749987639688
-25.508454843536196 107.76048487927162 89.822113346584587
-25.485483565820811 107.18601713966612 89.650476705529499
-25.435573623567805 106.59418104048761 89.565394219825976
-25.453962838548179 106.04912674316736 89.315238968541664
-25.456824381920729 105.53142844884303 89.011956447411279
-25.525018884263897 105.03769401268949 88.677926783449649
-25.593213386607069 104.54395957653597 88.34389711948802
-25.584726054804598 103.94402003088366 88.343185247744273
-25.587162591599082 103.34408397517265 88.334771428969788
-25.589599128393562 102.74414791946165 88.326357610195316
-25.393691206110578 102.18428886658725 88.462609054095523
