-51.449271505879508 -111.15360942659747 408.96291755748086
-4.1326218103147143 -151.27905737002979 19.150580825721971
-51.449271505879508 -111.15360942659747 408.96291755748086
-51.370052812435482 -111.04847297450563 408.37753671986269
-51.275608628766655 -110.94889150367274 407.79344440966003
-51.157672132296597 -110.82330262513592 407.21871106593596
-51.034220527749902 -110.89007332248011 406.63535750649623
-50.885057133536023 -111.00973358565454 406.06664694457243
-50.735893739322151 -111.129393848829 405.49793638264873
-50.485375917664172 -110.8917670936366 405.00724875671096
-50.285234160649843 -111.02668303240364 404.45793922050586
-50.010453149238479 -111.00546203415402 403.92498043692029
-49.735672137827123 -110.98424103590438 403.39202165333472
-49.470190237589541 -111.11669608171444 402.87050940852572
-49.204708337351953 -111.24915112752451 402.34899716371672
-48.947178014736636 -111.10120201150978 401.82766311341493
-48.6855897122364 -111.02747375902614 401.29274657340073
-48.43830188102892 -111.05458936952706 400.74674888823728
-48.191014049821455 -111.08170498002798 400.20075120307382
-47.956369529423156 -111.20731428470569 399.66301125511995
-47.730900925718089 -111.33429109070983 399.12167882538728
-47.476802434643133 -111.16354892022946 398.60565453520991
-47.22270394356817 -110.99280674974906 398.08963024503248
-47.026166918071567 -111.27895039449486 397.60024796891236
-46.749037146464261 -111.25707898204155 397.06853307255699
-46.471907374856947 -111.23520756958825 396.53681817620168
-46.268002804429003 -111.23954718294185 395.97254510940286
-46.064098234001065 -111.24388679629541 395.4082720426041
-45.825011493762545 -111.2539269264817 394.85805687884726
-45.669464773020273 -111.27586517728989 394.27898526771634
-45.453752813057164 -111.14290377493612 393.73511982864795
-45.319112599934847 -111.02552739102589 393.1623242302793
-45.184674984132457 -111.10848657142529 392.58349411543998
-45.086702565254534 -111.08222019188358 391.99213002924182
-44.988730146376611 -111.05595381234187 391.40076594304367
-44.749972461883857 -111.07345317772099 390.85059456946362
-44.511214777391089 -111.09095254310009 390.30042319588352
-44.338774375672067 -111.1716700051514 389.7314337415217
-44.161632001364424 -111.19835856887005 389.15880096234179
-43.985158771307333 -111.09994891159431 388.59384721341354
-43.808685541250249 -111.0015392543186 388.02889346448529
-43.705511604179563 -111.06643955346968 387.44140466469469
-43.554140681802423 -111.03951961446133 386.86143728566162
-43.423052889245341 -110.98524065709819 386.27845376494247
-43.291965096688237 -110.93096169973505 385.69547024422332
-43.169675394950396 -111.13365716651688 385.14414477175268
-43.054161242266431 -110.91131375402608 384.59896600524428
-42.962440804290154 -110.55225640694775 384.12709188774414
-42.88016274434348 -110.6307021783789 383.53795982971644
-42.751819915681537 -110.7070957104675 382.95684697786567
-42.623477087019602 -110.7834892425561 382.37573412601495
-42.568534207207939 -110.71098731568546 381.78267025883196
-42.412278678982233 -110.84233319409341 381.21846066114318
-42.34909591553717 -110.74693112637399 380.62947306884746
-42.181542197205466 -110.85475439741967 380.06352263489214
-42.01398847887377 -110.96257766846531 379.49757220093682
-42.009059772258652 -110.76993110339228 378.92936184480391
-41.964074070318688 -110.98085501989416 378.36946240019938
-41.919088368378731 -111.19177893639601 377.8095629555948
-41.808191862904216 -110.90115540323545 377.29649383057671
-41.697295357429695 -110.61053187007489 376.78342470555862
-41.624515844526314 -110.81475815140341 376.22396535179263
-41.329612134239774 -110.93988071403976 375.71664282520965
-41.522240784498671 -110.78120771001207 375.17100825803834
-41.330214265816849 -110.88340579537608 374.6118290671962
-41.303094336815256 -110.93893319054632 374.01501987001791
-41.282675192087318 -110.7992134608439 373.43187198512044
-41.170726949707451 -110.82125156516595 372.84282027857341
-41.058778707327583 -110.84328966948799 372.25376857202639
-41.03961020060234 -110.84310566830928 371.65407487146456
-41.020441693877089 -110.84292166713053 371.05438117090279
-40.998018860117043 -110.75075458426417 370.46192657740045
-40.975596026356996 -110.6585875013978 369.86947198389805
-40.971267857781896 -110.75674878555689 369.2775719676377
-40.875396599066121 -110.70960611598009 368.68716001784549
-40.767723004215377 -110.62862397508843 368.10248208100461
-40.660049409364632 -110.54764183419677 367.51780414416373
-40.669362889490074 -110.82464110278841 366.98565316531688
-40.678676369615516 -111.10164037138001 366.45350218647002
-40.675358291435764 -110.90033973656125 365.88828802813816
-40.45438445226349 -110.99976719663536 365.33939391942079
-40.523179730866538 -111.21539513556108 364.78372153249069
-40.541006167629689 -111.28942016859033 364.18857238090152
-40.550133863855713 -111.10520885103804 363.61762328015146
-40.522332582929515 -111.3705853471569 363.08021988968346
-40.494531302003317 -111.63596184327575 362.54281649921541
-40.622108483203775 -111.59263520439056 361.95813978067787
-40.575072194631517 -111.53875034713826 361.36241836112316
-40.528035906059245 -111.48486548988596 360.76669694156851
-40.529023379781279 -111.65506677059678 360.19134439839166
-40.530010853503313 -111.8252680513076 359.61599185521487
-40.539277405217554 -111.66318846048202 359.03837231152096
-40.505233156850537 -111.93075199766854 358.5024145307944
-40.471188908483512 -112.19831553485506 357.96645675006778
-40.437144660116488 -112.46587907204159 357.43049896934122
-40.407459057462951 -112.28963876558976 356.85773538864072
-40.377773454809414 -112.11339845913794 356.28497180794022
-40.342206521207473 -112.12790164817099 355.68620252788156
-40.382784126065673 -111.98532277345119 355.10480359215188
-40.240589486088517 -111.86157903102178 354.53518251584649
-40.249974440105035 -112.1408454984368 354.00421908695927
-40.211947175951494 -112.16163110958857 353.40578622894589
-40.168976631449411 -112.17740496609372 352.80753484553242
-40.126006086947328 -112.19317882259887 352.20928346211895
-40.136849372503086 -111.82862390510427 351.73285704042416
-40.091571184949586 -111.95904830194964 351.14895690988868
-40.046292997396087 -112.08947269879499 350.5650567793532
-40.070761770663587 -111.95998808465262 349.97970644507876
-39.729390630204499 -111.71906268447113 349.54910141026255
-39.93876454391669 -111.85227878209687 349.00282672149308
-39.865527498382328 -111.8176477060055 348.40832102452271
-39.846506278370583 -112.11841450953889 347.88949781467034
-39.813726708388785 -112.15088879916277 347.29127467878772
-39.786158780590121 -112.37482271540534 346.73531280013674
-39.832942345448785 -112.24133831198586 346.15222343125504
-39.71503143639773 -112.41104814640191 345.58893346185272
-39.720722428207097 -112.44984409574033 344.9902160937005
-39.703266650362494 -112.45666281922726 344.39050883108825
-39.676226515116994 -112.39586562966682 343.79420980138298
-39.649186379871495 -112.33506844010637 343.1979107716777
-39.605243154217042 -112.57369956061252 342.64916294139033
-39.56129992856259 -112.81233068111869 342.10041511110302
-39.551440161126749 -112.53320482851196 341.5693863516251
-39.507493092746664 -112.72071217566176 341.00113495484226
-39.458197852729697 -112.73539513282131 340.40334369522003
-39.402280944006215 -112.67815534556675 339.80870354683287
-39.424504272941753 -112.84099489230596 339.23165120460664
-39.40078750660912 -113.11754112418691 338.69971164354058
-39.348044273734558 -112.96224687601539 338.12256188145903
-39.295301040859997 -112.80695262784384 337.54541211937749
-39.313724405987685 -112.5666913913938 336.99592588854284
-39.273517758582699 -112.55356795909037 336.39741841070401
-39.233311111177706 -112.54044452678697 335.79891093286517
-39.131880638354609 -112.62096552462681 335.21305410044806
-39.045991114484565 -112.69062636211443 334.62333352474303
-38.960101590614528 -112.76028719960205 334.033612949038
-38.957083323128629 -112.84993539799351 333.44035576148224
-38.862420225531935 -112.84735278451339 332.84787603350748
-38.748573013807757 -112.86576718351087 332.2590639053272
-38.634725802083572 -112.88418158250833 331.67025177714692
-38.520878590359388 -112.90259598150578 331.08143964896664
-38.618875559316564 -112.99375888836252 330.49655853413333
-38.716872528273733 -113.0849217952192 329.91167741930002
-38.51363560621165 -113.11479333159097 329.34793772331835
-38.528058995418704 -113.12016325845703 328.74813514769096
-38.463282112027642 -113.2141076839124 328.15908642279294
-38.326181751772523 -113.16177421224222 327.57730923265842
-38.189081391517384 -113.10944074057204 326.99553204252385
-38.164217575256011 -113.20589429642416 326.40385772146163
-38.139353758994631 -113.30234785227626 325.81218340039948
-37.907012109841489 -113.22245447235628 325.26479468484735
-37.918090475444515 -113.21871525436636 324.66490862227846
-37.871933941811811 -113.06489680301802 324.08680010441367
-37.825777408179114 -112.9110783516697 323.50869158654888
-37.800705923907024 -113.48595964422307 323.33874182883039
-37.770786345055555 -113.49362849257163 322.73953734990329
-37.610285434646734 -113.24536392782049 322.21742226331139
-37.49042978777873 -113.15909935326576 321.63587858731557
-37.370574140910733 -113.07283477871101 321.05433491131976
-37.379167970900326 -113.37103528670136 320.53375580770495
-37.472500252909207 -113.3995804303745 319.94174714230576
-37.565832534918094 -113.42812557404764 319.34973847690657
-37.319096414188628 -113.46578937038052 318.8041170649613
-37.07236029345917 -113.5034531667134 318.25849565301598
-36.986545295537866 -113.14516599480574 317.78492824643257
-36.974831517028051 -113.25624924147489 317.19541717808659
-36.93216572154391 -113.19455176691406 316.60012476966148
-36.876224141604474 -113.1979922196662 316.00274825278228
-36.820282561665039 -113.20143267241833 315.40537173590309
-36.748495445296797 -113.47254603904669 314.87495288974571
-36.687703543360549 -113.17961462389557 314.35486104143763
-36.640018767151659 -113.24414444235477 313.76025018999985
-36.622565019274539 -113.21853529589696 313.16105110930732
-36.539102137986021 -113.3751520177547 312.58789742147002
-36.455639256697509 -113.53176873961245 312.01474373363266
-36.363779355969754 -113.32822626090089 311.45784857473984
-36.271919455242013 -113.12468378218939 310.90095341584708
-36.200589442794445 -113.34905635953073 310.34907573387267
-36.164358448309763 -113.12986730937016 309.79172173924417
-36.121995639791677 -113.10442929527801 309.19375995125642
-36.063141451342226 -113.27738549570468 308.62225112609627
-35.998447034036452 -113.36011782707017 308.03151430337709
-35.815018152244974 -113.42337935600497 307.46375394523159
-35.631589270453489 -113.48664088493979 306.89599358708602
-35.720471772858524 -113.37854393740417 306.31254268880946
-35.809354275263559 -113.27044698986856 305.72909179053295
-35.898236777668586 -113.16235004233299 305.14564089225644
-35.726796479836011 -113.56393011829466 304.73412945028952
-35.634817128848013 -113.57988917311357 304.14143635301139
-35.542837777860029 -113.59584822793245 303.54874325573326
-35.484285597544662 -113.70503583405196 302.96167451286732
-35.435498704268596 -113.8215160059718 302.37511487515434
-35.386711810992537 -113.93799617789168 301.78855523744136
-35.342342338816351 -113.58230433448743 301.30739553165284
-35.255648163364548 -113.65391041485751 300.71802579269712
-35.201325315838837 -113.849475088319 300.15339893650747
-35.188936785370842 -113.88293891368289 299.55446096250279
-35.131236733776952 -113.7188013531085 298.98024012932558
-35.020302786332763 -113.86424417081309 298.40880330334863
-34.934525272988459 -113.80697502073852 297.81773438803145
-34.848747759644155 -113.74970587066396 297.22666547271433
-34.784787397984886 -113.87725062814729 296.64387785533137
-34.733289352945313 -114.08417157821061 296.08304662244393
-34.681791307905748 -114.29109252827394 295.52221538955655
-34.512969733902089 -113.95935614271198 295.05163038486
-34.54764393760388 -113.84997447155945 294.4627047956609
-34.447504356247528 -114.03633208235094 293.90123983224305
-34.347364774891176 -114.22268969314243 293.33977486882515
-34.247225193534817 -114.40904730393383 292.77830990540718
-34.232934828906352 -114.26556188492277 292.19589448664664
-34.204799807865001 -114.29094948701592 291.59709244068239
-34.17666478682365 -114.31633708910911 290.99829039471814
-34.170327866051792 -114.40167472078524 290.40442396861289
-34.163990945279934 -114.48701235246135 289.81055754250764
-33.898671492927498 -114.43873122717555 289.27457757912794
-33.888190993585567 -114.66799746250165 288.72020662708144
-33.865200039611949 -114.90601260294541 288.16991560502589
-33.842209085638345 -115.14402774338923 287.6196245829704
-33.782855116333536 -115.04341095548209 287.03110664074688
-33.723501147028735 -114.94279416757497 286.44258869852331
-33.67058699951761 -115.02699344279873 285.85088727462363
-33.656054962336221 -114.91234924238206 285.26212116893635
-33.660111187783968 -115.17989842059947 284.72509138924971
-33.664167413231752 -115.44744759881674 284.18806160956296
-33.57044094401023 -115.34517327612316 283.60431910478468
-33.4767144747887 -115.24289895342956 283.02057660000639
-33.446919586109018 -115.26090630482653 282.42158745160367
-33.35135887500941 -115.10617264905898 281.84981332988519
-33.317413415481056 -115.14107059528139 281.2517917256543
-33.283467955952716 -115.17596854150381 280.65377012142346
-33.255256633583407 -115.26509983118407 280.06109842943022
-33.254401551832778 -115.56174433712363 279.53956098501124
-33.170901921295822 -115.42816127424473 278.96061074793374
-33.148956555879167 -115.22841772958732 278.39526048720643
-33.174565543713811 -115.21669091678589 277.79592196716658
-33.015134226126172 -115.22931093312404 277.21762931620179
-32.993552732818053 -115.31410121125623 276.62404288788582
-32.927125137572276 -115.44437016946335 276.04213449894689
-32.957285078192349 -115.54860540182187 275.45202824214482
-32.881161593025588 -115.83622025962806 274.93098802433514
-32.86964270456766 -116.07527337488023 274.38078722163038
-32.845508354693465 -116.19646266941504 273.79364951372338
-32.809770835052348 -116.19939502253362 273.19472194632056
-32.839359769403934 -116.15104551437427 272.59740559795512
-32.868948703755521 -116.10269600621491 272.00008924958962
-32.879664036326389 -116.21668883141615 271.41111487200556
-32.890379368897264 -116.33068165661737 270.82214049442149
-32.733021290608647 -116.15818467392612 270.26943512430131
-32.681414105473429 -116.12533098712825 269.67256216151424
-32.629806920338225 -116.09247730033039 269.07568919872716
-32.600440463405604 -116.17004307912759 268.4814492125542
-32.57107400647299 -116.2476088579248 267.88720922638129
-32.458486155683346 -116.32340452017677 267.30276162955295
-32.345898304893701 -116.39920018242874 266.71831403272466
-32.371068245684555 -116.4702612478053 266.12306887393026
-32.321052700810966 -116.08543203624974 265.66546104706919
-32.284876074994415 -116.0993957776581 265.06671547032522
-32.248699449177842 -116.11335951906649 264.46796989358131
-32.228202228420926 -116.05566784339371 263.87110178880499
-32.207705007664025 -115.99797616772094 263.27423368402867
-32.195560806652352 -116.01508015758479 262.67460048622144
-32.122251517604937 -115.96323306677841 262.08135717415269
-32.048942228557536 -115.91138597597202 261.48811386208399
-32.044167454428838 -116.01640784966476 260.89739598730949
-32.039392680300146 -116.12142972335751 260.306678112535
-31.975758401568878 -116.18438341828357 259.71339275887669
-31.950060942361638 -116.18329023879581 259.11394430775772
-31.924363483154387 -116.18219705930804 258.51449585663875
-31.900015222701011 -116.15007957348152 257.91585102928531
-31.811013146859153 -116.18262185169313 257.32338193251769
-31.722011071017295 -116.21516412990472 256.73091283575002
-31.675321097491583 -116.04755022158322 256.15669543431625
-31.628631123965881 -115.87993631326167 255.58247803288251
-31.61244552422691 -116.01826299692218 254.99886535743022
-31.596259924487942 -116.15658968058267 254.41525268197793
-31.577152813663265 -116.26763249064261 253.82592729422518
-31.450853265430901 -116.18442497514002 253.24530268789144
-31.32455371719853 -116.10121745963743 252.66467808155772
-31.275904435805064 -116.27307418841295 252.09187924060697
-31.227255154411591 -116.44493091718846 251.51908039965627
-31.178605873018132 -116.61678764596392 250.94628155870555
-31.171409382401123 -116.50342680618159 250.3571317216296
-31.164212891784114 -116.39006596639926 249.76798188455365
-31.187260179844277 -116.97261081074191 249.62617100047606
-31.118672579316041 -116.88639092142746 249.03637283861016
-31.050084978787805 -116.80017103211301 248.44657467674429
-31.014988435147909 -116.78876929794797 247.84771055769676
-30.979891891508011 -116.77736756378295 247.2488464386492
-30.86226446524925 -117.1878895492562 246.82737818594819
-31.06802227845963 -117.07972412771986 246.27423809168027
-30.915204900722181 -117.07472006447156 245.69404690904088
-30.888745628501823 -117.17493574491246 245.10306744720879
-30.862286356281466 -117.27515142535337 244.51208798537672
-30.696568912856588 -117.03952221771158 243.98576431552061
-30.68409747248095 -117.14932075806749 243.39602815102779
-30.671626032105308 -117.25911929842341 242.806291986535
-30.633335897834183 -117.34312379175192 242.21343693619124
-30.595045763563064 -117.42712828508043 241.62058188584746
-30.426236644942396 -117.15539384634342 241.11297586118386
-30.420623928687679 -117.35830378751719 240.5483555877353
-30.415011212432955 -117.56121372869097 239.98373531428675
-30.379369329185408 -117.65652049452567 239.39242636243102
-30.335484843472376 -117.75522410960725 238.80222999825759
-30.291600357759343 -117.85392772468886 238.21203363408418
-30.336916245543819 -117.70812495201092 237.63178539255841
-30.222432722507829 -117.60155170414627 237.05253098748852
-30.123803133609311 -117.43714646334062 236.48398624783357
-30.096146397171424 -117.63101688521606 235.91684485060404
-30.068489660733537 -117.82488730709152 235.34970345337456
-30.024177519140153 -117.78857597778986 234.75244478121334
-29.947705084677363 -117.72323811390213 234.16093575312507
-29.900939758070855 -117.74636218313431 233.56320815492541
-29.833294490223757 -117.72076396809916 232.96758339962648
-29.765649222376652 -117.69516575306405 232.37195864432755
-29.747162850487918 -117.88329647255793 231.80251585840688
-29.746378805592038 -118.00582674910193 231.21516101114361
-29.745594760696157 -118.12835702564591 230.62780616388036
-29.566579140374955 -118.4805045526937 230.17620287904384
-29.598160023742658 -118.31596100790721 229.60007088924044
-29.538978486010183 -118.53623370458527 229.04511369747715
-29.4824029513703 -118.5280113448586 228.4478435729265
-29.425827416730424 -118.51978898513191 227.85057344837588
-29.428128659859162 -118.73871938290715 227.29194639460025
-29.430429902987896 -118.95764978068239 226.73331934082461
-29.298050127891294 -119.117080944413 226.17024092783328
-29.165670352794695 -119.27651210814361 225.60716251484192
-29.172143688647104 -119.23957876063029 225.00833530790788
-29.178617024499523 -119.20264541311701 224.40950810097382
-29.165342948045883 -119.40660993432921 223.84539616794905
-29.102344299342327 -119.51055638821133 223.2578365497086
-29.039345650638772 -119.61450284209343 222.67027693146815
-28.988994469896511 -119.75985907628016 222.0903318273584
-28.938643289154253 -119.9052153104669 221.51038672324862
-28.87783090608001 -119.99591881570582 220.92040814041516
-28.82901629867003 -120.20804311219884 220.3612834522277
-28.818811258256499 -120.25512784360083 219.76322084244595
-28.728747009348847 -120.38588536444188 219.18460965882414
-28.664317709625958 -120.60829852065858 218.63109249262334
-28.656096829225799 -120.69960076642568 218.03813691499266
-28.606565012741139 -120.70850743970895 217.4402512483918
-28.55703319625648 -120.71741411299224 216.84236558179094
-28.535495545758 -121.05682315706954 216.34806038213233
-28.513957895259516 -121.39623220114683 215.85375518247369
-28.462476503599145 -121.37300353167807 215.25641935128039
-28.474439682253724 -121.60153001512739 214.70177304171116
-28.480468291342646 -121.64257897145106 214.10320922802276
-28.340858946162079 -121.79073283855882 213.53879832947518
-28.354607808481205 -121.86307622424525 212.9433343059336
-28.245749419595892 -121.93908651765241 212.35820843360744
-28.136891030710579 -122.01509681105958 211.77308256128126
-28.087541525030002 -121.97761246449875 211.17629151740411
-28.110618039955238 -121.74417621038224 210.62404611024985
-28.116967673422295 -121.98704941650075 210.0754366973662
-28.123317306889344 -122.22992262261926 209.52682728448252
-28.044398498316468 -122.55689691932484 209.0299775778837
-27.972122411522172 -122.76649087938537 208.47244144525743
-27.958028788165205 -122.80732906701783 207.87399878951541
-27.943935164808238 -122.84816725465029 207.27555613377339
-27.841756400317156 -122.68304648743734 206.7078461441466
-27.792511444628797 -122.52424240298699 206.13134272082533
-27.76377959832239 -122.69786006499437 205.55773014386514
-27.735047752015987 -122.8714777270018 204.98411756690493
-27.680425795367558 -122.7448529020987 204.40018041654528
-27.625803838719122 -122.61822807719564 203.81624326618561
-27.636736857243552 -122.94070703956424 203.31038974199546
-27.587732029481629 -122.91717606730947 202.71285746654854
-27.56119528867999 -122.92837437770122 202.11354919926703
-27.517395008273859 -122.96053019218326 201.5160146487753
-27.419017538804269 -122.82987862028654 200.9387347857438
-27.528073498352892 -122.80177547857656 200.3493987092026
-27.407802418915018 -122.90867319102055 199.77137816759091
-27.396855680800343 -122.99945418267059 199.17838661581325
-27.342805590409689 -123.27711188481098 198.64925072762298
-27.302165840630114 -123.20200104953824 198.05535951438398
-27.295524905837745 -123.16472539047288 197.45655535338781
-27.276850973854824 -122.93330906082947 196.90329432400054
-27.247927091068323 -122.91375165703009 196.30431108804049
-27.236818890597494 -123.03250906352089 195.7162861852635
-27.22403391650402 -123.30559759465027 195.18218956609891
-27.183432525161493 -123.45449658181754 194.60237871880332
-27.142831133818966 -123.60339556898479 194.02256787150776
-27.101565209678569 -123.69167990851786 193.43053493416554
-27.060299285538179 -123.77996424805094 192.83850199682331
-27.023925765808904 -123.7674859501376 192.23973554891253
-26.987552246079638 -123.75500765222424 191.64096910100176
-26.955321255851896 -123.74759184835099 191.04188132018675
-26.938376236625611 -123.98126210770594 190.48951271480047
-26.904642423593192 -124.00861363767672 189.89108650910208
-26.870908610560768 -124.03596516764749 189.29266030340372
-26.802380449073318 -124.55745993519295 189.0039613278152
-26.77858855078177 -124.50041652436512 188.40715315523644
-26.754796652490221 -124.44337311353729 187.81034498265768
-26.744055362608414 -124.30471220772806 187.22668602582428
-26.627162610340083 -124.30854871234081 186.63819527339098
-26.631678595570712 -124.44983522396255 186.05508488288919
-26.604332102327412 -124.72146869189142 185.52079336282901
-26.576985609084108 -124.99310215982027 184.9865018427688
-26.474722336700683 -125.31219291863735 184.48878373906052
-26.431644234085219 -125.36845229159624 183.89298246344146
-26.388566131469759 -125.42471166455509 183.29718118782236
-26.350385420341002 -125.73381674662414 182.78434955703426
-26.312204709212239 -126.0429218286932 182.27151792624616
-26.279617862705845 -125.95754445206833 181.67851809404095
-26.247031016199447 -125.87216707544344 181.08551826183572
-26.164891179374791 -126.23281902375231 180.61309554922823
-26.082751342550136 -126.59347097206121 180.14067283662072
-26.046403621845201 -126.35804371723043 179.58998885203212
-26.010055901140266 -126.12261646239965 179.03930486744349
-25.977811582143705 -126.40470129975347 178.51073278302405
-25.945567263147144 -126.68678613710729 177.98216069860462
-25.853669204803538 -126.95382411032513 177.45277854199904
-25.790895967369966 -127.0134481028183 176.85905764782291
-25.754454384960063 -127.25877645326531 176.31271891449131
-25.71801280255017 -127.50410480371234 175.76638018115969
-25.732943242695409 -127.44656440982246 175.1693322894223
-25.732842868358109 -127.46209618711002 174.56953336159791
-25.542010519244503 -127.44359150277937 174.00099084674997
-25.460892928231591 -127.61165052065405 173.43074870262237
-25.379775337218675 -127.77970953852871 172.86050655849473
-25.398107003779803 -128.02733966700947 172.31429847592025
-25.300118180790598 -127.58013993867698 171.92647042955363
-25.227224562655408 -127.6456256763967 171.33452605835777
-25.154330944520218 -127.71111141411646 170.74258168716193
-25.07659763420299 -127.9924708230883 170.21837331690239
-25.049690197887493 -128.06100754598629 169.62290819828894
-25.022782761571996 -128.12954426888427 169.02744307967549
-24.989802595200601 -128.25129120791217 168.44085123566177
-24.956822428829213 -128.37303814694005 167.85425939164799
-24.886194707655662 -128.44721309088851 167.26306585084086
-24.766554697292758 -128.66378314107084 166.71645476306054
-24.646914686929861 -128.88035319125319 166.16984367528022
-24.542405585889675 -128.7995465899476 165.58456755157005
-24.437896484849485 -128.718739988642 164.99929142785987
-24.457355297285595 -128.78897635086693 164.40373437094595
-24.419544175267212 -128.89827261169054 163.81498599819093
-24.347434929312588 -129.04411285128225 163.23746467290181
-24.272434689765625 -129.1302606415457 162.64843706548376
-24.162662433910157 -129.3694103453071 162.10921774921695
-24.156171406660874 -129.57919080492957 161.54712342855018
-24.104394455407906 -129.64808640858033 160.95334523501614
-24.052617504154945 -129.71698201223106 160.35956704148211
-23.94790116837434 -129.70527947743022 159.76889154706922
-23.843184832593732 -129.69357694262942 159.1782160526563
-23.79801660305705 -129.78832155648337 158.5874679767507
-23.752848373520365 -129.88306617033732 157.99671990084508
-23.630261997939741 -129.90826359415377 157.40991697791861
-23.592101635974331 -130.33684980091945 156.99175713988433
-23.494229719709551 -130.14507668113933 156.4317177140075
-23.455110607651179 -130.34217292764333 155.86636581944464
-23.314634676720946 -130.33613427410771 155.28307339921895
-23.237947758808893 -130.29944934773451 154.6891261517313
-23.158823749941075 -130.40095959231894 154.10309282378392
-23.079699741073252 -130.50246983690334 153.51705949583652
-23.022368142619545 -130.77693158649996 152.98660324332636
-22.956825165194576 -130.62601821873398 152.40960300629018
-22.893637861534597 -130.79682839592607 151.83791143907604
-22.830450557874624 -130.96763857311814 151.26621987186189
-22.696524052801337 -131.22908764126993 150.74304869910728
-22.562597547728046 -131.49053670942169 150.21987752635266
-22.534803669230151 -131.62151095911742 149.63500724480753
-22.442871588837082 -131.41649300442469 149.07866550554269
-22.350939508444007 -131.211475049732 148.52232376627782
-22.278739840045716 -131.43805395730834 147.97146152712477
-22.224678137710544 -131.65355881621088 147.41411514637937
-22.170616435375376 -131.86906367511341 146.85676876563394
-22.0662595220135 -132.00683209986281 146.28219980042991
-21.96190260865162 -132.14460052461214 145.70763083522587
-21.910764675207872 -132.02173016269469 145.12257717450285
-21.859626741764124 -131.89885980077722 144.53752351377986
-21.76228623566718 -132.02760971573539 143.9596409259897
-21.664945729570228 -132.15635963069354 143.38175833819952
-21.63133667564539 -132.14496413132377 142.78280877931465
-21.597727621720548 -132.13356863195403 142.18385922042978
-21.350357536357812 -132.01034725169831 141.65129510943891
-21.350888477495261 -132.32659296314745 141.14140456423186
-21.351419418632712 -132.64283867459659 140.63151401902482
-21.262958846312337 -132.65011883874101 140.03811556405986
-21.174498273991954 -132.65739900288543 139.44471710909494
-21.131292660642579 -132.78960389153968 138.8610604100063
-21.02490392899761 -132.90574356038209 138.28210184922656
-20.935573722494983 -132.87623256930644 137.68952340242654
-20.846243515992349 -132.84672157823078 137.0969449556265
-20.800377156195385 -133.21066436127052 136.62213770240444
-20.754510796398414 -133.57460714431019 136.14733044918236
-20.674593581841457 -133.61034334310497 135.55375133658393
-20.594676367284499 -133.64607954189975 134.96017222398547
-20.284670783736704 -133.69815711301803 134.44911012917154
-20.31157554043395 -133.60136368673651 133.85758061452688
-20.324877502865053 -133.855817751834 133.31437145908964
-20.338179465296161 -134.11027181693149 132.7711623036524
-20.237706669664185 -134.1122559746853 132.17963776446919
-20.137233874032201 -134.11424013243914 131.58811322528601
-20.06941488086332 -134.22951213669293 131.00320900304027
-20.001595887694432 -134.34478414094679 130.41830478079459
-19.917579063211861 -134.34921168832295 129.82423275651797
-19.833562238729289 -134.35363923569912 129.23016073224136
-19.72704248671695 -134.31606804424732 128.64088834360933
-19.642943729241669 -134.49488462741135 128.07436206127403
-19.581228445229293 -134.68047550577441 127.50713437366728
-19.519513161216917 -134.8660663841375 126.93990668606054
-19.457797877204552 -135.05165726250047 126.37267899845376
-19.458533403872718 -135.17006042632468 125.78447822508046
-19.318908170720704 -135.35146625011097 125.22986419590013
-19.244746646585028 -135.54571306131146 124.66704251483559
-19.163214973694675 -135.61129283828794 124.07623638828696
-19.081683300804329 -135.67687261526444 123.48543026173832
-19.008477392912834 -135.72938264520289 122.89223249386858
-18.920378545464228 -135.76347494544845 122.29971556740807
-18.832279698015622 -135.79756724569404 121.70719864094758
-18.823785714187885 -135.74453676289949 121.109607124832
-18.698795670478557 -135.59912729984492 120.54107077856403
-18.624066507771666 -135.77681488349882 119.97287831569925
-18.560596060282432 -136.08197198681435 119.46018869751727
-18.53027786956773 -136.26600417416742 118.88991423611307
-18.579122914919878 -136.41515450319261 118.3108042803221
-18.627967960272031 -136.56430483221783 117.73169432453115
-18.125728322560295 -136.34508242853849 117.48736486655233
-18.334012094015925 -136.6509682961227 117.01508136423567
-18.165318577086474 -136.81995575669936 116.46463996361811
-17.996625060157022 -136.98894321727602 115.91419856300054
-17.926987984726473 -137.14566253053928 115.33922922940459
-17.857350909295924 -137.30238184380235 114.76425989580859
-17.715665204445511 -137.16195454781493 114.19839300723611
-17.573979499595097 -137.02152725182754 113.63252611866362
-17.70882824598533 -137.18069758492069 113.06996001529444
-17.512499537251529 -137.42382587356832 112.55776505887043
-17.355234253967303 -137.5240349258992 111.98747936160592
-17.197968970683075 -137.62424397823008 111.4171936643414
-17.269913762206585 -137.69895455996732 110.82622642671386
-17.15468361893706 -137.66949563128031 110.23813273893725
-17.039453475667532 -137.64003670259336 109.65003905116063
-17.018807170585696 -137.78151795643799 109.06732403942934
-16.900875333716801 -137.81385453468744 108.47991751277182
-16.896580166762497 -138.05339754321668 107.92982597620214
-16.742315980174276 -138.13613737136822 107.35592992152525
-16.689313276672017 -138.20609406591581 106.76238398875387
-16.636310573169752 -138.27605076046342 106.16883805598252
-16.489242408966415 -138.33152194099776 105.58979237280373
-16.414266899518243 -138.53152597562769 105.02909899927883
-16.31096745826553 -138.57225973885616 104.43946353056099
-16.207668017012821 -138.61299350208466 103.84982806184314
-16.099179102197024 -138.47558835011816 103.27593784623119
-16.04307478525774 -138.71681234717366 102.72943689576053
-15.973303313535183 -138.8303502372294 102.14442314442184
-15.903531841812619 -138.94388812728511 101.55940939308314
-15.721520649138125 -138.67780956527122 101.05337172197768
-15.698351655633127 -139.01454971440342 100.55731802558748
-15.569551540477383 -139.12368625882058 99.981557880207006
-15.44075142532164 -139.23282280323778 99.405797734826535
-15.392052005614048 -139.40466652745528 98.832999252839016
-15.302778138427826 -139.43059615319228 98.240244808615472
-15.2135042712416 -139.45652577892926 97.647490364391942
-15.04570291520287 -139.78763337912102 97.176098317358026
-15.085905953616404 -139.86358333864058 96.582284104534438
-14.953689416142248 -139.70797384149557 96.018099319542301
-14.821472878668095 -139.55236434435054 95.453914534550179
-14.774533893507485 -139.87194070602649 94.948278617382456
-14.693343011792601 -139.92777075493512 94.356424711114016
-14.6039574099545 -139.97920352549178 93.765353747272187
-14.514571808116401 -140.03063629604844 93.174282783430357
-14.42386505077954 -140.05256216283846 92.581584259272461
-14.333158293442676 -140.07448802962853 91.988885735114565
-14.245909965678603 -140.21449820995733 91.412010637102298
-14.154173485560747 -140.19554083146539 90.819368218761952
-14.062437005442892 -140.17658345297349 90.226725800421605
-13.996143654401134 -140.5100791171572 89.732371844658815
-13.902360488233404 -140.54610568394887 89.140842636395377
-13.821480889988683 -140.68795693838814 88.563489441027258
-13.728500439417274 -140.74871612515224 87.973859932746592
-13.635519988845868 -140.80947531191634 87.384230424465926
-13.552552876143963 -140.91517683173072 86.799470946630095
-13.465117577118386 -140.98108881486326 86.209546647279879
-13.377682278092809 -141.04700079799579 85.619622347929663
-13.276686749520554 -141.08056819680107 85.029136841802824
-13.200627872868717 -141.22365850429395 84.451434313520281
-13.124568996216876 -141.36674881178686 83.873731785237737
-13.027837419789915 -141.5193472490827 83.301580826961143
-12.931105843362957 -141.67194568637851 82.729429868684548
-12.841585502413356 -141.54975821388587 82.148864342561836
-12.663248906173122 -141.59419916592668 81.5777066933763
-12.484912309932882 -141.63864011796741 81.006549044190749
-12.519400616019439 -141.70127751458404 80.410825019756302
-12.455307301544238 -141.86660584008456 79.837624712859338
-12.391213987069039 -142.03193416558506 79.264424405962373
-12.322818601832163 -142.16802601914111 78.684078751482232
-12.238518064950714 -142.21974017989706 78.092285658367075
-12.154217528069269 -142.27145434065298 77.500492565251918
-12.042240545657748 -142.45316711196614 76.939741618617234
-11.958525037948798 -142.46626815550738 76.34575502244931
-11.882339737113856 -142.53454342208869 75.754540773712066
-11.806154436278911 -142.60281868867 75.163326524974821
-11.687987846494964 -142.3785373889483 74.619511707547062
-11.63862060980769 -142.57532126129553 74.054853418379281
-11.589253373120416 -142.77210513364278 73.490195129211514
-11.505051543822342 -142.98061165337725 72.933926234547187
-11.42084971452427 -143.18911817311172 72.377657339882859
-11.344076703020663 -143.10747127509666 71.788217191310338
-11.267303691517057 -143.02582437708159 71.198777042737831
-11.11126783176025 -143.15368163083755 70.633705955942617
-11.046030770019486 -143.20416700198911 70.039403547168163
-10.980793708278721 -143.25465237314063 69.44510113839371
-10.892492798806831 -143.41016020018202 68.872370603922818
-10.804191889334941 -143.56566802722344 68.299640069451939
-10.772567642499764 -143.43370030221135 67.715187824553141
-10.778896740548246 -143.36881815850455 67.118739796686583
-10.682762442126357 -143.46109712327251 66.533724592330088
-10.478796035966374 -143.59421474708242 65.985384001648171
-10.274829629806383 -143.72733237089236 65.437043410966268
-10.442688029413072 -144.2575398655182 65.211868877938969
-10.35756076796306 -144.5213856934279 64.679761061371067
-10.27243350651305 -144.78523152133761 64.147653244803166
-10.191779271454077 -144.89464070611666 63.563252248352072
-10.111125036395107 -145.00404989089571 62.97885125190097
-9.986116331580309 -144.67993820165472 62.489643283223145
-9.8524413921941107 -144.45106780518489 61.951359573456784
-9.7927264769026792 -144.5086418809737 61.357121107276079
-9.7999272354670985 -144.69942308294213 60.788305950962908
-9.6942455042666023 -144.67693936506765 60.198114580201697
-9.5885637730661095 -144.65445564719317 59.607923209440479
-9.6448927990926041 -144.91909969410455 59.072394900887808
-9.7012218251190951 -145.18374374101592 58.536866592335137
-9.4366427272982136 -144.87802286819218 58.093546562428777
-9.3900777888526683 -145.06944158913291 57.526809780685277
-9.3039359928022751 -145.39288369548507 57.028849144879892
-9.2452159944641803 -145.40289593968734 56.431813369769884
-9.1864959961260872 -145.41290818388964 55.834777594659876
-9.1277759977879924 -145.42292042809194 55.237741819549868
-8.9878827539001769 -145.72885359336794 54.740917123405687
-8.8802343083616861 -145.60456648908632 54.163886337500436
-8.8179561644714575 -145.69754835613719 53.574415553497261
-8.7689475532586076 -145.6121320737679 52.982552212232406
-8.6612373130954072 -145.88341509389494 52.458334674224815
-8.553527072932205 -146.15469811402198 51.934117136217232
-8.5795411494458786 -146.37308016345801 51.375876553397177
-8.5085739598194809 -146.33919962087225 50.781052405576474
-8.4376067701930815 -146.30531907828649 50.186228257755772
-8.3304527962096024 -146.69873402927945 49.746066126042052
-8.2498537321996359 -146.74519517942343 49.153322376679803
-8.1882658408399589 -146.79981854172283 48.558996523356072
-8.1266779494802837 -146.85444190402222 47.964670670032348
-8.0309099015987186 -146.91081258081638 47.375051447310838
-7.930270503872042 -146.76186279140245 46.802613090927579
-7.9439029977228959 -147.19780601142091 46.390584373443787
-7.8623031077733501 -147.28876822939336 45.803160052478304
-7.7569022511661512 -147.27088617145753 45.212761126809866
-7.6515013945589514 -147.25300411352174 44.622362201141428
-7.6022582223154744 -147.60578427926529 44.139535871447897
-7.5530150500719957 -147.9585644450089 43.656709541754367
-7.46171710864372 -148.06838251439805 43.073953437087418
-7.3704191672154451 -148.17820058378726 42.491197332420469
-7.3125350842299426 -148.00900249913829 41.918465771313478
-7.2578332086752493 -147.66285755234375 41.431442793806859
-7.2031313331205578 -147.31671260554924 40.94441981630024
-7.0279088973434982 -147.83061049507899 40.68906504908955
-7.066453022365299 -147.87311957147634 40.09181524469431
-7.025167104076667 -147.92955553519934 39.495903795777849
-6.9838811857880332 -147.98599149892232 38.899992346861382
-6.9060068853284307 -148.19203169893612 38.341885699968337
-6.8173423410453111 -148.19508385093917 37.748480877814679
-6.7408173967168379 -148.32405786425835 37.167525081919777
-6.6642924523883647 -148.45303187757753 36.586569286024883
-6.6004832098738344 -148.48905803844045 35.991060682977704
-6.5366739673593042 -148.52508419930339 35.395552079930532
-6.4558000324760982 -148.16732225826317 34.920719688238847
-6.3923721019706505 -148.25765317039406 34.330959377650387
-6.331575642002135 -148.42798454703396 33.758865842826523
-6.2707791820336203 -148.59831592367385 33.186772308002674
-6.2257523570446303 -149.01220386632855 32.75471981587183
-6.1359911537099254 -148.91951610740628 32.168757440183882
-6.1120770146864363 -149.09974686014354 31.596966403420861
-5.9852496912182831 -148.73028554975767 31.141540042578782
-5.905509238185993 -148.88533113416747 30.567430012266449
-5.825768785153703 -149.04037671857728 29.993319981954112
-5.7449882564917001 -149.14385802193931 29.407857663744323
-5.6642077278296998 -149.24733932530134 28.822395345534535
-5.6386525628489164 -149.49051548952028 28.274479031944061
-5.5359378822606669 -149.53646950982605 27.685125214267963
-5.4332232016724209 -149.58242353013176 27.095771396591864
-5.3552644082564997 -149.7320238478523 26.519974408524842
-5.2820907441980234 -150.02219767081931 25.999931364774646
-5.2089170801395426 -150.31237149378632 25.479888321024447
-5.1364512806494353 -150.24862306594258 24.887701825187442
-5.0639854811593281 -150.18487463809885 24.29551532935043
-4.9933416446392336 -150.34014542083054 23.720275872783326
-4.922697808119139 -150.49541620356217 23.145036416216222
-4.8338375416912687 -150.51165617716589 22.551875294506679
-4.7838625371162422 -150.6571297904388 21.971927084095576
-4.7474265902977759 -150.62595802676989 21.373846200828758
-4.6330385709483171 -150.78022768865284 20.805413045170305
-4.5186505515988591 -150.93449735053582 20.236979889511854
-4.3256361809567867 -151.10677736028282 19.693780357616912
-4.1326218103147143 -151.27905737002979 19.150580825721971
