131.80726723917684 -7.5288971882096405 469.94250872578579
171.98008904623342 95.273301255391473 410.02865670446511
131.80726723917684 -7.5288971882096405 469.94250872578579
132.14699730294549 -7.0697186875657652 469.75882805636684
132.48672736671409 -6.6105401869218978 469.57514738694783
132.77358215257829 -6.1746286008388136 469.27901326033395
133.05932269595897 -5.7040867045921217 469.04038663620105
133.35646662118012 -5.2684279568868142 468.7541927451901
133.6536105464013 -4.8327692091815218 468.46799885417914
133.90408927621635 -4.3325586538692251 468.25108918112511
134.15246321761524 -3.8463530227299856 468.00226299785152
134.40083715901412 -3.3601473915907265 467.75343681457809
134.6335895310975 -2.8727927076240269 467.49207165755581
134.86634190318088 -2.3854380236573256 467.23070650053353
135.09909427526426 -1.8980833396906149 466.96934134351125
135.27356606639427 -1.3544233262370118 466.78496839573546
135.44803785752427 -0.81076331278339997 466.60059544795979
135.75578841249541 -0.39184881208952377 466.30092857120599
135.98962717382639 0.062300113826423864 465.98617757948625
136.22346593515735 0.51644903974235745 465.6714265877664
136.46959369567043 0.96190013710663647 465.35363035531265
136.6965304835102 1.4654044524440817 465.11914560365159
136.92346727134995 1.9689087677815305 464.88466085199053
137.22785953532562 2.3779818634340755 464.56842588864049
137.53225179930126 2.7870549590866132 464.25219092529039
137.66240682471482 3.3576805386778732 464.12010717429985
137.87205564546866 3.8713277257527823 463.89160347812287
138.08170446622245 4.3849749128276745 463.66309978194579
138.31537819979849 4.8730356974415505 463.40388316064474
138.54905193337453 5.3610964820554274 463.14466653934369
138.81055687985474 5.7744778568954587 462.79720286944178
139.07206182633496 6.1878592317354766 462.44973919953975
139.23170798748569 6.7027391129883096 462.1862779858651
139.52136593689266 6.9821201424854191 461.74125606202034
139.72250287917046 7.4636630542435727 461.44518114821204
139.9210899431319 7.9532256953485092 461.16076666464704
140.04596425517201 8.5380881853403672 461.11236961935464
140.33027213404847 8.8895973848942589 460.71789488931773
140.59538330881335 9.3129800318202243 460.38553484464211
140.79580045403634 9.8210944033417711 460.1372351198055
141.08291511583818 10.25234110057489 459.83459431438769
141.37002977764007 10.683587797808025 459.53195350896993
141.60705072384826 11.151520199611543 459.24064553036141
141.82197905485256 11.65973668521924 459.00501485262987
142.08112042731133 12.094145891743917 458.68231624654862
142.34529375518929 12.541699271392218 458.38246891005338
142.53128841250242 13.054346855790218 458.13227210419473
142.79585747700369 13.512533470736878 457.84930879209816
143.06042654150497 13.970720085683572 457.56634548000164
143.23277510168458 14.499370924370856 457.34090310474966
143.50882417162532 14.951281026437869 457.05881416374939
143.75400673841534 15.441123810816276 456.81398860230894
143.99918930520533 15.930966595194651 456.56916304086826
144.17825972195956 16.469756915348377 456.37515588442267
144.48309637573922 16.866421612879101 456.04389808112546
144.76715134915369 17.325921540057102 455.78279927032401
145.00390749413612 17.823880656986073 455.54619148160947
145.15391425459708 18.389858193745777 455.41516705755265
145.4793111561101 18.762115946783858 455.07525380128163
145.67261561094196 19.27509484246939 454.83135619915436
145.86592006577385 19.788073738154939 454.58745859702719
146.12541359887041 20.146292209248685 454.18206664687489
146.30908817849152 20.681652691225523 453.98293653077354
146.49276275811263 21.21701317320235 453.78380641467209
146.58055043428675 21.80356084828512 453.69294856544076
146.83243046074762 22.289235985319596 453.4466233463977
147.08431048720851 22.774911122354059 453.20029812735464
147.28489808591607 23.282131598409279 452.95031412003607
147.47332684777362 23.801394834788187 452.71609137765154
147.64855930575646 24.308130019270443 452.44680892653923
147.87615804648485 24.77221510542843 452.14213886561339
148.09330685048775 25.237219777026066 451.83130602900746
148.20289007577517 25.802431698838962 451.66240665015664
148.41738640317425 26.266681910740754 451.34861839945017
148.65103259502655 26.752605265114578 451.08539235456283
148.87617103098646 27.181738604660389 450.73161663246793
149.06915789941201 27.648422415789184 450.40763779203905
149.26214476783758 28.115106226917987 450.08365895161023
149.4551316362631 28.581790038046819 449.75968011118147
149.48985800506782 29.180746852174117 449.75298577625409
149.78927250064135 29.553646773068685 449.39063703700242
150.0886869962149 29.926546693963264 449.02828829775069
150.28881902046402 30.368218107600086 448.67491380058652
150.52433392651054 30.873719395976771 448.45355170699457
150.75984883255705 31.379220684353442 448.23218961340262
151.00510423830454 31.824027946340703 447.91282104006604
151.14340609894214 32.379043405671368 447.7316293315136
151.28170795957976 32.934058865002044 447.55043762296128
151.50296912689748 33.393918975659801 447.23488703357344
151.74793446568395 33.82381145416015 446.89549870183225
151.9928998044704 34.2537039326605 446.55611037009112
152.20946720819774 34.707047756966446 446.22811961319928
152.42589430267594 35.236950317216653 446.04822356150282
152.60429205968089 35.74849549509095 445.79035582158724
152.89801391315811 36.15040914481591 445.45540374896393
153.14695627975522 36.595582592275235 445.1394159330751
153.41834986802368 37.017987074098258 444.81090417684317
153.60483707692558 37.545483614658949 444.59417872699362
153.79132428582747 38.072980155219689 444.37745327714418
154.01601530005854 38.537859996158247 444.07183802619494
154.24070631428958 39.002739837096833 443.76622277524575
154.45022922436084 39.489578054258494 443.4849956420133
154.5675115304729 40.052187005007603 443.31261226343514
154.70683294528169 40.599008615930416 443.10871113738756
154.88235466504668 41.12649494107518 442.88298940011799
155.05787638481172 41.653981266219887 442.65726766284826
155.19002742413122 42.154715151791748 442.35427974452989
155.32217846345074 42.655449037363631 442.05129182621158
155.47519684220924 43.197798382465642 441.84527589568791
155.57688994695491 43.732011862102034 441.59175179304282
155.6785830517006 44.266225341738441 441.3382276903979
155.93341300675323 44.758148763900572 441.10785182200846
156.12370556647971 45.290482943135707 440.90683176497231
156.31399812620614 45.822817122370864 440.70581170793622
156.49755645501085 46.328285815787332 440.4397144702537
156.68111478381553 46.833754509203793 440.17361723257119
156.80622415484018 47.38968466602055 439.9857627515932
156.9313335258648 47.945614822837292 439.79790827061515
157.19152494529834 48.409861679656856 439.5208247431612
157.45171636473182 48.874108536476442 439.24374121570725
157.50437054920457 49.466713902428843 439.16598250492882
157.55702473367725 50.05931926838123 439.08822379415017
157.77698353799047 50.519998795386272 438.77295803672712
157.99694234230373 50.980678322391313 438.45769227930413
158.17746225489378 51.539617990016112 438.33522183750711
158.37292620483339 52.00603099246274 438.01233988473996
158.56839015477311 52.472443994909455 437.68945793197298
158.74509017918402 52.999489786128223 437.46362650074218
158.89854039842504 53.520092621801112 437.20784198654275
159.1125064256413 53.999778462701826 436.91780744853622
159.32647245285756 54.479464303602541 436.6277729105297
159.51298016182022 55.016814555243364 436.43680280407568
159.69948787078289 55.554164806884202 436.24583269762178
159.85788434593843 56.040003985329278 435.93139534401041
160.00885887940748 56.558161668512149 435.66925167042217
160.15983341287657 57.076319351695005 435.40710799683393
160.27795883217527 57.62531738643564 435.19580834428706
160.54367015646579 57.974485186012416 434.78656594682263
160.72313094140767 58.393053165395962 434.39593226509152
160.90259172634956 58.811621144779494 434.00529858336029
161.00058946735652 59.392133261194793 433.88953103413968
161.09858720836354 59.972645377610093 433.77376348491896
161.20093385963455 60.549005086235979 433.64210236975475
161.30328051090558 61.12536479486181 433.51044125459032
161.54810573975709 61.187136239951471 432.96615741697485
161.72846209877511 61.646482190511527 432.62487618182439
161.90881845779319 62.105828141071584 432.28359494667393
162.08604500109007 62.590817492462818 431.97801994542522
162.23333445952315 63.105333580504933 431.70676543287226
162.38062391795623 63.619849668547054 431.43551092031942
162.56175535063306 64.126125619306876 431.16928532842655
162.70799657158696 64.602885291736428 430.83564822012056
162.90322413827539 65.002909330275429 430.4333212811818
163.05222271311627 65.493077348019085 430.12101575917387
163.2012212879572 65.983245365762755 429.808710237166
163.42840361138411 66.265743899268756 429.33060693191771
163.53756852172745 66.805749860246621 429.09295890550447
163.64605429728365 67.364326773745148 428.90263636819361
163.75454007283986 67.922903687243704 428.71231383088286
164.01441062287648 68.188368123072664 428.24114938980773
164.14321926415624 68.662099331532175 427.89620435641382
164.31582018231211 69.113322201375553 427.5403858004305
164.42887683843827 69.650868171960994 427.29900949253567
164.62775470215084 69.980533606954509 426.83882659813861
164.78036588707727 70.401454497017596 426.43940773210471
164.93297707200367 70.822375387080641 426.0399888660707
164.91419296196707 71.389903455122933 426.23379043777305
165.08919557494949 71.848418443012903 425.88862657620928
165.2641981879319 72.306933430902916 425.54346271464567
165.42912119291151 72.781941481974215 425.21609785115851
165.59404419789107 73.256949533045514 424.8887329876714
165.73045816445591 73.743543297786587 424.56528633389189
165.84353559657561 74.297677134427204 424.36491371741158
165.9566130286953 74.851810971067835 424.16454110093127
166.10342810516721 75.344534336181852 423.85523701303191
166.26097537713147 75.758721919025234 423.45072804735253
166.48019449398257 75.522867904887249 422.94445157859064
166.57341594384349 76.113111277923025 422.89039122460389
166.6644011885133 76.694432308201783 422.77297084729224
166.75538643318313 77.275753338480484 422.65555046998031
166.92358311239164 77.663104524307144 422.22932407949992
167.09177979160015 78.050455710133818 421.80309768901964
167.27523972195019 78.508691319280643 421.46197809054155
167.4586996523002 78.966926928427469 421.12085849206352
167.50644601987395 79.564755866475764 421.13877064479749
167.67534108979092 79.794302274269342 420.61077168454585
167.81160561040502 80.333563414830365 420.3857619009749
168.01456807322043 80.787690120737224 420.05023966077306
168.16867610920292 81.247483962709254 419.69691214113971
168.31615401674199 81.718555876476273 419.35582341536917
168.47640796098955 82.193937003712563 419.02668597109914
168.61023609510278 82.710668078014777 418.75268044675659
168.74406422921601 83.227399152316963 418.47867492241392
168.89680139713283 83.682265625566686 418.1184418741658
169.04953856504972 84.137132098816465 417.75820882591779
169.37030837146378 84.643316599537286 417.72847698233045
169.67601943304024 85.139036310709756 417.58424551979579
169.9817304946167 85.634756021882211 417.44001405726112
169.75099059972462 85.796897884461231 416.91042070637332
169.6731956381515 86.180980175379233 416.45607641207988
169.93519918609837 86.701153974395453 416.31194674934432
169.90199995663426 87.059657151935383 415.8319745805087
170.09671945030391 87.430956341232616 415.40276457268936
170.29143894397356 87.802255530529891 414.97355456487014
170.33063090441925 88.400593399258057 414.95220544118212
170.46207068843665 88.855954923890721 414.58427954502685
170.58052316349966 89.343634151300151 414.25543614414312
170.6989756385627 89.831313378709567 413.92659274325933
170.86053218464551 90.226738059482017 413.50523920494049
170.94604929263878 90.709601913072248 413.1595090744392
171.03156640063202 91.19246576666248 412.8137789439379
171.16711662158642 91.771294801274578 412.73264272336263
171.29646420432363 92.209796224939311 412.34407393372038
171.42390364660159 92.757317730128946 412.13436129722288
171.58449158898614 93.256998612385161 411.84361995398393
171.70288763231036 93.575676220193515 411.34922440464442
171.82128367563456 93.894353828001883 410.8548288553049
172.0800889787094 94.230473643684149 410.43051377826185
172.0489642263955 94.829621223945864 410.42320441030495
171.98008904623342 95.273301255391473 410.02865670446511
