-130.00686297500678 -185.88834290154529 294.22098651483822
20.872043074093348 -39.191647592090973 184.83123749687903
-130.00686297500678 -185.88834290154529 294.22098651483822
-129.49826577301658 -185.61689837431243 294.0547133818219
-128.98966857102636 -185.34545384707957 293.88844024880558
-128.52875145497177 -185.03880703408606 293.65708955352068
-128.05299241478482 -184.74361177594716 293.44142060523939
-127.61706971638596 -184.38794084574567 293.23292698320205
-127.22775360564233 -183.98817782966799 293.01242188826791
-126.83843749489867 -183.5884148135903 292.79191679333383
-126.43993760181357 -183.24255786631522 292.50629325222991
-126.0536800736126 -182.90260039519592 292.1976931230364
-125.65549634375225 -182.62932046733889 291.84164846529671
-125.25374306467032 -182.45286000611242 291.43243457456146
-124.90559734948245 -182.1117292112948 291.0825426743645
-124.55745163429454 -181.77059841647721 290.73265077416761
-124.14928314754636 -181.57589421445704 290.33833014302917
-123.74111466079819 -181.3811900124368 289.94400951189078
-123.40406649028186 -181.00995966577636 289.61448476248648
-122.98551478624256 -180.96699151532923 289.18673692895254
-122.64895728076799 -180.55761622353933 288.90541697590857
-122.29484314098154 -180.18308473092125 288.59828616169324
-121.86593800044761 -179.96292608007462 288.24111596573482
-121.46719008600621 -179.66049801751362 287.91015166599203
-121.06844217156477 -179.35806995495267 287.5791873662493
-120.63824327791471 -179.15892242991245 287.21139778622745
-120.19725654116409 -178.84878870637991 286.94805813570395
-119.74745992716412 -178.57877336320436 286.65689714847531
-119.29766331316414 -178.30875802002885 286.36573616124667
-118.90241188146902 -177.96275508194657 286.07580811399805
-118.50716044977389 -177.61675214386429 285.78588006674948
-118.09628643786445 -177.25652355082136 285.53805370194584
-117.62526859202187 -177.07177940800329 285.2155451119948
-117.22809758855183 -176.71812201612116 284.93772926800864
-116.83092658508176 -176.36446462423902 284.65991342402253
-116.3672633420518 -176.11513788490825 284.3720721932761
-115.91618119358859 -175.80744720376521 284.12337289678419
-115.46509904512538 -175.49975652262222 283.87467360029228
-115.02001905301742 -175.2118415161986 283.59358864925207
-114.57735486398212 -174.92532571441623 283.30730712509319
-114.12785510181486 -174.65893482898667 283.01237347158514
-113.67835533964762 -174.39254394355709 282.71743981807697
-113.20432557782905 -174.1247928646018 282.46523921413541
-112.79893330670943 -173.74021426986326 282.24670681153708
-112.39354103558983 -173.35563567512469 282.0281744089387
-111.92290220346672 -173.11761433334985 281.74208887879519
-111.52676251708581 -172.74835200837893 281.48378927710922
-111.03644219590751 -172.50580722390387 281.23729787733316
-110.5987252370206 -172.16143595561169 281.01411119879333
-110.20170788377368 -171.76151607492596 280.80809831023259
-109.71415711914376 -171.51786549876024 280.55724247784497
-109.27755324129927 -171.16224750745317 280.35008819208218
-108.81428520004958 -170.84049810166215 280.14549092467666
-108.35666164608385 -170.50628517367684 279.94830471414645
-107.89903809211812 -170.17207224569154 279.75111850361623
-107.46840725250483 -169.79483746808637 279.57153286237747
-106.95923119811457 -169.56879031057431 279.34872705406826
-106.5436104519769 -169.17566614324281 279.16786029526531
-106.08312558386596 -168.85070539931561 278.9620589319386
-105.62264071575498 -168.52574465538851 278.75625756861189
-105.2041852210793 -168.13580968389482 278.5750236948964
-104.75350789028903 -167.79015005045375 278.38160869723293
-104.30283055949876 -167.4444904170127 278.18819369956947
-103.89214089012755 -167.03294048421233 278.04000244380933
-103.396471627853 -166.75884984110249 277.84204714128924
-102.90080236557844 -166.48475919799262 277.64409183876916
-102.51264432988607 -166.07675848780167 277.43704411525812
-102.11065111757833 -165.68006044007799 277.23448025818891
-101.69147569902114 -165.31087895084752 277.01539808984342
-101.27230028046397 -164.94169746161703 276.79631592149786
-100.80972194981045 -164.64643519028576 276.55374329497522
-100.38040526574225 -164.28977289163029 276.33356339239901
-99.951088581674099 -163.93311059297477 276.11338348982275
-99.509980206055602 -163.58185857087892 275.90833369603399
-99.067483156550963 -163.2383036539953 275.69347006424681
-98.624986107046325 -162.89474873711168 275.47860643245969
-98.257314942280601 -162.4624559129457 275.28382237568286
-97.791547020438003 -162.17617472924874 275.03663150440423
-97.404300424567964 -161.78432449470409 274.79894795917153
-96.930564120385199 -161.5089487573776 274.55452595240627
-96.496240687270031 -161.15723982141196 274.33620513386398
-96.061917254154849 -160.80553088544633 274.1178843153217
-95.627593821039639 -160.4538219494807 273.89956349677948
-95.265237958883588 -160.03048022267953 273.67712246749272
-94.795950119914096 -159.71696964728096 273.47345596728076
-94.367343475022579 -159.36450187531165 273.24528319572858
-93.890358353493482 -159.08016930731293 273.01803842765867
-93.413373231964357 -158.79583673931421 272.79079365958881
-93.024824131163427 -158.38330357490545 272.5936998125776
-92.636275030362498 -157.9707704104967 272.39660596556644
-92.170629819647658 -157.67133473450343 272.16527759791387
-91.711685715829645 -157.33338571157691 271.97776555170435
-91.289710476693827 -156.98023558608151 271.73855458536116
-90.86773523755798 -156.6270854605861 271.49934361901791
-90.427872752671206 -156.27295053726246 271.29658896316073
-89.988010267784404 -155.91881561393882 271.0938343073035
-89.541090140968777 -155.57242153123366 270.89315162316268
-89.09417001415315 -155.2260274485285 270.69246893902192
-88.615479853625288 -154.93232836581765 270.48128991774229
-88.230250659833402 -154.50512347174603 270.31071897434418
-87.798454885964247 -154.13510991461038 270.11929698708946
-87.366659112095093 -153.7650963574747 269.92787499983467
-86.871630774385409 -153.48449925360796 269.73757993903172
-86.48775044789987 -153.0739184302758 269.52767690796918
-86.03676719635429 -152.72861559356463 269.33433767815643
-85.616329591944719 -152.35647172313824 269.12281661418785
-85.195891987535134 -151.98432785271186 268.91129555021922
-84.775454383125577 -151.6121839822855 268.69977448625053
-84.323191157802981 -151.26838838228667 268.50673935876785
-83.872225597366281 -150.94597650918854 268.27721670762992
-83.421260036929596 -150.62356463609041 268.04769405649205
-82.981723964677641 -150.27129314189978 267.84102321778948
-82.542187892425687 -149.91902164770914 267.63435237908686
-82.236210304218204 -149.4145047177754 267.52553885545592
-81.731034919061159 -149.21706962788019 267.26899019436121
-81.280885720296041 -148.88212028141166 267.05644694193614
-80.849263623772941 -148.51405731866768 266.8609168387573
-80.471644650153721 -148.07931926315013 266.69237386546104
-79.982516856372143 -147.81226445520173 266.47003239181743
-79.510155865953976 -147.50481418066698 266.26424263643668
-79.099387420397093 -147.12277728700141 266.0513645116489
-78.644633491634437 -146.79714657330516 265.83419291458199
-78.189879562871795 -146.47151585960887 265.61702131751503
-77.734327942070223 -146.11852459612172 265.4500785468216
-77.259064432393529 -145.80889381986816 265.25449383687112
-76.839661368599749 -145.41214157754501 265.09112698499496
-76.420258304805969 -145.01538933522187 264.92776013311874
-75.91060999539657 -144.72251037266474 264.80742512571186
-75.365169223987451 -144.49184646597911 264.71104812100032
-75.08600397117975 -144.00395909594309 264.50120847797706
-74.806838718372063 -143.51607172590701 264.29136883495386
-74.321648689956675 -143.20595565751518 264.12279048387802
-73.836458661541272 -142.89583958912328 263.9542121328023
-73.41915787225166 -142.51012071874302 263.76164784667725
-73.001857082962061 -142.12440184836274 263.56908356055226
-72.564723000164946 -141.75110444297826 263.3971450808848
-72.127588917367817 -141.37780703759381 263.22520660121739
-71.660752192953296 -141.05694616753095 263.02743963026313
-71.193915468538776 -140.73608529746804 262.82967265930893
-70.784951213920735 -140.34749320299866 262.62535814058691
-70.375986959302708 -139.95890110852926 262.4210436218649
-70.160664943077322 -139.40808495431909 262.31986065101626
-69.679479029355122 -139.14089996005291 262.08096256547708
-69.198293115632893 -138.87371496578675 261.84206447993785
-68.770255897095481 -138.57042933030365 261.55085671414793
-68.408203218943953 -138.12391128979533 261.37898612985862
-68.127824226592537 -137.61221931548889 261.23913283501588
-67.604888257323907 -137.43006978152431 261.00813603996983
-67.251526994528334 -136.9831679072918 260.81994854632853
-66.827252770359351 -136.62669285207238 260.58991177163341
-66.373950352640463 -136.2781621972222 260.4081336081486
-65.962293853881718 -135.88115559914172 260.22668199445985
-65.550637355122987 -135.48414900106124 260.04523038077105
-65.073116862483801 -135.20344971117527 259.81461796183589
-64.701963729223706 -134.76806563564239 259.63382510123682
-64.325014492462273 -134.33868339600298 259.45068535899821
-63.85841617310696 -134.04524748238467 259.21365925711541
-63.391817853751625 -133.75181156876633 258.97663315523261
-62.978585081554421 -133.34751495562134 258.81606253344364
-62.526495031687389 -133.00815013249479 258.61495036664235
-62.158395939976018 -132.56162656329244 258.45645821911427
-61.677448866206518 -132.29706679327813 258.21418143458357
-61.216955039252824 -131.96272463911748 258.02402160894007
-60.756461212299122 -131.62838248495683 257.83386178329658
-60.290206443194108 -131.28499295256313 257.67673088458707
-59.873736759176417 -130.90635867037264 257.4689110524144
-59.433256841651335 -130.54755822393594 257.2759351940955
-58.980939896218857 -130.22321853302392 257.05185229476194
-58.525087274758029 -129.90457857814161 256.826759054837
-58.089805515545365 -129.57425805413152 256.57893221707639
-57.677758049601231 -129.18575500918695 256.38073466442296
-57.265710583657096 -128.79725196424232 256.18253711176965
-56.817492730050944 -128.48098845864507 255.93947713823218
-56.369274876444798 -128.16472495304782 255.69641716469474
-55.965181786177993 -127.78213167899162 255.47207109041315
-55.536320874638264 -127.45535767309698 255.20882772843629
-55.107459963098528 -127.12858366720232 254.94558436645949
-54.630931875460512 -126.89979488765259 254.66172405566527
-54.236364039394232 -126.49718422956695 254.45624685318813
-53.848648026735894 -126.11024511536189 254.21139094571086
-53.445337400134783 -125.77672230431202 253.91795769439122
-53.095994264676378 -125.31955737564667 253.74778248554313
-52.655711026231003 -125.22899163736619 253.35035511231155
-52.275147559688889 -124.85360709823519 253.077852092668
-51.959856458680051 -124.3963235097563 252.85095290507024
-51.644615725680964 -123.9267891142802 252.65055147862049
-51.260994526128442 -123.496848803284 252.4832610000081
-50.784983610757443 -123.18926202251657 252.28627373964642
-50.297648294843299 -122.96078264108246 252.02112951074005
-49.854418586724535 -122.86330234888253 251.6286438186778
-49.489732356574862 -122.63029683103608 251.21305702606725
-49.125046126425168 -122.39729131318961 250.79747023345672
-48.858338590573432 -122.00764197761899 250.42728043671823
-48.591631054721681 -121.61799264204835 250.05709063997978
-48.34567591842427 -121.1222615468545 249.82523561590907
-48.099720782126852 -120.62653045166064 249.59338059183838
-47.623503838769622 -120.29506062276587 249.44058931135427
-47.234291349584922 -119.89521116541179 249.22005802170059
-46.845078860400214 -119.49536170805773 248.99952673204697
-46.499148384559106 -119.13408144623159 248.66815280685191
-46.076484343331224 -118.81497879420427 248.38614464079632
-45.737838817292065 -118.52720248407911 247.98302678827127
-45.399193291252899 -118.23942617395396 247.5799089357462
-45.06306744936991 -117.81304320960972 247.32453276979589
-44.711551495562659 -117.40619032854684 247.05824858440405
-44.360035541755423 -116.99933744748394 246.79196439901222
-43.966688086277927 -116.66665432781477 246.48439372232701
-43.573340630800416 -116.33397120814561 246.17682304564187
-43.286519579650175 -115.87929267055429 245.91036270699675
-42.844724280726538 -115.62413519345793 245.59459130909818
-42.402928981802908 -115.36897771636154 245.27881991119966
-42.102241607743515 -114.9344623282944 244.99459556211232
-41.801554233684122 -114.49994694022728 244.71037121302493
-41.397653801077951 -114.19761251699124 244.3856277187605
-40.993753368471786 -113.89527809375519 244.06088422449608
-40.688606192747322 -113.43313983145909 243.82998721786902
-40.288099929341087 -113.1088539101676 243.52268708082951
-39.887431768023781 -112.82182113354474 243.1805216096744
-39.486763606706475 -112.53478835692188 242.83835613851934
-39.19558213030534 -112.07221011598067 242.59089963969865
-38.904400653904204 -111.60963187503948 242.34344314087789
-38.480462617327106 -111.39974398050524 241.97435830934029
-38.056524580750008 -111.189856085971 241.60527347780265
-37.910747556355957 -110.63532255787936 241.42852047109255
-37.422474631680572 -110.59883050948204 241.08173828955387
-37.258411388165669 -110.03822323004661 240.9446152412674
-36.858243792772534 -109.71701562667263 240.6336625581595
-36.498919156676045 -109.36409513850201 240.30757524634942
-36.139594520579564 -109.0111746503314 239.9814879345393
-35.764105889576101 -108.64572881938257 239.68915655984739
-35.388617258572637 -108.28028298843375 239.39682518515542
-35.01928527059372 -107.93866029857561 239.0698881569227
-34.649953282614781 -107.59703760871749 238.74295112869004
-34.293110885295732 -107.2111293598538 238.45357537480839
-33.936268487976683 -106.82522111099009 238.16419962092681
-33.601322200274595 -106.43407167980345 237.8562822507819
-33.266375912572499 -106.04292224861679 237.54836488063702
-32.877414292121422 -105.67960803033854 237.27139622426427
-32.492586852494867 -105.32789624384182 236.97440016208537
-32.123540758488673 -104.97165082995839 236.66312185319475
-31.805651164207291 -104.52530520637633 236.41874143221804
-31.487761569925915 -104.07895958279433 236.17436101124122
-31.114850816850169 -103.74507541271862 235.84351522962487
-30.741940063774429 -103.41119124264291 235.5126694480085
-30.358708147385688 -103.06995778183553 235.20171442957908
-29.975476230996936 -102.72872432102815 234.8907594111497
-29.592244314608212 -102.38749086022077 234.57980439272029
-29.27926969775509 -101.96183734780841 234.29543495593657
-28.929530187768712 -101.56517350091373 234.01199172048865
-28.575619524950021 -101.16232237134042 233.74281109313083
-28.155125066611355 -100.90135588069958 233.403575332532
-27.821784852831939 -100.48189545476649 233.13350635439215
-27.453145606846213 -100.10529843482735 232.84666181306002
-27.084506360860495 -99.728701414888235 232.55981727172784
-26.715867114874698 -99.352104394949066 232.27297273039585
-26.329021016637125 -99.002810516184866 231.97574574215918
-25.942174918399537 -98.653516637420665 231.67851875392256
-25.60717799323762 -98.221765978292993 231.43079223439977
-25.188117851427158 -97.927024167637057 231.11851693502908
-24.806824649442419 -97.553629980031104 230.84430483685998
-24.425531447457683 -97.180235792425179 230.57009273869079
-24.074892097569837 -96.764515646897962 230.31665870997116
-23.724252747681991 -96.348795501370745 230.06322468125154
-23.373613397794145 -95.933075355843556 229.80979065253186
-22.911118200814634 -95.618167432400256 229.59315456937969
-22.448623003835131 -95.303259508956955 229.37651848622755
-22.166047663350501 -94.876737664762388 229.06310136261291
-21.827051252550294 -94.518500970738472 228.72141743773585
-21.48805484175012 -94.160264276714585 228.37973351285873
-21.107419089620098 -93.737620098066813 228.1887143450887
-20.666948272942864 -93.424543937683595 227.92800612225059
-20.405621518786369 -92.920819273182573 227.73314773794195
-20.019319127113974 -92.560110746011418 227.44914101158815
-19.633016735441579 -92.199402218840277 227.16513428523436
-19.140613020718781 -91.940724619250304 226.94013543813162
-18.798842824840797 -91.580293241133035 226.60356099632418
-18.457072628962823 -91.219861863015751 226.26698655451668
-18.149374399813471 -90.726156708259424 226.12009537048795
-17.757586507000717 -90.38678498564704 225.81788835379831
-17.36579861418797 -90.047413263034684 225.51568133710867
-17.022442663904414 -89.63638956128645 225.24518880854998
-16.660208635445958 -89.250761880474144 224.96220859648901
-16.297974606987513 -88.865134199661853 224.679228384428
-16.025771903296722 -88.38561558936243 224.44265368062406
-15.694591193636587 -87.949737003974292 224.19703365629979
-15.248046270127437 -88.074058434484755 223.81605883665415
-14.801501346618291 -88.198379864995204 223.43508401700851
-14.642842103029462 -87.631931634242477 223.31691614362103
-14.484182859440637 -87.065483403489765 223.19874827023347
-14.400355820992663 -86.472977399640143 223.1550485788477
-14.0741810866321 -86.030744711679148 222.91413304932834
-13.748006352271537 -85.588512023718124 222.67321751980899
-13.413647929566441 -85.180541796769873 222.38727217697237
-13.087433033726516 -84.738359565109732 222.14631841432029
-12.761218137886598 -84.296177333449634 221.90536465166809
-12.399356522924812 -83.910992248442767 221.62130722454199
-12.028355465941072 -83.551303836871313 221.31637696645311
-11.729523123704826 -83.104581562197126 221.0496590620231
-11.43069078146857 -82.657859287522953 220.78294115759314
-11.121760518491504 -82.189783978752516 220.56970983265145
-10.773308559500554 -81.790197488261668 220.28879726815393
-10.42485660050961 -81.390610997770835 220.00788470365637
-10.089858311454417 -80.949515447663302 219.77720990658173
-9.7793748889655703 -80.506422969178999 219.51784703362136
-9.4029488235790097 -80.154812079846607 219.2101569301073
-9.0265227581924474 -79.80320119051423 218.90246682659327
-8.7499665968344829 -79.322306370438184 218.67386922897035
-8.4140014961764145 -78.923754726516307 218.37674292877631
-8.0780363955183265 -78.525203082594402 218.07961662858239
-7.7239439473492357 -78.11770772233308 217.8177653931163
-7.4500809059675914 -77.622157426063438 217.61919817922575
-7.0769812217761556 -77.255094760410785 217.32583556207729
-6.7256568944242359 -76.856569329679317 217.04700102678618
-6.4772661320527476 -76.385756383217512 216.77016678285585
-6.0989183564558598 -76.028340332253947 216.47165928342829
-5.7205705808589737 -75.670924281290397 216.17315178400071
-5.5482220388871095 -75.103780231838286 216.08018078179444
-5.1949626928366079 -74.794680104795162 215.70646304621059
-4.8383573639471491 -74.442341007989995 215.3767816844836
-4.4026736903435078 -74.266115215032116 215.00378811020704
-4.1778824972754283 -73.749368647800821 214.7977737787306
-4.0163967909347793 -73.186457420005127 214.66718543212491
-3.8549110845941348 -72.623546192209432 214.53659708551922
-3.4022604681709709 -72.417862974752651 214.20073724345951
-2.9979022156624047 -72.160218897183796 213.84002415397995
-2.767584144071098 -71.684675843445874 213.55574895291579
-2.5372660724797891 -71.209132789707922 213.27147375185163
-2.2146313127291344 -70.929972280459211 212.84960147037697
-1.9081713444880795 -70.579681545311445 212.47094768558753
-1.6017113762470132 -70.229390810163665 212.09229390079818
-1.2482659348938039 -69.825650482951886 211.82383521092288
-0.79113178915473437 -69.543536502403526 211.55655244907962
1.0123102829689379 -68.146202298117913 210.81153311105686
1.4631708009998587 -67.796868747046517 210.62527827655117
1.9140313190307825 -67.447535195975121 210.43902344204554
2.2521224578234751 -67.075668821486545 210.1112891267922
2.7983904882359765 -66.952681063771848 209.89573112902463
2.8297263280530816 -66.378365827407166 209.72490936687964
3.0518245828566029 -66.09040967268534 209.24767397614352
3.2739228376601326 -65.8024535179635 208.77043858540742
3.5760546729313574 -65.35865862051746 208.50255345495688
3.8199326393872917 -64.877094499775993 208.24060014787375
4.0638106058432175 -64.395530379034525 207.97864684079053
4.3438585936535983 -63.9827860134234 207.64515739091297
4.6239065814639844 -63.570041647812275 207.31166794103547
4.9495652469943661 -63.249457586053872 206.92285912823482
5.2072949059575695 -62.843966711408349 206.56348109124602
5.4650245649207738 -62.438475836762827 206.20410305425722
5.722754223883979 -62.032984962117304 205.84472501726842
5.9804838828471878 -61.627494087471781 205.48534698027962
6.2447150059094776 -61.195633942823335 205.16335516505836
6.5342589314512809 -60.791809358825972 204.82706656795585
6.8238028569930762 -60.38798477482861 204.49077797085329
7.1241598035737583 -59.976463620826095 204.17386150796571
7.3656271482684854 -59.585355034780079 203.78820933907883
7.6070944929632134 -59.194246448734063 203.40255717019193
7.8506318271562776 -58.790297169895574 203.03172763121208
8.1084452030586451 -58.381274936274941 202.67643468784027
8.3662585789610109 -57.972252702654316 202.32114174446843
8.6151434705940719 -57.590521442394007 201.930837304759
8.8814545508543237 -57.126810743215358 201.65871454570004
9.1535982036267747 -56.747291683288225 201.28201424651289
9.3064004717211084 -56.415802578590856 200.80581424616412
9.4592027398154439 -56.084313473893488 200.32961424581535
9.8359229257597267 -55.656514863079579 200.14234371933617
10.074174032347743 -55.326778224000563 199.7013106604183
10.312425138935756 -54.997041584921575 199.26027760150038
10.671562317789869 -54.54167656231418 199.1064491810103
10.918529085118266 -54.103710151411427 198.77904600638254
11.131173389103685 -53.677466902844984 198.41421852244792
11.395049276985045 -53.274273440870878 198.05672090285282
11.644733855448653 -52.870894557356372 197.68937489754987
11.894418433912247 -52.467515673841866 197.32202889224692
12.05347310862917 -52.018988436921404 196.95661826269273
12.335913855547926 -51.668550486349105 196.55985578049632
12.595576258682977 -51.260063668867453 196.20529414080323
12.821428003955038 -50.779455525709793 195.92599716286023
13.114624974491178 -50.563860329787204 195.4489706982238
13.363823088869509 -50.115750128641267 195.1373659045841
13.580078739026302 -49.672274744285893 194.7959525521122
13.851040191345124 -49.306017431146792 194.40552269678682
14.122001643663944 -48.939760118007683 194.01509284146144
14.318375559531683 -48.490667093530348 193.66903975227919
14.633168998797851 -48.127054129834491 193.31030488747331
14.840233983565673 -47.675909620438652 192.97326969090611
15.066907552551598 -47.331790750205947 192.53714895501645
15.304011280561189 -46.938706997473027 192.15079809698537
15.541115008570774 -46.545623244740113 191.76444723895426
15.798828815073852 -46.084714987677557 191.47958381113446
16.056542621576931 -45.623806730615009 191.19472038331463
16.297343280791708 -45.333923507251903 190.72783414520694
16.517755207568953 -44.973866853630696 190.30148008023579
16.738167134346188 -44.613810200009489 189.87512601526461
17.006785066780314 -44.244330904020266 189.48611514625176
17.246706666341893 -43.825437339124811 189.1297925292977
17.479080092223029 -43.449348074711828 188.72413324352013
17.711453518104168 -43.073258810298839 188.31847395774258
17.987395978293961 -42.687387670577266 187.95110599208093
18.323416865173215 -42.314632049375213 187.62225464201049
18.552680026448677 -41.956209706472407 187.19920402211963
18.781943187724146 -41.597787363569601 186.77615340222877
19.036370995773286 -41.13907597341337 186.48486256640956
19.299120372194249 -40.77837087106569 186.08379574612803
19.561869748615216 -40.417665768717988 185.6827289258465
19.784875451383243 -40.081502641674376 185.2385861463834
20.145158290311297 -39.669884693531301 184.99207663188059
20.872043074093348 -39.191647592090973 184.83123749687903
