18.704553285879804 -69.349766059172666 141.06057288808887
24.026785986371568 -20.471852136521598 237.56160426639312
18.704553285879804 -69.349766059172666 141.06057288808887
19.161976728343152 -69.655527283758701 141.29989248157139
19.710898706221855 -69.855925585071972 141.43599972984455
20.229679793133833 -70.153286770015214 141.48542148165066
20.748460880045808 -70.450647954958441 141.53484323345674
20.758593226950541 -71.14819120322413 141.43530152022714
1.1541086919679153 -79.162496066333674 110.48005134188315
1.5737303173497623 -78.761997207740706 110.63340829730946
1.99335194273161 -78.361498349147737 110.78676525273575
2.4129735681134492 -77.960999490554755 110.94012220816205
2.8931559643065548 -77.732323827225883 111.21784924571394
3.4628889501807998 -77.717176544890378 111.40539893151656
3.7365313515996563 -77.201931905707099 111.54555169794882
4.117304511540234 -76.829398821474143 111.82165113985472
4.4980776714808082 -76.456865737241202 112.09775058176065
4.9086730905092884 -76.141390971142059 112.4008793890811
5.26429755930622 -75.730130842994683 112.65464373683133
5.7083085075798889 -75.504068019774621 112.9889338470214
6.1523194558535392 -75.278005196554588 113.32322395721151
6.5470288748240311 -74.978268069012145 113.66139865902787
6.9382038289152179 -74.67251966743207 113.9982963738064
7.2424238728538839 -74.239170340826405 114.28053479428874
7.5466439167925525 -73.80582101422074 114.5627732147711
7.8535243837563513 -73.323919920228974 114.74606455282508
8.2438002776879848 -72.967181573952047 115.02965312613415
8.602819416944282 -72.572291503619155 115.30381929837309
9.0384730826125139 -72.295976927006876 115.61017879037783
9.4393032753386077 -71.978609362602683 115.92420583644764
9.8401334680647174 -71.661241798198517 116.23823288251742
10.267083045900328 -71.421321522042064 116.58486282795636
10.684052446888469 -71.095579741468924 116.86775646703056
11.10102184787662 -70.769837960895785 117.15065010610473
11.447733528243791 -70.371424387894763 117.43535633284648
11.845631614637782 -70.023671265423445 117.71951276626908
12.194643312798268 -69.603613933191227 117.96799349426439
12.481251636090551 -69.11385773415634 118.1629153620127
12.924206394016306 -68.883142083030108 118.49542306230902
13.292477869164713 -68.489369565819544 118.7587086967095
13.665568500188304 -68.105865116884502 119.03023718267268
14.003806295371163 -67.715298987333668 119.33528356006063
14.400023612087475 -67.335781600698368 119.57813823095587
14.775068147799107 -66.935012040832277 119.82047138204666
14.925662789139858 -66.368641356223847 119.94910070069378
15.402515477227386 -66.189161634149542 120.26595799227444
15.857038330158801 -65.947081051654024 120.57386376965076
16.15088896367725 -65.462664842611233 120.77132956820182
16.534167343822823 -65.116200174657294 121.07638680409791
16.955505465452035 -64.810699428356983 121.37495586021711
17.341125371983548 -64.428395008550453 121.63018246204972
17.726745278515061 -64.046090588743937 121.88540906388235
18.112365185046563 -63.663786168937364 122.1406356657149
18.558639552562607 -63.309686621122708 122.32892453722783
19.004913920078657 -62.95558707330806 122.51721340874079
19.446562647189211 -62.660212895892627 122.7959614978065
19.873870888091318 -62.311903296858304 123.0327907410973
20.301179128993429 -61.963593697823967 123.26961998438807
20.710965573013763 -61.578888501792775 123.47956517352983
21.117783438537035 -61.196348740372706 123.69902486282099
21.552066632785365 -60.863980147384908 123.94586332333469
21.902914743118906 -60.426328117373757 124.15885699484281
22.253762853452443 -59.988676087362627 124.37185066635095
22.724569715430221 -59.748267581315211 124.65565455803444
23.195376577408005 -59.50785907526781 124.93945844971793
23.609337900989271 -59.155806083995387 125.19381000547291
24.015176733856844 -58.787965136650328 125.43873423700784
24.421015566724417 -58.420124189305263 125.68365846854276
24.898216718146664 -58.203366437603755 125.97571178244041
25.300497885253662 -57.803125959285886 126.17058974965815
25.702779052360665 -57.402885480968017 126.36546771687588
26.169891532231674 -57.087392357628197 126.57106445876165
26.637004012102686 -56.771899234288391 126.77666120064741
27.084938352193014 -56.431706254348093 126.98552374723531
27.507287142099965 -56.05847403402462 127.19124007953914
27.929635932006896 -55.685241813701147 127.39695641184301
28.388986866457905 -55.405922539968628 127.6633723692114
28.821831777721275 -55.077331933931632 127.91768221254753
29.258996103298877 -54.750132298219455 128.16633407928515
29.696160428876475 -54.422932662507264 128.41498594602274
30.194284954526495 -54.227543866743737 128.68645449933237
30.608726587881399 -53.876907633749809 128.94197820597023
31.043811289395364 -53.567166400057758 129.21540401064024
31.520311172276479 -53.295603575913489 129.45871758230666
32.04023881327538 -53.124467435357403 129.70445660957111
32.490292479245817 -52.848296080796629 129.98937954769059
32.94034614521626 -52.572124726235856 130.27430248581007
33.43764995728818 -52.333478142994068 130.51038875564751
33.889569220704708 -52.077567531785654 130.81085296054385
34.359482767048327 -51.84376641375853 131.10157326628811
34.829396313391939 -51.609965295731413 131.3922935720324
35.329011894566008 -51.43486337619315 131.67464723115887
35.801439120487096 -51.193055488145717 131.95454267857909
36.273874727681005 -50.949641034247747 132.2330278679319
36.746310334874892 -50.706226580349771 132.51151305728473
37.101845210197197 -50.254996877015529 132.68467976095044
37.541740073471203 -49.992188649937425 132.99680849247832
37.981634936745216 -49.729380422859322 133.3089372240062
38.300882397220427 -49.307520669022367 133.59198387576654
38.690448857793783 -49.003872164180486 133.93262380047244
39.080015318367145 -48.700223659338612 134.27326372517834
39.424118123917737 -48.297194331863309 134.55461869742342
39.779374755995299 -47.937158275390189 134.87736745947245
40.134631388072862 -47.577122218917069 135.20011622152148
40.517308787077191 -47.346284454913381 135.60045599596447
41.043975418655059 -46.995550933010918 135.94260707150193
13.535175418655061 -36.556907544090201 221.4762255539772
13.353101980359853 -36.952095589454117 221.06309643146363
13.37240786418416 -37.231835567761749 220.53265055544404
13.39171374800847 -37.51157554606938 220.00220467942441
13.373086265142742 -37.80816103008155 219.48096570586682
13.354458782277016 -38.104746514093726 218.95972673230921
13.539723834726072 -38.522012347042775 218.57041184048722
13.75147181247138 -38.918698553592328 218.17316777513935
13.963219790216693 -39.315384760141896 217.7759237097915
13.892477796158284 -39.527801717140221 217.21925989144492
13.821735802099877 -39.740218674138532 216.66259607309831
13.836754382676441 -40.019789728540744 216.13192247494413
13.851772963253001 -40.299360782942948 215.60124887678995
13.804182416875284 -40.46092491196805 215.02537374092466
13.756591870497568 -40.622489040993152 214.4494986050594
13.884370230305899 -41.196797414286216 214.33184409758024
13.932145767385439 -41.641427976636336 213.93181764710357
13.94245746687657 -41.957397861468415 213.42186009913235
13.952769166367702 -42.273367746300501 212.91190255116112
13.77624332467548 -42.164925421108954 212.34880496696996
13.82136424013207 -42.400468267889984 211.79881981233515
13.78354212938368 -42.856356838039126 211.41057362813507
13.745720018635286 -43.312245408188296 211.02232744393504
13.525649625232131 -43.851871007842206 210.87959260535126
13.511735472436351 -44.451258934389905 210.90284147329854
13.623628801179521 -45.303660422703231 210.75189200802464
13.535175418655061 -36.556907544090201 221.4762255539772
13.450628931021669 -37.017495909552892 221.10111190582606
13.607472122289181 -36.802419644577292 220.56339226363585
13.764315313556693 -36.587343379601691 220.02567262144561
13.921158504824211 -36.372267114626091 219.4879529792554
14.003876156810662 -35.968884618815693 219.05155825870574
13.933142130137131 -35.645237459980265 218.55130910673415
13.862408103463597 -35.321590301144838 218.05105995476256
13.853768507448853 -35.127675636900655 217.48332545662828
13.791535280234788 -35.51078141212912 217.02577000598095
13.729302053020726 -35.893887187357578 216.56821455533355
13.713107229757577 -35.95360580643856 215.9714135715588
13.66804041656987 -36.274803602149476 215.46663544368522
13.685899167591739 -36.407102424648073 214.8816755420018
13.733613621159733 -36.720808226168948 214.37244867604437
13.72648153961357 -37.039311852789524 213.86401522588363
13.719349458067409 -37.357815479410093 213.3555817757229
13.701878718673234 -37.239907908095923 212.76754046944262
13.759880072802522 -37.379233386350663 212.18683034035217
13.817881426931811 -37.518558864605396 211.60612021126173
13.875882781061097 -37.657884342860129 211.02541008217128
13.952585178372114 -37.60793565828245 210.4324329568488
14.052666886873265 -37.806993229187441 209.87533356258518
14.07575434269412 -38.077732853873883 209.34038774756428
14.098841798514973 -38.348472478560339 208.8054419325434
14.234875635044315 -37.949298393715409 208.37864590947464
14.378367160531189 -38.277056303733367 207.69835548865973
74.166579710555709 -51.136970331539501 182.2342352160137
74.804775418655055 -51.144873584509604 181.54088561098993
13.854979300766342 -30.791122826192026 226.74598033431985
13.824292589899693 -31.412347090721262 227.10442141927086
13.793605879033043 -32.033571355250494 227.46286250422196
3.2193754186550576 -24.049807651285779 239.63049025492137
2.6961869941435546 -23.880536889286169 239.8705345874711
2.1729985696320524 -23.711266127286567 240.11057892002083
1.8937814754413911 -23.594235376725511 240.40709708541331
23.850975418655057 -29.90029233359083 263.47680407494323
23.538375418655058 -29.855771282045431 263.47167218890849
39.250187515414396 -47.702432052540111 176.49037949512828
39.062377715501853 -47.675379643203229 176.52819714236927
22.014580707795318 -22.243338313994496 236.77915050510623
21.499934206742822 -22.019780345510988 236.83509393447071
23.538375418655061 -20.200239317779197 237.52396715325463
24.026785986371568 -20.471852136521598 237.56160426639312
