10.380362993357966 95.934963702843433 433.80497294248846
-119.94606873326805 76.693030039398934 218.79286906450699
10.380362993357966 95.934963702843433 433.80497294248846
10.035943165448492 95.906329416097222 433.31450881559903
9.6915233375389818 95.877695129351011 432.82404468870971
9.5160215215447508 95.540393745526131 432.35990366590249
9.2160605361347816 95.456584028607864 431.84706905456858
8.9545112050086839 95.286058274500263 431.33470891309241
8.6708600936464144 95.191727955881078 430.81447450629855
8.4038082972598929 95.05471465405337 430.29494520667339
8.1415254354346214 94.897852485796051 429.77861008239614
7.8792425736093268 94.740990317538731 429.26227495811901
7.6222893157251148 94.454620966130548 428.80187554691531
7.4057074781106751 94.333945121271682 428.25549687961291
7.1891256404962647 94.213269276412845 427.7091182123105
6.9039655511326856 94.177771180155816 427.18240803717026
6.618805461769151 94.142273083898758 426.65569786202997
6.4038239136736763 93.891891420256371 426.1546070953118
6.2203289489417353 93.699426947582651 425.61675300294428
5.9525935511023338 93.634061998952433 425.08379411125151
5.6012644497078039 93.681009823053799 424.59968279726945
5.3924757877069274 93.603143297634844 424.04259743680922
5.0739521143764943 93.44965661414858 423.55784543060355
4.8084373811253354 93.323875337785523 423.03470013821999
4.5146911885989045 93.34253230342739 422.51185686150194
4.2209449960724728 93.361189269069271 421.98901358478389
3.9095454057887666 93.212494961960417 421.49817725951391
3.5791091466022467 93.026255474053528 421.03328293629727
3.2486728874156925 92.840015986146653 420.56838861308069
2.9295928294515199 92.830144854952977 420.0603625533372
2.5415403300894712 92.784928396392957 419.60498278916867
2.1078519961907118 92.660167789827682 419.20957259697633
1.6151163041575447 92.556578908528508 418.88325851289818
1.1223806121243805 92.452990027229333 418.55694442882003
-0.84856215600823182 92.03863450203265 417.25168809250727
-1.2037580771376564 92.111300075661205 416.77361323223721
-1.5589539982670646 92.18396564928976 416.29553837196715
-1.8962047255915913 92.138228855802353 415.80140266930994
-2.2041560375774223 92.207037531316033 415.29107791425656
-2.5444943812385268 92.324145876472954 414.81102016009709
-2.8513093574541548 92.310960878814996 414.29556819705249
-3.1581243336697313 92.297775881157051 413.78011623400778
-3.4648077254855765 92.293753719321145 413.2644330760528
-3.7792859627206399 92.296574240916925 412.75345804440894
-4.0937641999556593 92.299394762512691 412.24248301276504
-4.3887995566347353 92.176546217233806 411.73468150308616
-4.6838349133138149 92.053697671954922 411.22687999340735
-4.9538071270630848 92.231022416550587 410.72124085453714
-5.2664729214553638 92.314988757043722 410.21607775742768
-5.5791387158476402 92.398955097536856 409.71091466031822
-5.8778859939988477 92.380930502485285 409.19089045148706
-6.176633272150041 92.362905907433714 408.6708662426559
-6.4324002100263105 92.177325679703159 408.16082383994325
-6.6699616841342415 92.611033191042651 407.82102634050074
-6.8586082460318964 92.255488071618544 407.37605427088522
-7.0975549763031482 92.601455758111456 406.94802294026164
-7.3506963671722065 92.509094391390107 406.41193636687422
-7.629651236651422 92.534539174916318 405.88133600522229
-7.9042193107002445 92.419615223929867 405.36037069140303
-8.2045102253222915 92.568782938679789 404.86280224438116
-8.4548386053435856 92.724147461153763 404.34011919767659
-8.7668779043825928 92.673221380855566 403.83017997561114
-8.9103193101590517 93.015544496322946 403.35875718476882
-9.273399656148964 93.06472661492586 402.88362164456419
-9.5187966880529853 93.10556610625774 402.33762491135008
-9.7641937199570101 93.14640559758962 401.79162817813597
-10.057688591760932 93.213831507340302 401.27267297109103
-10.351183463564855 93.281257417090984 400.75371776404603
-10.644678335368777 93.348683326841666 400.23476255700109
-10.899778851264369 93.43121246089467 399.69800127968847
-11.042179573924887 93.435969313746853 399.11516390396798
-11.316076399256664 93.521958078192625 398.58829915712852
-11.589973224588439 93.607946842638398 398.061434410289
-11.835515049038815 93.663526524350814 397.51680599437009
-12.098278088983351 93.768975323114404 396.98781059204754
-12.3593317031434 93.841227611496166 396.45243164461164
-12.652808032522854 93.915638549367316 395.93442135859493
-12.962999050890923 94.096129530782093 395.4535840287715
-13.165190689166959 94.082677547959605 394.88883843510177
-13.448622121816735 94.154081396629451 394.36484596055539
-13.734499781079652 94.155698583615973 393.83733164924183
-13.951704868981839 94.255350155682819 393.28697584253672
-14.211904797214007 94.246627423948297 392.74640215533111
-14.478905653934429 94.309118315572221 392.21273050443085
-14.76206884470553 94.298444761911554 391.68385936450682
-15.058796120939888 94.330592489060365 391.16336013571038
-15.317352224836451 94.371688571447606 390.62348991690749
-15.572972839165425 94.435431449865078 390.08442132481451
-15.842049198207812 94.475984632047712 389.54967526132327
-16.111125557250212 94.516537814230318 389.01492919783203
-16.383602188144753 94.443700124641509 388.48535280429496
-16.656078819039301 94.3708624350527 387.95577641075789
-16.912618742550151 94.464002960112722 387.42144307824287
-17.209569454867562 94.47704296502009 386.90024231776164
-17.47600064210598 94.51248226593556 386.36381107480747
-17.742431829344405 94.547921566851031 385.82737983185331
-18.02921093447468 94.47783230937543 385.30503393032137
-18.230169547822801 94.527000618338747 384.74183049184205
-18.431128161170921 94.576168927302092 384.17862705336279
-18.831385373005062 94.433659078768159 383.75497022591207
-19.231642584839214 94.291149230234197 383.33131339846142
-19.31306633899727 94.415348458341313 382.74998326506352
-19.527823738078553 94.529423622636259 382.20147062488928
-19.839822345432825 94.329906244331255 381.7294010487002
-20.087169423052309 94.173812299654045 381.20551737494412
-20.487075707137294 94.257014062351232 380.76602627078677
-20.648368450424822 94.159026812653224 380.19647982855452
-20.809661193712351 94.06103956295523 379.62693338632232
-21.100579325240918 93.897065570546559 379.12845653574493
-21.459807042026725 93.922098801778603 378.6485307239501
-21.741045935159637 93.876210801228893 378.1205165419484
-22.009137916288029 93.865050292103859 377.58385824033491
-22.289943246996856 93.76403285392864 377.06333557663038
-22.570748577705693 93.663015415753421 376.54281291292591
-22.885158908588458 93.600612690049971 376.03561271215801
-23.199569239471234 93.538209964346521 375.52841251139017
-23.503328320278463 93.468920903098081 375.01564604718016
-23.787631980928587 93.36501892181218 374.49759604300505
-24.079152609011452 93.264638660769236 373.98287327627025
-24.365316321705194 93.235875334347625 373.45629659563343
-24.651480034398965 93.207112007925986 372.92971991499661
-24.910397325755465 93.124013991306185 372.39487736258474
-25.169314617111958 93.040915974686385 371.86003481017286
-25.530238603993205 93.074576794477963 371.3819126240063
-25.776665026622293 93.007530333350516 370.83897727768914
-26.023091449251428 92.940483872223098 370.29604193137203
-26.308529667223176 92.901468199761027 369.76973137568893
-26.593967885194928 92.862452527298984 369.24342082000584
-26.922941025481993 92.760255589926572 368.75216481855512
-27.204510314986031 92.724687989568054 368.22353103131394
-27.486079604490065 92.689120389209549 367.69489724407282
-27.742011751454402 92.693292696492421 367.15223590584964
-27.997428697048946 92.655071427536981 366.61066290199642
-28.242316933432914 92.60424304418963 366.06527659200412
-28.487205169816882 92.553414660842293 365.51989028201177
-28.778406000634686 92.519853098824655 364.99636788737524
-29.069606831452496 92.486291536806988 364.47284549273871
-29.322965194838282 92.418485217647159 363.93320501725117
-29.576323558224054 92.350678898487331 363.39356454176357
-29.903471669841291 92.422042561551436 362.89568770894306
-30.087880365538751 92.310887397204539 362.33565381497755
-30.329658499605586 92.231599715059957 361.79227844072204
-30.571436633672409 92.152312032915376 361.2489030664666
-30.89537471020072 92.158351225518715 360.74390044199038
-31.207064289497858 92.114274077662429 360.23311006307318
-31.518753868794988 92.070196929806144 359.72231968415588
-31.854119172004012 92.234448611083167 359.25269057666662
-32.105713736490515 92.011114445651145 358.75587871522242
-32.362916749388205 91.974535985824474 358.21503804882144
-32.648048756354321 92.015936117677057 357.68874367521857
-32.954995548479822 91.918159396651419 357.18255855134652
-33.24245023332837 91.87376731504672 356.65777369328617
-33.529904918176932 91.829375233442036 356.13298883522577
-33.813367565549804 91.790266279960548 355.60561855041453
-34.096830212922669 91.751157326479074 355.07824826560324
-34.371292232639661 91.779272148583203 354.54544421483882
-34.686022092597995 91.74569276681828 354.03572121126638
-35.000751952556328 91.712113385053385 353.52599820769399
-35.248204438734732 91.564669082449413 352.99966424079292
-35.546459512519689 91.463415859157308 352.48898655796893
-35.824121582074739 91.546547776881567 351.96363633251366
-36.101783651629802 91.629679694605812 351.43828610705839
-36.453895795844296 91.274307471634827 351.10703450927008
-36.697253566704894 91.34985992008157 350.56383213179419
-36.940611337565493 91.425412368528328 350.02062975431829
-37.244157499786304 91.278376338644307 349.52440386491213
-37.502554244055268 91.182984199884828 348.99136403299138
-37.827052115310792 91.118324691015289 348.49084402393743
-38.151549986566337 91.05366518214575 347.99032401488341
-38.423963403734817 91.01783230555796 347.45693209977594
-38.783573913320808 91.060853292500127 346.97857085962596
-39.085247723247669 90.918076410203554 346.47996512932809
-39.386921533174537 90.775299527906981 345.98135939903023
-39.686622187722747 90.681668036309887 345.47007409565776
-39.994137071407366 90.68531358168147 344.95488354225893
-40.313936184979248 90.641134215582952 344.44913982201149
-40.604873656982676 90.428723324782169 343.96930964282984
-40.791158945302627 90.373620380050383 343.40162887264518
-41.293815445794365 90.523040504948014 343.11006401058364
-41.551806151761483 90.405614615562627 342.58124272117044
-41.8097968577286 90.288188726177239 342.05242143175724
-42.067787563695703 90.170762836791837 341.52360014234404
-42.454121995006957 90.148545160756385 341.06506761126803
-42.840456426318198 90.126327484720946 340.60653508019197
-43.168000413897062 90.094799846521113 340.10481708746056
-43.495828418255719 90.056955620266706 339.60372167329535
-43.82365642261437 90.019111394012299 339.10262625913009
-44.169247347663386 89.936799273304729 338.61910622096377
-44.529381042530602 89.893499595246311 338.14116390258073
-44.889514737397825 89.850199917187894 337.66322158419774
-45.189553945634287 89.796899128060986 337.14637005870975
-45.55192114022941 89.744104272133882 336.67107781232977
-45.914288334824548 89.691309416206764 336.19578556594985
-46.265932509736352 89.631234506058334 335.71335693970417
-46.574951506745265 89.589556083943222 335.20074581163766
-46.883970503754185 89.547877661828096 334.68813468357121
-47.237425180048412 89.475218958955978 334.20876999494396
-47.560125393387956 89.444661110290824 333.70386328059413
-47.882825606727508 89.414103261625669 333.19895656624425
-48.206198550060364 89.368967755894118 332.6955752737407
-48.529571493393213 89.323832250162567 332.19219398123704
-48.884569186968861 89.268054331741126 331.71170937027375
-49.200947651246906 89.239606920190823 331.20269521318465
-49.541022483835739 89.227297429321041 330.70853169300716
-49.830341054550587 89.173835412569233 330.18562005859428
-50.119659625265413 89.12037339581741 329.66270842418146
-50.499499189121195 89.111964416495553 329.19832582890399
-50.815578271426254 89.02184409038081 328.69635736321101
-51.107149443425577 88.906039907421118 328.1849127006443
-51.458058898582273 88.797747896262479 327.71042835464237
-51.78510827327996 88.822516362220043 327.20800897841974
-52.05878038681881 88.795153631364855 326.67475964158814
-52.332452500357647 88.767790900509695 326.14151030475659
-52.789124002941527 88.451240592840435 325.91513221075832
-53.013057163882117 88.452498280857881 325.35848837700826
-53.32984466666079 88.357299550168747 324.85790583660315
-53.639235415716122 88.296037489844508 324.34749000185286
-53.959367832951138 88.214041411090776 323.84669874942904
-54.272646355372366 88.13956632870584 323.34042804171094
-54.629862603966238 88.100465634831977 322.85994111423099
-54.987078852560117 88.061364940958114 322.3794541867511
-55.293932053732291 87.94092938982746 321.87811957698011
-55.59944645971499 87.861747210281948 321.36783423505909
-55.975620263729311 87.781654881299886 320.90731443308351
-56.351794067743626 87.701562552317824 320.44679463110793
-56.662729228616705 87.625132899798103 319.93937189418284
-56.973664389489784 87.548703247278368 319.43194915725775
-57.303980136963887 87.4523257916548 318.94041798528781
-57.647491304969925 87.391892500231293 318.45220912143668
-57.982532967395557 87.327719380000616 317.95862134294237
-58.317574629821209 87.263546259769981 317.46503356444811
-58.74653946724559 87.133729291172116 317.06611412030236
-59.070834702863898 87.010028186349487 316.57669544797682
-59.40738239101222 86.942553729933351 316.08457467892379
-59.743930079160542 86.87507927351723 315.5924539098707
-60.080477767308878 86.807604817101122 315.10033314081767
-60.453983617764365 86.590373515788301 314.68403524098454
-60.782295437556272 86.576703981826 314.18201483021801
-61.110607257348157 86.563034447863714 313.67999441945148
-61.501745119298107 86.555153977694488 313.22507786541206
-61.837344788174143 86.420387744681889 312.74631808776792
-62.172944457050164 86.285621511669291 312.26755831012372
-62.523921317652231 86.264835042040005 311.78136579063965
-62.87489817825432 86.244048572410691 311.29517327115559
-63.236757708763058 86.192988057550167 310.81930511294138
-63.553763289905326 86.072882702385556 310.32424737369735
-63.870768871047595 85.95277734722093 309.82918963445326
-64.239807963798967 85.908931650382016 309.35814005862295
-64.594574169063165 85.845438197987733 308.87844273623568
-64.898007561645244 85.758966758921375 308.36809886540743
-65.224214662254667 85.704676084323779 307.86745782617498
-65.55042176286409 85.650385409726184 307.36681678694259
-65.910868005714818 85.55052503586694 306.89766178936986
-66.238031537631201 85.45568955946861 306.40372833656437
-66.565195069547599 85.360854083070279 305.90979488375899
-66.879206076259862 85.323767727878348 305.39987166412476
-67.193217082972112 85.286681372686402 304.88994844449053
-67.545377460800324 85.186702020093321 304.41456733701682
-67.896867458734135 85.172632207268123 303.92850476725897
-68.210742895186613 84.99895786698093 303.44754797718576
-68.556413661860375 84.922623925695078 302.9631051524118
-68.902084428534138 84.846289984409182 302.47866232763789
-69.228598001337502 84.765676652470219 301.98178168051135
-69.552531162811277 84.733882779489562 301.47774154665444
-69.876464324285081 84.702088906508919 300.97370141279754
-70.368710398766368 84.868071613359319 300.67346226947279
-70.563233987344901 84.650005594158642 300.14943194138431
-70.757757575923449 84.431939574957951 299.62540161329588
-71.233355978327637 84.449416538702664 299.26002411622079
-71.467593813980955 84.374861142125312 298.71269046186575
-71.831160781366634 84.293648588436014 298.24234635235734
-72.172988692035375 84.156634174027261 297.76865792128467
-72.514816602704101 84.019619759618507 297.29496949021205
-72.856644513372842 83.882605345209768 296.82128105913938
-73.230137208324408 83.961579249924199 296.35839194802099
-73.554201967007714 83.882280501659608 295.85969991810356
-73.87826672569102 83.802981753395002 295.36100788818612
-74.238330105012338 83.714658965691115 294.88925218017198
-74.618354628534675 83.651390725535236 294.42927555977786
-74.965024204501958 83.586227699840123 293.94391591458583
-75.309363236639257 83.517248012190834 293.4574260034484
-75.653702268776527 83.448268324541544 292.97093609231086
-76.015099741614875 83.359388351375927 292.5003064959231
-76.376497214453224 83.270508378210309 292.02967689953527
-76.705025608269423 83.190703085214963 291.53399533878638
-77.032284627190023 83.066007881579424 291.04680683243038
-77.401462993632137 83.027251481796299 290.57542028698492
-77.739429602419676 82.973990325872236 290.08252900017385
-78.077396211207216 82.920729169948174 289.58963771336278
-78.421006133225916 82.862890592122142 289.10118411228552
-78.76461605524463 82.805052014296123 288.61273051120827
-79.080629486447663 82.700841511221682 288.11345535425744
-79.429756937711701 82.659093891130766 287.6272792966501
-79.77888438897574 82.61734627103985 287.14110323904276
-80.193919716537522 82.582697822388482 286.70919449650364
-80.478574390415702 82.433353826636846 286.2025702890557
-80.763097346177886 82.415633657386252 285.67461888670312
-81.062832885581813 82.470473501689312 285.15775217477915
-81.388451461653744 82.404792899243972 284.65809369003256
-81.714070037725605 82.339112296798675 284.15843520528585
-82.15376570282902 82.262749841199991 283.75739094655103
-82.449993562305451 82.211420584315036 283.23814691658276
-82.746221421781883 82.160091327430081 282.7189028866145
-83.113197495481046 82.20793218916188 282.24663197571579
-83.442190585063685 82.151849895205302 281.74801556672844
-83.782013590857616 82.192282438214136 281.25518138142979
-84.121836596651519 82.232714981222983 280.76234719613109
-84.357242182340272 81.907682515057886 280.31632241412319
-84.696429804563294 81.996996115175961 279.82952180015008
-85.041398604023911 81.970183973020724 279.33934057199895
-85.39418805112831 81.979784596447942 278.85411131273941
-85.726948197032215 82.022278681607844 278.35665283404552
-86.025752739812347 81.862422992027263 277.861514465786
-86.32455728259248 81.702567302446681 277.36637609752654
-86.532817977408044 82.226676078829072 277.16158968803143
-86.823737302141723 82.01087742183644 276.6832625132476
-87.114656626875401 81.795078764843794 276.20493533846377
-87.40557595160908 81.57928010785119 275.72660816368
-87.738460110703357 81.815587647955823 275.28689589058109
-88.068908368094284 81.830875693310091 274.78632599051059
-88.39935662548524 81.846163738664373 274.2857560904402
-88.670290668332512 81.593643711624253 273.81370907967738
-89.000037672405213 81.682194539361362 273.32032721518283
-89.329784676477885 81.770745367098485 272.82694535068822
-89.461069560019467 81.247966583214719 272.56338013584661
-89.738660606428468 81.550472026973424 272.12584880274017
-90.04972933323792 81.58575655539282 271.61399799512594
-90.350423301792659 81.53614064683812 271.09716011058856
-90.651117270347399 81.486524738283407 270.58032222605118
-90.951811238902138 81.436908829728708 270.0634843415138
-91.390495515918076 81.462548525174284 269.65495195465019
-91.609566379144582 81.356808316807445 269.10647500415934
-91.828637242371087 81.251068108440592 268.55799805366848
-92.207997313536552 81.381915603375234 268.11194327062651
-92.587357384702045 81.512763098309875 267.66588848758448
-92.696936498662723 81.176424182146405 267.18125609983315
-93.006868736538337 81.178536852862834 266.66750757716096
-93.316800974413965 81.180649523579277 266.15375905448877
-93.634161615347722 81.097751224505018 265.65135473962204
-93.923988356541372 81.069700803432411 265.12674666308612
-94.248117797343284 80.967348508085848 264.6323135399615
-94.576851134240243 81.077176624168573 264.14254606642913
-94.880732355381156 81.005601457470178 263.63016613029771
-95.187325163113101 80.913968732213391 263.12261879860432
-95.492534464012849 80.887240152724416 262.60673812860131
-95.797743764912582 80.860511573235414 262.09085745859824
-96.085714736008839 80.827811827137296 261.56549715708036
-96.386257376391285 80.775657271083261 261.04882122035139
-96.720376127664068 80.671376316019661 260.56149161683959
-97.018368398324398 80.608929396514327 260.04448002231686
-97.317990920580755 80.599991801296994 259.52472386453849
-97.617613442837126 80.591054206079676 259.00496770676023
-97.92131385230546 80.463096856469434 258.50357666379125
-98.225014261773794 80.335139506859193 258.00218562082233
-98.525941820900215 80.370771493688224 257.48433142737321
-98.826869380026622 80.406403480517255 256.96647723392414
-99.092153876521735 80.343790829281517 256.43196456632438
-99.440459299003336 80.333974559624522 255.94351091087702
-99.751769610442153 80.176042886066128 255.45551144727187
-100.04635251843766 80.210761047938263 254.93396033802838
-100.32612454661721 80.107300819116219 254.41336107439042
-100.61309438986748 80.026300798327597 253.89270062294707
-100.90006423311775 79.945300777538989 253.37204017150376
-101.22322775416302 80.177103488670681 252.9227820699879
-101.50023548510204 79.85674656241352 252.49776659168259
-101.59171546187247 79.660812601153594 251.93808695414424
-101.74947453659428 79.545398663692296 251.37082008803745
-101.9072336113161 79.429984726230998 250.80355322193068
-102.24498174150179 79.579030776706972 250.3305717472474
-102.5827298716875 79.728076827182946 249.85759027256412
-102.9509570111292 79.623622782947592 249.39553169789912
-103.27697053315669 79.527648290204496 248.90105815947877
-103.52707660507583 79.366132557864177 248.38013626418564
-103.99825387241169 79.344578967541153 248.00928936115139
-104.17342857642006 79.342281871108327 247.43543524517455
-104.34860328042843 79.339984774675514 246.8615811291977
-104.60814249292848 79.352098837985309 246.32075523609993
-104.86768170542852 79.364212901295105 245.77992934300215
-105.12722091792857 79.3763269646049 245.23910344990435
-105.51681640917248 79.266150294381717 244.79629823929707
-105.9064119004164 79.15597362415852 244.3534930286898
-106.15271796787729 79.118072176299336 243.80769379693683
-106.46126396639336 79.147643130075664 243.29395755576587
-106.76980996490946 79.177214083852007 242.78022131459494
-107.03415174990934 79.064729512372736 242.25346649318158
-107.29849353490923 78.952244940893465 241.72671167176821
-107.61409919949021 78.887261586354526 241.22057905266803
-107.92970486407121 78.822278231815602 240.71444643356782
-108.19935431047622 78.686529216865509 240.19592798549334
-108.46463848161139 78.70258241083944 239.65799992012739
-108.73798949927303 78.557951397731344 239.14383935066425
-109.01134051693467 78.413320384623262 238.62967878120111
-109.36609492828681 78.624956003747727 238.19452401293589
-109.65167427378533 78.586128994703543 237.66827606681795
-109.90052069437395 78.480970833844779 237.13253618575155
-110.20828380679036 78.493770866565313 236.6176400546745
-110.51604691920679 78.506570899285862 236.10274392359742
-110.79542706190519 78.421877266141877 235.57855528925793
-111.07373870801175 78.305935575573116 235.05980664874932
-111.3520503541184 78.189993885004355 234.54105800824078
-111.64894939395045 78.209493713005116 234.02002948996682
-111.94584843378246 78.228993541005892 233.49900097169285
-112.23523397324909 78.245041651620852 232.9736454085803
-112.52461951271576 78.261089762235798 232.44828984546774
-112.62751450659155 78.04750180094058 231.89711582301652
-112.73040950046735 77.833913839645348 231.3459418005653
-113.2825724742388 77.858244863178683 231.11243794258931
-113.57362490744165 77.829517320426149 230.58854557824898
-113.84238995343192 77.805529555494402 230.05264452657298
-114.11115499942215 77.781541790562656 229.51674347489697
-114.33944278670666 77.624616003243744 228.98452267161034
-114.66638799465038 77.626361671394079 228.48142846209748
-114.95915721976306 77.514703135860103 227.96974638085038
-115.25192644487572 77.403044600326126 227.45806429960331
-115.56881828771407 77.371125455279966 226.94957562900973
-115.79682893640859 77.414294461406257 226.39626958260141
-116.09798307210656 77.412456883448442 225.87732564549523
-116.35615180788682 77.340315796099262 225.34053465508865
-116.61432054366708 77.268174708750081 224.80374366468203
-116.95052654809214 77.21741070974663 224.30938697261271
-117.28673255251722 77.166646710743152 223.81503028054345
-117.51964916322333 77.029052880031188 223.2794765575546
-117.80905003254375 77.000592463642363 222.75465550087378
-118.11303676687166 76.968527130678837 222.23835725395193
-118.43563425918769 76.952601896048364 221.73271187935293
-118.71528483622592 76.788277718370367 221.22794151632374
-118.97385967558307 76.824698325431683 220.68774470789859
-119.23243451494019 76.861118932492985 220.14754789947341
-119.49100935429767 76.897539539554259 219.60735109104843
-119.79664047267131 76.47557229067354 219.90489648313797
-119.87135460296967 76.584301165036237 219.34888277382248
-119.94606873326805 76.693030039398934 218.79286906450699
