49.938330455315842 -62.385411132839423 144.24572322703131
-29.219089758156535 7.3977302891222676 86.821571331797401
49.938330455315842 -62.385411132839423 144.24572322703131
49.557940166383759 -61.962469963533351 144.05487251209371
49.177549877451675 -61.53952879422728 143.86402179715617
48.797159588519605 -61.116587624921216 143.67317108221857
48.547429858793272 -60.686925372845543 143.33697856113568
48.288462111597603 -60.188287555921669 143.12651233238199
48.036164593152876 -59.657771778155961 143.00445098826239
47.783867074708141 -59.127256000390254 142.88238964414282
47.3263088744269 -58.893049814661858 142.57289335026849
46.868750674145659 -58.658843628933468 142.26339705639413
46.555117722964262 -58.195209308268751 142.04734708848159
46.228588079854596 -57.772432883980038 141.77414663599967
45.837593195329845 -57.420087174958248 141.48609195089733
45.479229184578791 -57.005143640108521 141.24237675095108
45.163932454005476 -56.536900722639984 141.03906285095815
44.798206195867472 -56.161633100963705 140.74679838813415
44.42817953452775 -55.76347411202876 140.49273207901766
44.058152873188028 -55.365315123093808 140.23866576990116
43.72392588511584 -54.934933944876001 139.98753958273613
43.393280777929753 -54.528172380155489 139.6956169173605
43.118044810524857 -54.005879972532682 139.5885851314917
42.679103361747181 -53.776299115141718 139.25002489392006
42.351273686225667 -53.335794041677481 139.00819234007395
41.986525657790743 -52.943063131177531 138.73852345478923
41.578285959308161 -52.589673209044875 138.47688264849569
41.254744834309363 -52.15634477508415 138.21698342041745
40.931203709310573 -51.723016341123426 137.95708419233921
40.5359380615308 -51.362914414784811 137.68488634089206
40.173863494166426 -50.956566985760148 137.43233184262891
39.811788926802059 -50.550219556735485 137.17977734436576
39.438705664854389 -50.148816570689547 136.93547318466338
39.017713445699698 -49.856585903881466 136.62343666630676
38.611200153188925 -49.525065168313134 136.33216197653735
38.293653380097254 -49.077377691019926 136.0897986757389
37.976106607005612 -48.629690213726725 135.84743537494043
37.56239260663596 -48.264901420487405 135.61127893902318
37.201496622772325 -47.849011554127358 135.37297302661199
36.797769315839915 -47.50977115325491 135.08675595505093
36.414477976764509 -47.114174230189398 134.84886769588101
36.03118663768911 -46.718577307123894 134.61097943671112
35.61806820446229 -46.386395735831556 134.32993039504404
35.204949771235469 -46.054214164539225 134.048881353377
34.814216768097076 -45.669875171516637 133.80472718343339
34.423483764958682 -45.285536178494048 133.56057301348983
34.028817334977973 -44.886052945569048 133.3492638663663
33.634150904997263 -44.486569712644055 133.13795471924277
33.269554070567878 -44.141503783937402 132.80932323388282
32.904957236138493 -43.796437855230742 132.48069174852287
32.455447289759547 -43.502163411044378 132.21358997090766
32.005937343380609 -43.207888966857993 131.94648819329248
31.714710236609118 -42.694294753155255 131.83968109646565
31.359328502138204 -42.302144284657274 131.5569765990461
30.973326363878488 -41.925516165974201 131.29400586022487
30.577529821046443 -41.557901296879677 131.0328461299776
30.17689255720186 -41.197946632459768 130.76841764743182
29.766338192358639 -40.836951485545441 130.52117764781104
29.355783827515427 -40.475956338631129 130.27393764819021
28.956857201576156 -40.096715511337614 130.0351198472824
28.555704272096456 -39.721990937091519 129.79292608058736
28.154551342616752 -39.347266362845417 129.5507323138923
27.75371477133649 -38.965858604368542 129.31865869432744
27.357408180032809 -38.59792703707059 129.05872130287534
27.012178201826579 -38.156035509340185 128.84530120103904
26.569228687317185 -37.881080454225298 128.54832402133889
26.171042466629256 -37.554109919936451 128.24085369210187
25.822511660211955 -37.125641221007307 128.00645904409114
25.4180202909325 -36.862541816162796 127.64985641461556
25.029422672770085 -36.518932638922578 127.3483193116335
24.861221968774977 -35.969771904255126 127.17473644763177
24.518874674258285 -35.569918006736565 126.88678646833618
24.154649132970754 -35.322211137719208 126.4793787338546
23.827041288581892 -34.910330839353399 126.1912334230946
23.499433444193031 -34.498450540987584 125.9030881123346
23.174545948386008 -34.122029088470143 125.56729799164475
22.849658452578986 -33.745607635952695 125.23150787095491
22.441156897488263 -33.449883441617352 124.90643298670027
22.131198653919945 -33.060653472167424 124.57113324299912
21.821240410351628 -32.671423502717495 124.23583349929797
21.472752699287653 -32.250408844928607 123.98823912705923
21.124264988223679 -31.829394187139723 123.74064475482048
20.83608696237005 -31.513286865733079 123.31989591433697
20.45790807011867 -31.129150563480067 123.0564191093865
20.079729177867286 -30.745014261227048 122.79294230443607
19.71620778812278 -30.410554413547988 122.45237100574998
19.320906516660052 -30.077061973249506 122.14820049921835
18.952303309035521 -29.678901369745354 121.89207590230092
18.58370010141099 -29.280740766241202 121.63595130538349
18.206755205005823 -28.95419048185223 121.30236854677692
17.82981030860066 -28.627640197463268 120.96878578817032
17.603145733785876 -28.166264184027511 120.65934218304952
17.196715070979245 -27.803582347746662 120.40779496688023
16.790284408172617 -27.440900511465816 120.15624775071096
16.424587791291728 -27.063575881994659 119.86660640629286
16.091445261591591 -26.640987550257297 119.60121018027519
15.739362098717347 -26.248536943336642 119.31481889628057
15.387278935843105 -25.856086336415995 119.02842761228597
15.008998629353766 -25.464693565738443 118.77600790468833
14.630718322864428 -25.073300795060895 118.52358819709067
14.255019354876183 -24.700004793792111 118.24163007805649
13.87932038688794 -24.326708792523355 117.95967195902224
13.570637119761511 -23.871342623582329 117.7201802205841
13.222549929817939 -23.477412817397919 117.43094914342139
12.886902093078939 -23.069380922047792 117.14660691639661
12.480823553673455 -22.717629227372075 116.87945346774384
12.136468763504553 -22.300359564952903 116.62001983979187
11.767874310911123 -21.917664351771712 116.34130402874852
11.392647278839707 -21.521935200434591 116.09109788736733
11.007120027442557 -21.118353625425911 115.87089195932796
10.621592776045402 -20.714772050417221 115.65068603128864
10.251681737508735 -20.375963294286244 115.32148328169851
9.8800735443560317 -20.018723514610581 115.01442125115898
9.5195206936582473 -19.640638243608944 114.71937350975884
9.1431093928967826 -19.262360011014035 114.44511065882212
8.7666980921353037 -18.884081778419105 114.17084780788545
8.3596989960813683 -18.547749998190678 113.88583435308085
7.9680435162671301 -18.193633903074254 113.60086457168117
7.5763880364528884 -17.839517807957826 113.31589479028153
7.2034397082150816 -17.476104448202609 113.0178339333814
6.818241710013055 -17.10646236359624 112.74399596766258
6.4330437118110266 -16.736820278989871 112.47015800194379
6.0755734826561074 -16.320860720306705 112.22686254204362
5.6613410782726143 -15.974977886438348 111.964609648077
5.2696140979368939 -15.622910437586253 111.67721012766015
4.8722170733032319 -15.249861939016402 111.42639062577265
4.4776058574156163 -14.890176616931038 111.15269653125829
4.0494220104725223 -14.551403614243835 110.90391661674084
3.6212381635294322 -14.212630611556634 110.6551367022234
3.2085908458387364 -13.85347314299268 110.40870597366583
2.7959435281480389 -13.494315674428725 110.1622752451083
2.37468191013568 -13.130017914499504 109.93905832975429
1.9141699635174199 -12.843669681931519 109.68228325945529
1.3242126054726699 -12.927859183620342 109.61255203621745
0.73425524742792203 -13.012048685309164 109.54282081297958
-0.83453311921801665 -13.280323942816432 108.70202865858842
-1.3574625747666595 -13.369749028652189 108.42176460712467
-1.7101909622335683 -13.72626458022547 108.09240257810282
-1.9579152636141441 -13.179791872604124 108.09190224771146
-2.412647445921043 -12.882727556524667 107.83700729976889
-2.8302651463393294 -12.516742035994852 107.60974081508655
-3.2759282934854852 -12.182139421200311 107.38742246350837
-3.7113343605461546 -11.87483905370955 107.11176317941514
-4.1617586977526733 -11.63343067599568 106.79737502502374
-4.6035138594307083 -11.359686206424799 106.49751448658932
-4.9916886407637087 -10.941229086272648 106.31254427890428
-5.4378925437183607 -10.653754126365268 106.03279398951341
-5.862314128513626 -10.346014541221056 105.74096755805945
-6.2113246256552523 -9.933882808774964 105.47955006056561
-6.6393995498872895 -9.6061725359523749 105.21619130082847
-7.0708078688782638 -9.2933999951133153 104.94040116321935
-7.4973834780210762 -8.9786246934513638 104.65942116544716
-7.8685741960737445 -8.5769405647837633 104.41270815077607
-8.2952272934401403 -8.2546270525264536 104.14052965360186
-8.7210417582151525 -7.9315566371288044 103.86793554456213
-9.1153099048029596 -7.5653806484839361 103.60247787575943
-9.5361597689759812 -7.2569604706580915 103.30623070575534
-9.9261204416369555 -6.8974973669145614 103.0256652930173
-10.316081114297932 -6.5380342631710322 102.74509988027926
-10.783073340196299 -6.2821108629508018 102.46865553837623
-11.152165639018026 -5.9621050933640456 102.12027760798784
-11.562392947602783 -5.6657720192339243 101.79794196852504
-11.972620256187543 -5.3694389451038003 101.47560632906223
-12.30453875525729 -4.9315141764817012 101.23466648801769
-12.759437731911843 -4.6801632093057703 100.93485052390244
-13.214336708566396 -4.4288122421298413 100.63503455978717
-13.579589387670111 -4.0934437215168753 100.29722035672663
-13.96839587291287 -3.8054224177530407 99.942434159684879
-14.357202358155627 -3.5174011139892079 99.587647962643103
-14.7588040649975 -3.2449869420746369 99.234793051947804
-15.185617049700801 -3.0198835738423702 98.878199235822024
-15.570601214461311 -2.6929153249124758 98.554349028047852
-15.985512310621189 -2.4263941123506401 98.21256660378063
-16.400423406781062 -2.1598728997888061 97.870784179513407
-16.78017043104137 -1.85096983628558 97.523838802078046
-17.200655165845049 -1.5896893098249147 97.184832792854735
-17.621139900648732 -1.3284087833642484 96.845826783631423
-18.046127583862702 -1.0601042490273602 96.518110220164317
-18.456960137077093 -0.74296709003135819 96.217044387490972
-18.873163864585308 -0.44736726833986895 95.901774340350073
-19.289367592093523 -0.15176744664837899 95.586504293209174
-19.705571319601752 0.14383237504311505 95.271234246068289
-20.119948182406478 0.43600207271608865 94.950409241846671
-20.53054402287281 0.68270096294123728 94.589091219388024
-20.941139863339149 0.92939985316638674 94.227773196929391
-21.35173570380547 1.1760987433915289 93.86645517447073
-21.78627010927233 1.3698379622110921 93.500880331850581
-22.211214245179725 1.6118792697160327 93.153262025630653
-22.598537368939109 1.8778667032527494 92.78012467424135
-23.013260024817278 2.1225968519943317 92.4221969259481
-23.427982680695443 2.3673270007359113 92.064269177654836
-23.776812850258615 2.6438620571922442 91.661968450147143
-24.12564301982178 2.9203971136485722 91.259667722639435
-24.484568999886505 3.1717499957549977 90.849797170524056
-24.850277981309581 3.3999262495314397 90.43243337463484
-25.179107365246985 3.7263387480458441 90.051216747147365
-25.575538577132093 4.0125101915861077 89.703440670992904
-25.971969789017201 4.298681635126373 89.355664594838458
-26.296346560491781 4.7343851995778081 89.100827168128717
-26.708498455912462 5.0267962590590054 88.777366834557171
-27.110602946311349 5.3409942356883509 88.46178544999357
-27.428973649280316 5.8014650254619919 88.245899491079427
-27.826665898419009 6.1098553033790397 87.919194254725227
-28.224358147557712 6.4182455812960866 87.592489018371026
-28.604278223294678 6.8742179563218375 87.680522700932869
-28.861339890588102 7.1456962735196026 87.211247917357397
-29.219089758156535 7.3977302891222676 86.821571331797401
