-5.2072347232324869 -184.20778925119947 403.72172573073431
-114.69774702485532 -62.974829498972952 285.2754763016697
-5.2072347232324869 -184.20778925119947 403.72172573073431
-5.6631272393088832 -183.94139409804916 403.43677725089356
-5.7414673980150006 -183.3561788964281 403.33007210891088
-6.0244198364124424 -182.93017151562157 403.0162957090601
-6.3178079390978583 -182.49181991373135 402.73033890406521
-6.4165309828974326 -182.00949098917673 402.61880514608509
-6.515254026697006 -181.52716206462208 402.50727138810504
-6.515254026697006 -181.52716206462208 402.50727138810504
-7.0266914483731258 -181.71791015404588 402.25817917608214
-7.5641860530546765 -181.8567388471146 402.03909356496069
-8.1016806577362281 -181.99556754018334 401.82000795383931
-8.6391752624177798 -182.13439623325206 401.60092234271781
-6.515254026697006 -181.52716206462208 402.50727138810504
-6.8138243010072914 -181.21601945644667 402.09008309886849
-7.1250740024098276 -180.85534961448184 401.72533539363394
-7.4363237038123557 -180.494679772517 401.36058768839933
-7.8482103841121766 -180.20092692920255 401.03800648988295
-8.1214684439936615 -179.89011125858843 400.60358313460551
-8.3947265038751517 -179.57929558797429 400.16915977932808
-8.7567433260459655 -179.2742783210077 399.80050236747041
-9.1187601482167757 -178.96926105404117 399.43184495561275
-9.5947780774442855 -179.06302219263711 399.78485455880099
-10.126954827566877 -179.19909015109178 400.02625343475313
-10.659131577689475 -179.33515810954646 400.26765231070516
-10.3701519925042 -178.99018479920147 399.87080950240977
-10.081172407318926 -178.64521148885652 399.47396669411444
-10.062374125469994 -178.23821464807872 399.03351216048304
-10.043575843621063 -177.83121780730093 398.59305762685165
-10.348079768173692 -177.84152356032445 398.07617161293115
-10.630140619280446 -177.35115790973501 397.87621360485213
-10.912201470387219 -176.86079225914554 397.67625559677316
-11.044745458437085 -177.23172518035469 397.22366211560592
-11.292924789466195 -176.71479175055021 397.04706412920603
-11.5411041204953 -176.19785832074569 396.87046614280609
-11.890818167204809 -175.93763134340693 396.4581774019955
-12.240532213914332 -175.67740436606817 396.0458886611849
-12.467765060603206 -175.24873654341556 395.69288847533801
-12.823797243910429 -174.94754545756197 395.31536362284243
-13.179829427217658 -174.64635437170836 394.93783877034684
-13.483523289899825 -174.30177103242073 394.55179167470362
-13.787217152581999 -173.95718769313311 394.1657445790604
-14.159787287490943 -173.6291635729466 393.82871094401816
-14.506730461943169 -173.31002889086881 393.45751896081254
-14.85367363639539 -172.99089420879099 393.08632697760697
-15.154265197375102 -172.69010692056082 392.66304017092978
-15.454856758354818 -172.38931963233065 392.23975336425269
-15.82272264467629 -172.02447341972783 391.93716134381873
-16.14935610455618 -171.6088445915239 391.65332466533494
-16.447513361316389 -171.33507532393492 391.21043343899936
-16.793300336922691 -171.04002788424722 390.81879792498819
-17.114273111319395 -170.66029856901349 390.48296742421707
-17.494956471775691 -170.41035128546989 390.09231856075928
-17.791857851404902 -170.10487237737297 389.66978784296208
-18.088759231034135 -169.79939346927605 389.24725712516494
-18.510832737216766 -169.53592053205097 388.91194239729168
-18.932906243399408 -169.27244759482588 388.57662766941854
-19.288845744709516 -168.95982199970985 388.20842621819185
-19.644785246019623 -168.64719640459379 387.84022476696515
-20.020631719036082 -168.35773252789335 387.47286922691347
-20.381215777394385 -168.06357189742948 387.09412305816329
-20.741799835752687 -167.76941126696565 386.71537688941305
-21.181112065882534 -167.60311997062584 386.34207812271273
-21.533401261596357 -167.26221012181864 385.9961405596041
-21.958789203147472 -167.06181622540259 385.62346458041827
-22.263432116999837 -166.64114584435481 385.32308294724368
-22.672760349406158 -166.44526822332742 384.93054969293803
-23.082088581812492 -166.24939060230002 384.53801643863244
-23.412641110530487 -165.8644203539688 384.21780879715908
-23.826431681809144 -165.57473479087099 383.89398841847117
-24.204733317835117 -165.26919556967775 383.54251486826763
-24.583034953861095 -164.96365634848453 383.19104131806404
-24.932870736820959 -164.59518043665173 382.87191684805299
-25.307483766220042 -164.29631672644524 382.5108828317525
-25.682096795619124 -163.99745301623878 382.149848815452
-26.047721841918467 -163.61145113714787 381.87178250167619
-26.437988781238126 -163.27033661922164 381.56956965990065
-26.828255720557774 -162.92922210129544 381.26735681812517
-27.226027745551409 -162.81612526482553 380.83263101751862
-27.63915173633805 -162.45648153883747 380.58771274830633
-28.022661270723916 -162.16152563951135 380.23285861702436
-28.372915903801889 -161.81108069190091 379.89446530931616
-28.646302927472401 -161.39565256600858 379.5587883701229
-29.039161498595199 -161.06128450165289 379.25242234616729
-29.407027710457328 -160.64470338615394 379.02629268340752
-29.767743078900168 -160.25361369871393 378.74892419322299
-30.165529793705652 -159.94333595060181 378.42412664312337
-30.550122784006696 -159.60124776922103 378.11580228798596
-30.891402164959914 -159.16299360644311 377.88895063393863
-31.25353023597582 -158.79974820213008 377.57763722846471
-31.617042412979817 -158.44915503609323 377.25368765044669
-31.980554589983807 -158.09856187005636 376.92973807242868
-32.344066766987808 -157.74796870401948 376.6057884944106
-32.74870007079754 -157.41745528192735 376.31077532984852
-33.085034613475614 -157.00495961717058 376.03378001949397
-33.421369156153688 -156.59246395241382 375.75678470913942
-33.832845680074193 -156.24947239722175 375.48651842687468
-34.189480615625122 -155.88134869071101 375.17459462295881
-34.546115551176037 -155.51322498420024 374.86267081904282
-34.85424748253714 -155.07452351123567 374.59323487026393
-35.225268804223759 -154.72757672774071 374.27390571676176
-35.594107239417411 -154.38385692916563 373.94861368059821
-35.962945674611056 -154.04013713059055 373.62332164443467
-36.232141219639367 -153.57268067096481 373.36060846073224
-36.578617620976424 -153.19332671422058 373.05069770128847
-36.919233857593511 -152.86192405168259 372.68442887294577
-37.259850094210599 -152.53052138914464 372.31816004460302
-37.523275485769133 -152.03756265053067 372.09998867822708
-37.786700877327668 -151.54460391191668 371.88181731185108
-38.244823420687709 -151.56211842079978 371.4947553307112
-38.52763106603205 -151.10526057327124 371.22773334119273
-38.810438711376399 -150.64840272574276 370.96071135167426
-39.093246356720755 -150.19154487821419 370.69368936215585
-39.52003302607671 -150.19065967432638 370.27196391204154
-39.656960046230814 -149.61691256143084 370.16212201841381
-39.960386703616749 -149.23040115168902 369.81782390089501
-40.26381336100269 -148.84388974194718 369.4735257833762
-40.567240018388624 -148.45737833220537 369.12922766585746
-40.670116988194721 -147.87359227674125 369.03643666128704
-41.082740288478732 -147.75740696132303 368.61662362606319
-41.373007329963954 -147.27076910448778 368.41932020256979
-41.66327437144917 -146.78413124765251 368.2220167790764
-41.949257708644879 -146.64709090750958 367.71267065312674
-42.273456192188299 -146.2201071222284 367.44326354413533
-42.597654675731718 -145.79312333694719 367.17385643514399
-42.912558756947291 -145.41326611394453 366.83247115460824
-43.24439110778534 -145.03468887839949 366.50602580288091
-43.576223458623346 -144.65611164285446 366.17958045115353
-43.918342467262448 -144.29714146223091 365.84180094711144
-44.24372742458057 -143.95016144478447 365.47611050829204
-44.56911238189867 -143.60318142733803 365.11042006947258
-44.92041309400129 -143.27339975334695 364.7528842570344
-45.271713806103911 -142.94361807935587 364.39534844459621
-45.46174541532725 -142.4095509074412 364.198726361963
-45.779133969412591 -142.12179498336542 363.7786537088482
-46.096522523497939 -141.83403905928964 363.3585810557334
-46.394998460140066 -141.43492490811533 363.02448524675339
-46.693125772045804 -141.00073027312305 362.73709157104048
-46.99125308395152 -140.56653563813077 362.44969789532757
-47.205799564216321 -140.2088988378851 362.01834452868252
-47.420346044481107 -139.85126203763946 361.58699116203746
-47.381894079389305 -139.5798247258405 361.0532840961821
-47.343442114297503 -139.30838741404153 360.51957703032679
-47.3049901492057 -139.03695010224257 359.98586996447136
-47.856713260803559 -139.24494084262446 360.09696208860345
-48.325883122479311 -138.87094965732118 360.10016118388029
-48.687351100805628 -138.39520812407278 360.1550327993765
-49.048819079131952 -137.91946659082441 360.20990441487277
-49.355805481187602 -137.84970160667305 359.69912834266569
-49.633540854859802 -137.51671198732217 359.28442245216536
-49.949203650987805 -137.11155346596038 358.97425544600804
-50.219411767215732 -136.67870874885179 358.65860845204844
-50.498983505545617 -136.26251075922121 358.32903467191011
-50.778555243875495 -135.84631276959061 357.99946089177178
-51.077663599015281 -135.50048300143035 357.6109561127281
-51.376771954155075 -135.1546532332701 357.22245133368438
-51.675880309294861 -134.80882346510981 356.8339465546407
-52.01071496462415 -134.4760502547777 356.46361191667694
-52.342020548231993 -134.22012381450807 356.03380001893424
-52.669162317258142 -133.94622504613477 355.61194965726315
-52.996304086284283 -133.67232627776147 355.19009929559206
-53.154134430114802 -133.13759205431671 354.9684037998253
-53.31196477394532 -132.60285783087198 354.74670830405853
-53.570144149888371 -132.18411024188703 354.40320595099968
-53.828323525831436 -131.76536265290216 354.05970359794082
-54.200234575900524 -131.38676225154222 353.77980378206632
-54.488886560454411 -130.98996998463278 353.434498223562
-54.786961343004506 -130.62495360687416 353.06312985122037
-55.085036125554595 -130.25993722911554 352.69176147887868
-55.381131188668078 -129.89693768802641 352.3168494268333
-55.683931764602882 -129.54831196993842 351.93374119160308
-55.986732340537671 -129.19968625185047 351.55063295637285
-56.226309252723453 -128.76086033531158 351.21891814192929
-56.550299270710163 -128.45042686931956 350.82059474136497
-56.874289288696879 -128.13999340332754 350.42227134080059
-57.218715279037077 -127.71264240833679 350.17990413126392
-57.471973953352929 -127.33996310022196 349.78370951092336
-57.314392555939435 -127.11596307310614 349.24986300579161
-57.156811158525933 -126.89196304599037 348.71601650065992
-56.999229761112439 -126.66796301887453 348.18216999552823
-57.547846917248691 -126.47944215384862 348.33539890743089
-57.978424453537492 -126.33148314692735 348.45565932334614
-58.36133111233967 -126.42255781802541 348.65994989008607
-58.36133111233967 -126.42255781802541 348.65994989008607
-58.644518064620648 -125.96172926317293 348.40025354222888
-58.945172205534348 -125.57392734197519 348.05497574469939
-59.218076175778073 -125.10526556621315 347.79830560041927
-59.507756430216091 -124.74288125772753 347.41782831706047
-59.797436684654087 -124.38049694924193 347.03735103370161
-60.118187250712637 -124.02565503072508 346.67512694941621
-60.438937816771201 -123.67081311220822 346.31290286513081
-60.769484536073207 -123.38706831660318 345.90031619868876
-61.059131075628009 -122.96885047540596 345.58219873700477
-61.348777615182811 -122.55063263420872 345.26408127532079
-61.683502886515328 -122.2246959186441 344.88761846151533
-62.018228157847844 -121.89875920307945 344.51115564770987
-62.35953055126712 -121.58864253804022 344.12730628883168
-62.700832944686397 -121.27852587300097 343.74345692995348
-62.944748453017986 -120.81206755935777 343.45549535885675
-63.188663961349562 -120.34560924571458 343.16753378776002
-63.534927645389452 -120.04197637886769 342.78294499010019
-63.837978599722291 -119.70267580959676 342.39174779843034
-64.145968622904874 -119.3646274487116 342.00333377792788
-64.453958646087486 -119.02657908782643 341.61491975742553
-64.703295031071931 -118.6110851367401 341.26108908643505
-64.952631416056391 -118.19559118565375 340.90725841544463
-65.389230321992301 -117.98868637047823 340.55148911829724
-65.722198485192791 -117.60541512322921 340.23174648221777
-66.055166648393268 -117.22214387598019 339.91200384613819
-66.379255217602662 -116.84045889278298 339.58142379091777
-66.67569450726117 -116.53142701363761 339.16115834477853
-66.972133796919664 -116.22239513449229 338.74089289863917
-67.335936975817432 -115.9402621565271 338.35612253885512
-67.712563808489378 -115.65700559134163 337.98474948222491
-68.014569767186941 -115.31884507254554 337.59176110524828
-68.316575725884505 -114.98068455374944 337.19877272827165
-68.614337556658413 -114.57510207665693 336.87190770045487
-68.917169519996534 -114.16508573865693 336.55539639804397
-69.231606517320458 -113.89227370809775 336.12330500644254
-69.560342959539057 -113.59186668637649 335.72120057615359
-69.889079401757655 -113.29145966465524 335.31909614586459
-70.217815843976283 -112.99105264293398 334.91699171557559
-70.603179480667933 -112.57718511636071 334.71647104840156
-70.897986059717653 -112.30901147841909 334.26794905243912
-71.182043900219355 -111.92859341047006 333.90107954317534
-71.466101740721044 -111.54817534252102 333.53421003391156
-71.832275266581135 -111.31993832543273 333.11728700385709
-72.088102032611289 -110.85547895249242 332.83651991769767
-72.343928798641457 -110.39101957955214 332.5557528315382
-72.717156775715296 -110.16388481298745 332.14452214816572
-73.090384752789149 -109.93675004642277 331.7332914647933
-73.390558877185157 -109.61717345646677 331.32369862037928
-73.683568215540944 -109.24424951326068 330.95617547795155
-73.997807204248289 -108.8841287671044 330.59345395093112
-74.308844915885416 -108.50260046236281 330.25039171952034
-74.619882627522571 -108.12107215762121 329.90732948810961
-75.00282718891998 -107.87794320161792 329.51459322336075
-75.295869715980373 -107.4680091897565 329.18889369426489
-75.588912243040767 -107.05807517789508 328.86319416516903
-75.957535856208906 -106.83134909607654 328.44760793387871
-76.326159469377032 -106.60462301425801 328.03202170258839
-76.591796465429297 -106.22953538777915 327.64634533723682
-77.001331867217658 -105.93912701263389 327.3177974254682
-77.278457404543303 -105.48871141594773 327.03437684254629
-77.555582941868934 -105.03829581926159 326.75095625962427
-77.875609978471843 -104.84206388096641 326.28290100408697
-78.232092710338947 -104.51586081206169 325.92721628454211
-78.525929791167385 -104.20366118770157 325.50746497188231
-78.887190164503096 -103.87879500795466 325.15539550726771
-79.248450537838835 -103.55392882820772 324.80332604265317
-79.550429002953621 -103.19357076687092 324.43056462534111
-79.852407468068378 -102.83321270553415 324.05780320802899
-80.192164350314613 -102.50561844256387 323.68733423519149
-80.531921232560848 -102.17802417959361 323.31686526235393
-80.861102209243015 -101.88076915706988 322.91278688360177
-81.19028318592521 -101.58351413454614 322.50870850484961
-81.528484800464042 -101.26615936822913 322.12804379645229
-81.838461159762801 -100.87718952898472 321.79245905181381
-82.193304723598857 -100.53243602157026 321.45300203784956
-82.524711437124836 -100.18543496880012 321.09278007904311
-82.856118150650815 -99.83843391602997 320.73255812023672
-83.187938880735217 -99.490242915477637 320.37386879753444
-83.519759610819591 -99.14205191492529 320.01517947483217
-83.828816936780598 -98.847131201453649 319.59386564639163
-84.17287170543419 -98.563195244009435 319.19260925923129
-84.516926474087796 -98.279259286565249 318.79135287207095
-84.824453074193372 -97.882239248395607 318.46301999293871
-85.163749117091882 -97.562431329457837 318.08539439759573
-85.503045159990393 -97.242623410520082 317.70776880225282
-85.727674212265057 -96.713723559019996 317.53512252816222
-86.109424381097639 -96.559636690136998 317.09863192639153
-86.491174549930221 -96.405549821253999 316.66214132462085
-86.710750231393618 -95.928478526996741 316.37198705478221
-87.061874415846546 -95.564797918625217 316.04880255300839
-87.399801761826666 -95.187078333524283 315.72765924563612
-87.737729107806814 -94.809358748423335 315.40651593826385
-88.052269310602995 -94.540987781649122 314.97172692619296
-88.352884655753229 -94.123471720318804 314.66300253002157
-88.725792030251938 -93.827717201081398 314.29766795131985
-89.070653443291775 -93.527424188949468 313.90921626492775
-89.404984447528733 -93.198231403596409 313.53524448834906
-89.739315451765719 -92.869038618243366 313.16127271177044
-90.035868351138802 -92.500693709833584 312.79197824075578
-90.37033546955135 -92.17756475449427 312.41287479191612
-90.703378037976464 -91.728977878749077 312.19412273472352
-91.016832413789501 -91.461823628987275 311.75780294246346
-91.34311191943651 -91.167445455189608 311.34928957060612
-91.669391425083504 -90.87306728139194 310.94077619874872
-91.978947412811493 -90.538378966857778 310.55070079247957
-92.26383251478515 -90.171046701740693 310.17134939116755
-92.60302669910412 -89.850157994745587 309.79455005060652
-92.942220883423104 -89.529269287750481 309.41775071004554
-92.749014004939312 -89.009349588205694 309.64656200376112
-93.124518902877668 -88.796172854029507 309.22996657456122
-93.500023800816038 -88.582996119853334 308.81337114536126
-93.839042507400251 -88.229653408027545 308.46665044424066
-94.178061213984435 -87.87631069620177 308.11992974312
-94.540456361812787 -87.6683023048856 307.68934610899936
-94.732371357225219 -87.130995206815044 307.50368589005404
-95.096183438302816 -86.83075970997119 307.13287675303479
-95.459995519380413 -86.530524213127336 306.7620676160156
-95.747141464841178 -86.114675674319997 306.43862179554912
-96.093571535339294 -85.785673231665299 306.07565678486361
-96.291260033654837 -85.288794333017606 305.80357110403418
-96.641975777746978 -84.941421277877836 305.4624986375278
-96.992691521839106 -84.594048222738053 305.12142617102143
-97.366321555233739 -84.3568506680094 304.71628678984962
-97.67543701249987 -83.958496443881387 304.39107678662322
-97.984552469765987 -83.560142219753374 304.06586678339681
-98.293667927032089 -83.161787995625374 303.74065678017035
-98.641664564516518 -82.81660855232947 303.39460838438526
-98.977158395008459 -82.453890984456251 303.05419708072748
-99.284716930789386 -82.108029145817525 302.67237600267947
-99.65445640356829 -81.812757866880091 302.30344837548978
-99.910499824721626 -81.353333099451859 302.01470861453259
-100.29582601654818 -80.935146503247296 301.82328318088469
-100.77960758284874 -80.635071536247182 301.63378275796259
-100.8795080799255 -80.363787390523967 301.10802159263841
-101.15471778146814 -80.047812050879074 300.67858102059949
-101.42992748301074 -79.731836711234195 300.24914044856052
-101.78148445043149 -79.405580100518563 299.88863480003022
-102.07803712054579 -78.973480718405824 299.59649333117329
-102.43132025159773 -78.638453557309475 299.24585415674773
-102.69255162145389 -78.179830685968582 298.96050659098603
-102.98012414891616 -77.778759029112791 298.61926830544951
-103.15798437867663 -77.271963527119311 298.35182848450143
-103.56644858247 -77.081572543568171 297.95571200213561
-103.92140530880792 -76.869375364145569 297.52099591148271
-104.19536656106884 -76.424572213438353 297.22587663156264
-104.47984606394593 -76.030732264166446 296.87379495524266
-104.83291580648063 -75.709884221715498 296.50992919625742
-105.18598554901533 -75.389036179264536 296.14606343727223
-105.48204108963508 -75.013846268615708 295.7833188331557
-105.78983401822101 -74.638426210774384 295.43072374912458
-106.09762694680697 -74.263006152933073 295.07812866509346
-106.39184507075883 -73.852147916268152 294.75466119392701
-106.72462120400264 -73.587593105699611 294.33125737090654
-107.05739733724647 -73.32303829513107 293.90785354788608
-107.29653448312425 -72.835161789748611 293.65331486525173
-107.59790298333901 -72.452041922322962 293.3034631905922
-107.89927148355375 -72.068922054897286 292.95361151593272
-108.00744816610002 -71.484484888880345 292.87156881771182
-108.35637257533305 -71.423717149827084 292.387255862556
-108.63970296298847 -71.017287776728239 292.04881967047027
-108.97640916622609 -70.761443170396078 291.62317607529701
-109.22319963208099 -70.371741548893993 291.2394742220805
-109.53923893061388 -69.98843852442107 290.90302518699087
-109.82684390927258 -69.580414396474978 290.57015931721065
-110.10593482801835 -69.234947786451386 290.16672272934034
-110.39710686753713 -68.87832600708029 289.78196338912795
-110.68827890705589 -68.521704227709193 289.39720404891557
-110.99422908850352 -68.204618898388745 288.98995550023562
-111.30017926995114 -67.887533569068268 288.58270695155568
-111.64188992490722 -67.564406256823048 288.21011794424243
-111.80734619855802 -67.018122730634204 288.02518949720337
-112.09771929406334 -66.60861836417773 287.69657172644264
-112.43094177129737 -66.396123195460305 287.24512008569053
-112.69810770973793 -66.010491608464676 286.87107377779751
-112.96505561501844 -65.581667169465362 286.54727072595381
-113.23200352029889 -65.152842730466062 286.22346767411011
-113.56523319090752 -64.884817317659241 285.80261097080626
-113.89857787566186 -64.426540718452117 285.6054717312694
-114.28247376007468 -64.030339881654712 285.36957165316016
-114.68207596980133 -63.629089822216983 285.5678554492273
-114.69774702485532 -62.974829498972952 285.2754763016697
