180.42396081551095 103.28173569450709 198.20553336651273
72.526006955720732 60.748741315011145 15.678046939203508
180.42396081551095 103.28173569450709 198.20553336651273
180.52442752626229 103.20928066382676 197.61845866210118
180.48022746826578 102.78499894007716 197.19652102006722
180.43602741026925 102.36071721632756 196.77458337803327
180.47067286127589 102.40728179077671 196.17739711468579
180.50531831228247 102.45384636522583 195.58021085133834
180.45167666729759 101.85865254736561 195.6337542272525
180.41129734562281 101.38134163367116 195.27244576893844
180.35303791508312 101.22455400385897 194.69623098442571
180.29477848454343 101.06776637404678 194.12001619991298
180.23651905400371 100.9109787442346 193.54380141540022
180.22039065854321 100.54454267086312 193.06897041494642
180.20426226308274 100.17810659749168 192.59413941449259
180.08103655869817 100.5042101835803 192.10580359057727
180.10531443515271 100.32618233351909 191.53333815990268
179.99168123052999 100.35975190638895 190.94515402327153
179.82718257563153 100.2456221455887 190.3795440956392
179.76898869788027 100.01777109693791 189.82755009909485
179.60934937912035 99.924460095632654 189.25675386142217
179.50562974052886 100.13333039075269 188.7039289014331
179.45423836139321 100.45885188403446 188.20253615760632
179.35496773962456 100.15351341576836 187.69566954453086
179.2556971178559 99.848174947502258 187.18880293145543
179.130212700855 99.706980234130384 186.61931393770243
179.00472828385409 99.565785520758538 186.04982494394946
178.85146162372158 99.427778320666647 185.48638608869132
178.69819496358903 99.289771120574756 184.92294723343318
178.56590555778317 99.183068782621163 184.34752206524294
178.46043932483386 99.139047969282487 183.75850674990684
178.26230173018058 99.030264722077959 183.20271209473944
178.06416413552728 98.921481474873445 182.64691743957206
177.95001945173783 99.073120450202907 182.07772800509207
177.80245653008689 98.828546872329028 181.55008328640363
177.62201227984252 98.694955991019725 180.99367215335116
177.44156802959813 98.561365109710408 180.43726102029865
177.24652612081121 98.502885112958552 179.87286865341488
177.07539856424191 98.442979861442922 179.30091872534121
176.92029944046431 98.252798541195986 178.75340130348823
176.6953259643079 98.09471213217175 178.22011374287209
176.51102791192869 97.994197074877633 177.65803638952437
176.35642401261839 98.164612194887923 177.10390976032312
176.23588200400636 97.67725359754445 176.77535044793768
176.05809648089081 97.547982740886681 176.21706615352355
175.91188551847549 97.448836717632147 175.64366191518693
175.63771352398879 97.311063273026008 175.12805722610764
175.36354152950213 97.17328982841984 174.61245253702836
175.24052804921126 97.005358393678847 174.04972105853034
175.07956773307251 96.827285233250024 173.49982859071196
174.81881646584537 96.758615264266112 172.96383119146529
174.55806519861818 96.689945295282172 172.42783379221865
174.35324940287734 96.478353758124939 171.90507236363149
174.1484336071365 96.266762220967721 171.38231093504433
173.9141270961664 96.204172395903839 170.83350953862166
173.62334628493159 96.129382215094807 170.31403581582887
173.37290308911753 96.086912856327743 169.77046009963436
173.09244763536847 96.010683929775752 169.24554687897867
172.81199218161942 95.934455003223761 168.72063365832295
172.53231276511798 95.806811423422161 168.20537979805516
172.27454302690455 95.665841214887166 167.68223339181026
172.01677328869113 95.524871006352157 167.15908698556535
171.67670936103758 95.536859140440555 166.66490806073151
171.41650513865153 95.498414649508888 166.12563467573139
171.13818200101917 95.40792039539329 165.60185321268543
170.86487562544497 95.402880702342202 165.06773878059767
170.5915692498707 95.397841009291099 164.53362434850993
170.35418236127782 94.996790156366387 164.1557279625884
170.06130936429958 95.031681687797729 163.63322629878687
169.76843636732136 95.066573219229085 163.11072463498536
169.49290020234656 95.031236390081276 162.57890593439578
169.2217400792525 94.794892455687531 162.09868334817261
168.88492884349085 94.716919754768995 161.60829732739288
168.54811760772924 94.638947053850444 161.11791130661311
168.29915549318326 94.477520140560131 160.59641421440034
168.01093526787645 94.337992138895572 160.08900802752876
167.67230442559224 94.263278294666264 159.59936837009241
167.37844906969346 94.235020917586127 159.0770173861265
167.08459371379465 94.206763540505975 158.55466640216062
166.76474828087356 94.082528763118717 158.06246256315987
166.47497634106483 93.981683881333595 157.54684397086785
166.18360730896399 93.958346901951174 157.02285974159571
165.89223827686311 93.935009922568725 156.49887551232356
165.56525316701465 93.91788487474436 155.99609576862423
165.23944860696577 93.806637753224692 155.50469423565454
164.88354351450357 93.738172816171613 155.02652677800629
164.52763842204141 93.669707879118505 154.54835932035803
164.23519356726754 93.625910541777515 154.02628863533718
163.92947384560438 93.5913870975522 153.51117351850888
163.62375412394124 93.5568636533269 152.99605840168061
163.30098752109731 93.393412192434084 152.51740890568107
162.94626974564318 93.332181617707278 152.03738170176916
162.88069448016461 93.807659685363291 151.67735324215033
162.56378340987573 93.456753181727748 151.30798621704574
162.25710297426946 93.195751847962086 150.86321052729991
161.95680814391014 93.170002272438666 150.34440422990187
161.65651331355085 93.144252696915231 149.82559793250385
161.35621848319155 93.118503121391797 149.30679163510581
161.00261999573416 93.001139342553657 148.83647912933475
160.7036941667215 92.898541446055276 148.32646244295751
160.40476833770887 92.795943549556881 147.81644575658029
160.08489645124803 92.770730618791092 147.30944843471934
159.76502456478715 92.745517688025288 146.80245111285839
159.47021088393646 92.685435384174838 146.28334128792028
159.17539720308577 92.625353080324388 145.76423146298217
158.83842934688309 92.599659165912996 145.26845683006073
158.50146149068044 92.573965251501619 144.77268219713929
158.18980658803309 92.3657662022122 144.30414791074088
157.81933477796341 92.35832720631187 143.83224188271871
157.54935689723999 92.334243479006844 143.29695512032009
157.22440815052772 92.21991573582072 142.80569400935354
156.89945940381546 92.105587992634597 142.314432898387
156.50114985221643 92.171004728434681 141.87050705797864
156.21483866252385 92.014961855961602 141.36684395171895
155.89005496157338 91.896396106132684 140.87647907678962
155.56527126062289 91.777830356303753 140.38611420186035
155.24143512649582 91.773962052557835 139.88102490830943
154.91759899236877 91.770093748811931 139.3759356147585
154.57916055254196 91.603522992837583 138.90933770895339
154.25994172283669 91.5265037458188 138.40717501186185
153.92597116571511 91.385522490237534 137.9290662872493
153.62522977339984 91.31262039322084 137.41502358552225
153.32448838108454 91.239718296204131 136.90098088379523
153.02374698876932 91.16681619918748 136.38693818206815
152.66915399924287 91.115166828149114 135.90569380106194
152.36764786958477 91.059144599250416 135.38998500372782
152.03277481984875 91.042580842098758 134.89240517846403
151.73486785366555 90.987498852532184 134.37450807099489
151.38255018913839 90.91050092387627 133.89498374184694
151.07283880320335 90.771900060733302 133.40014168809824
150.76312741726832 90.633299197590333 132.90529963434955
150.41441635889336 90.672907151467626 132.41864595075444
150.10601816334363 90.449023827720538 131.95521654908725
149.7842341455879 90.423805891809351 131.4494309209548
149.40812031826039 90.383367824140109 130.98370229656479
149.03200649093282 90.342929756470866 130.51797367217478
148.74007134814434 90.188819407424575 130.01695084562704
148.37653947440893 90.073892875835398 129.55366209213167
148.04988342917818 89.962537457786055 129.06285072410392
147.71606853563429 89.864442952868913 128.57403062943376
147.34470379194468 89.726113333546053 128.12352741794427
147.03731414756561 89.748309515201427 127.60872751890736
146.65126771936298 89.706183539119024 127.15135069678897
146.28835177253882 89.57088295490162 126.69310865654043
145.97080291409111 89.334739801746281 126.24211072559572
145.65325405564343 89.098596648590984 125.79111279465096
145.2964194785938 89.138831762875355 125.31043595913634
144.94016194548652 89.104309578773453 124.82888763455287
144.58390441237924 89.069787394671565 124.3473393099694
144.24425819856359 88.899456316469212 123.88298193333033
143.90821435609263 88.786977607150192 123.39880936503751
143.57217051362164 88.674498897831185 122.91463679674469
143.22866859663276 88.450143295714113 122.4768343334994
142.83688806528858 88.475105042191586 122.02308889112837
142.50500094018088 88.348577246149134 121.53951712497947
142.17311381507318 88.222049450106667 121.05594535883054
141.85260040497724 88.103653009357771 120.56273806289235
141.53208699488121 87.985256568608833 120.06953076695422
141.1966465104619 87.776254526029305 119.61809103940455
140.81066474931657 87.696559966151668 119.16568982677461
140.43310477718745 87.612470828619195 118.70702057295992
140.2413431881609 87.379434522148841 118.18844408598747
139.94862076684308 87.200408687704169 117.69624155180138
139.64694217873225 87.076734848250837 117.19256029256064
139.3517750266729 86.941417074438988 116.68801549530694
139.05660787461349 86.806099300627139 116.18347069805327
138.53609652177107 86.867652830234903 115.89144485235643
138.13976552999549 86.66339563754687 115.48994672758697
137.85353984984744 86.53557520328242 114.9783445416962
137.56731416969939 86.407754769017941 114.46674235580539
137.29363803500246 86.221638707092978 113.96628038443207
136.91454247432267 86.051359275561879 113.53350853799296
136.62396180584068 86.0247275119021 113.00924369626796
136.34205866884992 85.856532205322026 112.50700773558893
136.06015553185912 85.688336898741966 112.00477177490988
135.64760362892957 85.562404208909328 111.58770836843465
135.41289312326009 85.3426917741766 111.08111442398584
135.08378806061287 85.164232866526646 110.61224101247653
134.76078051864039 85.011224662199979 110.13031299167089
134.4477568243185 84.947592215776652 109.62240839575227
134.14243940223898 84.783714019484108 109.13258678684284
133.83712198015945 84.619835823191565 108.6427651779334
133.52486538040571 84.408091915984627 108.17622436120783
133.20712954513715 84.215145797207981 107.7052511833779
132.88939370986856 84.022199678431335 107.23427800554798
132.55647402930416 83.933974613989207 106.74297278035995
132.22355434873975 83.845749549547094 106.25166755517189
131.96606209931599 83.543299993533793 105.80197654174818
131.65524483699969 83.331452259778942 105.33452262193455
131.340707324417 83.21225342249069 104.83767476758935
131.02616981183428 83.093054585202424 104.34082691324417
130.81428162442643 82.92321332876071 103.80579668639029
130.60239343701855 82.753372072318996 103.27076645953642
130.3905052496107 82.583530815877268 102.73573623268253
129.79166452960604 82.620673939709661 102.73892690914352
129.52568795072418 82.449920682168298 102.22892712039325
129.25971137184234 82.27916742462692 101.71892733164296
128.99373479296051 82.108414167085556 101.2089275428927
128.62475264831056 82.274014860706728 100.76572489488424
128.30380949623617 82.124781467723054 100.2812407490599
127.98286634416179 81.975548074739365 99.796756603235579
127.71005344716745 81.660626165838721 99.365019050400605
127.3977620876575 81.552515693983921 98.864233434941497
127.01505510662828 81.472797675599296 98.409062693113412
126.69540942885517 81.365006890410896 97.912869396796907
126.36261267678535 81.187545554450168 97.446228425545115
126.03594956522227 81.053935392719808 96.961007304584456
125.7092864536592 80.920325230989462 96.475786183623782
125.32781689925169 80.883262458812268 96.014150688911059
125.01739771424941 80.68400422495678 95.540931832753245
124.6776078565908 80.57506943471958 95.058566759278477
124.32067069227575 80.456795257837513 94.591012399001926
123.97896836828454 80.374528423005927 94.104728850374386
123.60142071431417 80.204827619868539 93.670379444485548
123.22387306034379 80.035126816731122 93.236030038596724
122.95183733859631 80.029790156110138 92.701270198905348
122.60892339453605 79.84763976979508 92.24385215844967
122.17016289675169 79.91723591138269 91.840558713598256
121.73140239896729 79.9868320529703 91.437265268746842
121.54184799131482 79.600052054150993 91.019568777197222
121.27900941202718 79.449139998753793 90.501745030374181
121.01617083273952 79.298227943356608 89.983921283551155
120.70873093993569 79.153028344836429 89.489555236069805
120.40129104713182 79.007828746316264 88.995189188588455
120.09385115432799 78.862629147796085 88.500823141107091
119.77050683384689 78.70618222537847 88.020226833507181
119.4124780699062 78.598568304223406 87.550935188402846
119.05444930596552 78.490954383068342 87.081643543298497
118.76287562295502 78.180456213701831 86.65906139247366
118.47130193994454 77.869958044335277 86.236479241648851
118.13274171638697 77.928720248199468 85.744621560584832
117.7941814928294 77.987482452063631 85.252763879520813
117.48685873875843 77.792152324764416 84.775900307626813
117.17953598468748 77.596822197465173 84.299036735732813
116.86611984746635 77.447848957709098 83.809570394943208
116.54430982360115 77.346359583722844 83.313447209123623
116.22573863164806 77.216473232474712 82.82187632774739
115.90716743969492 77.08658688122658 82.330305446371142
115.59362799942997 76.937209156915316 81.841041392022248
115.28464078882314 76.826170837735418 81.338848804108892
114.9756535782163 76.715132518555492 80.836656216195564
114.6562511270788 76.552971914053799 80.355318483875493
114.33684867594134 76.390811309552078 79.873980751555436
114.01142779246284 76.299986789338632 79.378145945270049
113.68600690898434 76.209162269125173 78.882311138984647
113.35210572144862 75.940277627438064 78.462536143984892
113.00376021644408 75.921629773157875 77.974368481522632
112.65541471143953 75.902981918877671 77.486200819060372
112.3030907150065 75.848171881262658 77.003641329138048
112.21676780831979 75.549007703256962 76.490758154936231
111.9005282817687 75.4342215025206 75.993951663465708
111.58428875521761 75.319435301784225 75.497145171995186
111.19550549356211 75.218529756827039 75.051425925772406
110.90088138637319 75.113423537073359 74.539420732407905
110.60625727918425 75.008317317319694 74.027415539043403
110.2980948372447 74.921913809436134 73.519901654303993
109.98993239530516 74.835510301552588 73.012387769564597
109.66779657190698 74.630123997149937 72.549737818470476
109.34566074850878 74.4247376927473 72.087087867376368
109.03284045863538 74.423597635825644 71.575089657893415
108.72002016876199 74.422457578903959 71.063091448410461
108.42065754295436 74.23501318729879 70.578069161989177
108.12129491714674 74.047568795693621 70.093046875567893
107.8074122352177 74.099313215659862 69.584322807936545
107.51514681797133 73.863284712607111 69.116485793979251
107.22288140072492 73.627256209554375 68.648648780021972
106.93533112506148 73.677874173176491 68.124480237733692
106.62326109915986 73.535143960109579 67.632301017112141
106.31119107325826 73.392413747042667 67.140121796490575
106.0064837160636 73.260613420197899 66.640339743676492
105.70177635886894 73.128813093353131 66.140557690862408
105.35141051137275 73.031676470923202 65.663265066269091
105.06473486569448 72.724464102245051 65.234968866535652
104.74285653955906 72.648439125481744 64.73435469766666
104.42251374062246 72.584053988480264 64.231130050711883
104.10217094168586 72.519668851478784 63.727905403757099
103.81747469534557 72.482705089881463 63.201045149374281
103.53277844900526 72.445741328284143 62.674184894991484
103.2121032823774 72.379599127564191 62.171400003818221
102.89142811574952 72.313456926844225 61.668615112644964
102.5931994766562 72.067261675863307 61.209869456296062
102.29497083756287 71.821066424882389 60.751123799947166
101.95569999210258 71.749069548885558 60.26152014057832
101.67732589293799 71.469143563927801 59.809691297032749
101.39895179377339 71.189217578970045 59.357862453487179
101.04651466869348 71.343977199213356 58.897604338069812
100.73081170695471 71.266546420466824 58.393286864198373
100.41510874521593 71.189115641720264 57.888969390326928
100.09024836468613 71.06191018688871 57.400825451080379
99.765387984156348 70.93470473205717 56.912681511833831
99.43730468910843 70.965484932973908 56.411269574658391
99.109221394060498 70.996265133890631 55.909857637482958
98.869212967144932 70.641908317380441 55.489349371687524
98.528716447341964 70.584488743716392 54.998671154764963
98.160416790386122 70.515228902972112 54.530100522793326
97.860018355237045 70.13920708201195 54.171815203080406
97.570308840752176 70.12492904889929 53.646587124063899
97.280599326267307 70.110651015786601 53.121359045047392
96.984868918562569 69.913513345818174 52.637954178462245
96.675033585895363 69.777596613689994 52.142445643158773
96.364552436177959 69.643049647952267 51.646967520855739
96.048692061657107 69.485971284315383 51.161623713349449
95.740254644028497 69.437289989206832 50.649279599581028
95.410228216416073 69.280537639052909 50.173347610953861
95.092886429386283 69.173672104224352 49.675478202704525
94.775544642356493 69.066806569395794 49.177608794455182
94.427884134753512 69.001899118417157 48.692924160635741
94.104429309813113 68.965075676552402 48.188919190072944
93.797978742783897 68.783183779356236 47.70621494552784
93.485527848701977 68.695652983421439 47.201524150535086
93.173076954620029 68.608122187486657 46.696833355542324
92.852118290584457 68.539802157709872 46.194520793971542
92.553900617669385 68.415878382121434 45.688843903650238
92.275419560003328 68.138236020642452 45.23567393594103
91.930482034049959 68.1324463357996 44.74477213034384
91.577667964331141 68.03717290429482 44.268909539402138
91.224853894612323 67.94189947279007 43.793046948460422
90.764452538824543 67.723572816128154 43.476244071927397
90.304051183036762 67.505246159466239 43.159441195394379
90.361839431833801 67.712918456491792 42.599501256339217
90.041341796432931 67.542120044120921 42.121893500922667
89.730987527526906 67.429787132322474 41.620833080714988
89.420633258620882 67.317454220524056 41.119772660507309
89.089559134183361 67.110401544472623 40.664230002276632
88.75848500974584 66.90334886842119 40.208687344045956
88.432877578257688 66.86276890808567 39.706359694618968
88.107270146769508 66.822188947750121 39.20403204519198
87.745105924079738 66.684947992505585 38.745772297879299
87.43071032173998 66.561328930872961 38.249915733104267
87.089817076706282 66.385043323233631 37.788705173782787
86.756670503606614 66.332482197275212 37.292468648655976
86.402383469549875 66.137107860996807 36.849400294761182
86.075382649524187 66.127628819210884 36.346428514768157
85.760581470291498 65.949067478635982 35.867872284837134
85.422813551425662 65.886907459525929 35.375887564536505
85.113798189377093 65.705731409436083 34.894551149030853
84.75823134606371 65.652308966027206 34.414219740026212
84.426420752228836 65.59449575729073 33.917672297464534
84.180104295480561 65.435165583653728 33.39427751443381
83.862793216101608 65.36083503091109 32.890503112709851
83.545482136722626 65.286504478168453 32.386728710985906
83.196885639856106 65.140732102728023 31.920648356400086
82.864657200352354 65.008436269973018 31.438857866020129
82.532428760848603 64.876140437217998 30.957067375640172
82.214497069650392 64.839702288736575 30.449532449682273
81.870199685010618 64.678486239033433 29.985346391890442
81.525902300370845 64.517270189330276 29.521160334098607
81.242004248182838 64.476453542937705 28.994153790172327
80.933080869196672 64.393616742294711 28.486507840346075
80.624157490210521 64.310779941651745 27.978861890519806
80.329816863983311 64.124762307564751 27.49023009093974
80.035476237756114 63.938744673477757 27.001598291359677
79.666502811304639 63.833217804806544 26.540379589916302
79.297529384853163 63.727690936135318 26.079160888472934
79.037741709491371 63.627146845218647 25.547746502600795
78.723697301007931 63.419611783775551 25.08051496709394
78.42455997183616 63.295236484677659 24.575492548512056
78.131310054662436 63.124435438345188 24.080688053130967
77.838060137488711 62.953634392012717 23.585883557749874
77.513201528571372 62.913892021988566 23.083004418952932
77.188342919654033 62.874149651964402 22.58012528015599
76.841311795370302 62.659541864369942 22.140224272789354
76.533611959170699 62.459826892881992 21.665424587694361
76.225912122971096 62.260111921394049 21.190624902599364
75.929471930126155 62.212767822898513 20.671123460441883
75.605157358582829 62.355112628850449 20.186811562071448
75.280842787039504 62.497457434802399 19.702499663701023
75.159524410938985 61.936571645599223 19.527316950255141
74.823721393702584 61.764377398106411 19.060856368056271
74.487918376466169 61.592183150613593 18.594395785857408
74.252598684424157 61.49685094607436 18.050763177090293
73.941174454765999 61.383913491023499 17.550503164268498
73.595474955830099 61.219846035162689 17.088362789097893
73.262439552358487 61.112692557705678 16.600914789508831
72.973530536194659 60.888575854055453 16.125201342648012
72.526006955720732 60.748741315011145 15.678046939203508
