-14.165873924056498 -119.00275816379624 419.08146489309394
-77.376263456851433 -113.0627505289312 7.9620466524627105
-14.165873924056498 -119.00275816379624 419.08146489309394
-14.215970977576049 -119.20553886576644 418.51899687432558
-14.266068031095605 -119.4083195677367 417.95652885555728
-14.290224781698097 -119.05825180928255 417.46983694490825
-14.345128236824388 -118.77070815255942 416.94609630671658
-14.338432891001005 -118.54300894125682 416.39102131942525
-14.341216216006794 -118.29942982332975 415.84269526094204
-14.326284959892741 -118.17209649756364 415.25655254646017
-14.311353703778687 -118.04476317179756 414.6704098319783
-14.529188091558558 -118.05116142683453 414.11138636034849
-14.747022479338431 -118.0575596818715 413.55236288871868
-14.873010216665355 -117.8593468854659 413.0002408212514
-14.998997953992291 -117.66113408906031 412.44811875378412
-15.070601681117589 -117.63889126032868 411.85282205227151
-15.142205408242891 -117.61664843159706 411.2575253507589
-15.234882394835655 -117.62278950434339 410.66475788928545
-15.327559381428429 -117.6289305770897 410.07199042781201
-15.295685947338944 -117.28073264109887 409.58440219828731
-15.263812513249466 -116.93253470510805 409.09681396876255
-15.405080833813528 -116.9275741597132 408.51370278331467
-15.546349154377591 -116.92261361431835 407.93059159786685
-15.591351828112462 -117.06023412176903 407.34832417194838
-15.585050447594753 -117.05204065392688 406.74841321214825
-15.598661511936168 -117.00529874366316 406.150391529638
-15.632246524186064 -116.84311260438054 405.57370469679302
-15.649834863378743 -116.85046185867975 404.97400757425055
-15.667423202571424 -116.85781111297896 404.37431045170808
-15.788711527159595 -116.85259520371646 403.78672051254205
-15.881326584557391 -116.80139355795264 403.19612687677017
-15.93673361206992 -116.77692617499767 402.5991918648354
-15.992140639582454 -116.75245879204272 402.00225685290059
-16.025851708754828 -116.77424784644052 401.40360102446186
-16.116195239060453 -116.81651789783689 400.81194970038075
-16.180358204943509 -116.96869547591518 400.23512641848299
-16.244521170826566 -117.12087305399345 399.65830313658523
-16.392499514577288 -117.14869291578444 399.07750328717867
-16.540477858328011 -117.17651277757541 398.49670343777206
-16.634540990938113 -117.31194092586797 397.91980540195152
-16.760700764181554 -117.28186052308349 397.33399068637715
-16.848822532032635 -117.26436796913063 396.74075501264622
-17.022011749163422 -117.31233153963012 396.1682997821045
-17.096357881513093 -117.47758301100912 395.59631673706582
-17.170704013862768 -117.6428344823881 395.02433369202714
-17.482450532742561 -117.54544975903215 394.52101438619513
-17.547745182166558 -117.38238060983682 393.94730273271637
-17.613039831590559 -117.21931146064148 393.37359107923766
-17.735248408472362 -117.22341165712973 392.78618299951347
-17.836214927619771 -117.37346524810785 392.21409062773608
-18.006072296509934 -117.27174386201207 391.64769744818284
-18.06756879244708 -117.11735460425027 391.07117152675761
-18.178631682860097 -117.10617792860337 390.48164619541501
-18.307070000925638 -117.17598110583103 389.89972599908094
-18.435508318991179 -117.24578428305873 389.31780580274693
-18.52508776352051 -117.03877245437646 388.76181872924303
-18.671421800584699 -117.06743150279051 388.18064318903123
-18.781548042210574 -117.14957505193297 387.59658441781067
-18.891674283836451 -117.23171860107543 387.01252564659012
-18.980212627579185 -117.15539428856516 386.42402283350668
-19.068750971321915 -117.0790699760549 385.83552002042319
-19.131300176252577 -117.07539048735148 385.23880060702572
-19.193849381183242 -117.07171099864804 384.64208119362826
-19.261903876062647 -117.00756390340052 384.04941456229324
-19.309380350255367 -117.03252961615161 383.45181712456019
-19.327224743642141 -117.01095226811658 382.85247081759201
-19.345069137028915 -116.98937492008156 382.25312451062376
-19.486894544157433 -117.00860630969767 381.6704447464769
-19.537318287442677 -117.21321374410222 381.10866788339024
-19.587742030727917 -117.41782117850676 380.54689102030363
-19.735129632974285 -117.45994050992144 379.96680235757589
-19.773788796977225 -117.5785453862291 379.37991365232199
-19.812447960980162 -117.69715026253675 378.79302494706803
-19.864401186891332 -117.70378050542467 378.19531523307916
-19.916354412802502 -117.7104107483126 377.59760551909028
-19.948470842301155 -117.78997314320804 377.00377190579883
-20.012681215023385 -117.75844952277339 376.408051090828
-20.059955222511082 -118.14606826034701 375.95251088129879
-20.177086012576076 -117.78326149806499 375.48920576449007
-20.201742767395054 -117.90753120000502 374.90273403829895
-20.257923145859632 -117.98804234289378 374.31082042893837
-20.313056889193174 -118.13720937199029 373.73227961985356
-20.452126628563001 -118.28859689663372 373.16859404706145
-20.54342244432943 -118.21721303208669 372.57989257950265
-20.634718260095863 -118.14582916753966 371.99119111194386
-20.591942300477406 -118.32261475473167 371.41942448696489
-20.54916634085895 -118.49940034192366 370.84765786198585
-20.82429846355986 -118.38526873378726 370.32681595595079
-20.839240878821393 -118.4380054380064 369.72932489806436
-20.854183294082926 -118.49074214222551 369.13183384017793
-20.90943302261369 -118.44757372244722 368.5359446264552
-20.967620177140294 -118.97731204209094 368.260278945332
-21.023540806388205 -118.87860956741243 367.67110095463914
-21.142610941727209 -118.80130871110389 367.08813707884212
-21.205427910152903 -118.86127701972069 366.49445548872882
-21.283081783020982 -118.72358951112703 365.91565325479576
-21.383040538967602 -118.95952460131882 365.37311949517726
-21.454765786181053 -119.01470344612406 364.7799830993979
-21.513622800396611 -118.97969632309669 364.18390394927189
-21.572479814612166 -118.94468920006932 363.58782479914584
-21.655820384813659 -119.17793994090513 363.04133743309058
-21.739160955015148 -119.41119068174093 362.49485006703532
-21.80409872126673 -119.09482470392649 361.98918648856068
-21.958257459195885 -119.1397496822218 361.41107159526939
-22.112416197125036 -119.18467466051709 360.83295670197805
-22.141201085807396 -119.39567334266681 360.27201910623796
-22.417788522740686 -119.32845488436494 359.74383252121885
-22.362073552321846 -119.22970471661358 359.15464303859011
-22.392667368291786 -119.38021354858236 358.57463346114866
-22.452199956126279 -119.44211002864017 357.98081135248128
-22.511732543960768 -119.50400650869797 357.3869892438139
-22.617947833617997 -119.54469035837371 356.79786859690142
-22.724163123275229 -119.58537420804946 356.20874794998895
-22.774867354436662 -119.58413786530596 355.61089549963106
-22.806027214394277 -119.72535858764445 355.02858478299464
-22.898396374093661 -119.86813250884177 354.45318618570548
-22.990765533793041 -120.01090643003909 353.87778758841625
-23.138413193577421 -120.27178882554577 353.35803712494857
-23.118793761478219 -120.17028184701276 352.76701139691875
-23.099174329379018 -120.06877486847975 352.17598566888887
-23.314012861418018 -120.41610774809612 351.73643558540721
-23.309553330672355 -120.43851123331781 351.13687057939416
-23.305093799926688 -120.46091471853947 350.5373055733811
-23.324752160110314 -120.48104764645174 349.93796575817726
-23.359153783472188 -120.22531140310009 349.3962873460668
-23.412573905087033 -120.30904941521206 348.80456592856177
-23.494824588215504 -120.51926939545248 348.24865012105795
-23.554419564667249 -120.70989195160841 347.68286616947728
-23.574632925494999 -120.59399140502208 347.09451382322118
-23.594846286322745 -120.47809085843576 346.50616147696508
-23.652770598267857 -120.43106001501368 345.91081882449282
-23.710694910212972 -120.38402917159165 345.31547617202057
-23.713350373372414 -120.32794756088238 344.71810877966004
-23.761164696093466 -120.32011860622133 344.12006823085784
-23.808979018814512 -120.31228965156031 343.52202768205564
-23.822066065966954 -119.93723832866367 343.05387681493022
-23.842749807657277 -119.7551042835033 342.48256308988658
-23.797638134789615 -119.70509228004062 341.88635529349278
-23.987082422792337 -119.95995528916686 341.37728191143253
-23.910981907399119 -120.15805244873357 340.81606339166643
-23.834881392005897 -120.35614960830029 340.25484487190027
-24.041924139264019 -120.22843605337263 339.70637194759536
-24.218392396351412 -120.21810728225049 339.13300272037122
-24.270611326692702 -120.13817508183509 338.54064807436026
-24.322830257033992 -120.05824288141966 337.9482934283493
-24.345775794405576 -120.12946052091824 337.3529770837568
-24.376804394554085 -120.05808539843488 336.75804614838421
-24.407832994702598 -119.98671027595155 336.16311521301162
-24.611126713715329 -120.28950173988292 335.68668159415137
-24.597799603147582 -120.38480438759186 335.0944487062909
-24.584472492579838 -120.48010703530079 334.50221581843044
-24.634827572123079 -120.47119398002557 333.90439902089975
-24.685182651666317 -120.46228092475039 333.30658222336905
-24.735537731209558 -120.45336786947519 332.70876542583835
-24.835630561979908 -120.5420610524973 332.12385949792025
-24.870999536997441 -120.6283228034163 331.5311471343453
-24.896490358271738 -120.76727229836908 330.94801485442662
-24.915709028236645 -120.87971751601188 330.35895907119891
-24.979421926687195 -121.09651660634272 329.80313641872533
-25.043134825137756 -121.31331569667361 329.24731376625175
-25.044847058613975 -120.89902819251888 328.81330577996835
-25.038255519860943 -120.84026608866516 328.21622658357353
-25.116092390663148 -120.86734013399038 327.62191318341036
-25.175238709346633 -120.93309943298013 327.02846779621575
-25.203187111415694 -121.11941443157147 326.45881385905597
-25.231135513484752 -121.3057294301628 325.88915992189612
-25.297893344441693 -121.18043670562103 325.3061975515987
-25.342159225555086 -121.26276418326336 324.71352334244636
-25.456036400617059 -121.3705137475325 324.13436704195431
-25.480664426517802 -121.36394582192273 323.53490868419004
-25.505292452418544 -121.35737789631294 322.93545032642578
-25.556540529928746 -121.19021659412837 322.36148975843923
-25.607788607438948 -121.02305529194379 321.78752919045263
-25.643092711541271 -121.30452512976122 321.25882478283665
-25.654211381735728 -121.54428842898122 320.70892485055782
-25.726095681580112 -121.36050499300651 320.14230655214413
-25.797979981424504 -121.17672155703183 319.57568825373045
-25.846007810567194 -121.23644335050093 318.9806028522857
-25.880042172411542 -121.24905785408377 318.38170174482872
-25.900581615802004 -121.21694051571076 317.78291412985902
-25.921121059192462 -121.18482317733772 317.18412651488939
-26.093831299970553 -121.16877041298559 316.60974555987167
-26.120674334430447 -121.24216914225265 316.01485726948181
-26.181811370948584 -121.19801727241622 315.4196154067439
-26.24294840746672 -121.1538654025798 314.82437354400594
-26.322840776660627 -121.13822381195034 314.22992207417246
-26.383876404476734 -121.1322063456017 313.63306493696473
-26.464505824975966 -121.28942929313546 313.05967166762969
-26.545135245475201 -121.44665224066918 312.48627839829459
-26.571400240893041 -121.27871923598609 311.91085798159577
-26.6320385225225 -121.45516385421385 311.34060339327624
-26.685340648708397 -121.63515171662455 310.77072335964738
-26.738642774894295 -121.81513957903522 310.2008433260184
-26.805174599160516 -121.69893647109855 309.6159755169661
-26.87170642342674 -121.58273336316188 309.03110770791375
-27.02611159650878 -121.68116670755118 308.45973224533435
-27.059525597196448 -121.66676071245334 307.86083661848164
-27.092939597884122 -121.65235471735548 307.26194099162893
-27.153001630745468 -121.72703552008474 306.669644334613
-27.412483650073646 -121.40585563692041 306.23431392642181
-27.38904628923849 -121.76856621162135 305.75693385863804
-27.426925662963157 -121.84416037518736 305.16292150566807
-27.464805036687817 -121.91975453875334 304.56890915269798
-27.598824575971815 -121.64458075637246 304.05284893084371
-27.732844115255809 -121.36940697399159 303.53678870898943
-27.680826934724301 -121.81348810264822 303.13668101836026
-27.744704696987498 -121.87946649479258 302.54375059810991
-27.835672840067936 -121.92837906705397 301.95270715028289
-27.930702769113299 -121.98477982415969 301.36297138980746
-28.025732698158652 -122.04118058126542 300.77323562933202
-28.103341577603267 -121.81669207119005 300.2222530790861
-28.218088951370408 -121.83586468410481 299.63363991993356
-28.275491577140286 -121.90929968667297 299.04092393486775
-28.457887227518182 -121.8872362124788 298.46974530271342
-28.640282877896077 -121.86517273828466 297.89856667055903
-28.801056852181517 -121.94539608770624 297.32610187391208
-28.824423219175593 -121.97981718908993 296.72754594446775
-28.853033884176615 -121.99329069533239 296.12837994536756
-29.001716268492295 -122.1217100324729 295.561456650342
-29.036898060088749 -122.46368123604653 295.06970677747324
-29.180530002147645 -122.53100934912204 294.49105594112189
-29.324161944206558 -122.59833746219753 293.91240510477053
-29.439645835034071 -122.65905542993205 293.3267628937291
-29.577949785396491 -122.54214123047566 292.75474620928742
-29.669342842841694 -122.27757446195019 292.22403750006663
-29.761644028705774 -122.34252006525158 291.63474762258704
-29.853945214569858 -122.40746566855296 291.04545774510746
-29.938185327379273 -122.49620947490887 290.45806678482006
-30.071478852337258 -122.36403221890282 289.88818784223753
-30.156568006326125 -122.48625906570615 289.30696462023587
-30.25998075603426 -122.39733012219355 288.72267235928803
-30.36339350574239 -122.30840117868097 288.13838009834018
-30.466806255450535 -122.21947223516841 287.55408783739233
-30.591763043299114 -122.41572287441745 287.00103134139488
-30.683588411917622 -122.21995082073374 286.44135160737324
-30.79618925454945 -122.2225554522521 285.85201785971128
-30.908790097181253 -122.22516008377059 285.26268411204939
-31.116199470079874 -122.19036749467321 284.70074921566214
-31.131893849012187 -122.23805877105087 284.1028535486538
-31.189955851388032 -122.25579865236948 283.5059330342711
-31.21843597961896 -122.50523318864937 282.96098230768496
-31.435414727014823 -122.26090638681683 282.45776800235888
-31.460723312221482 -122.10466927522513 281.87901983564359
-31.531443583619698 -122.26296585063578 281.30461506770843
-31.630291646931529 -122.12700559597747 280.72864295941434
-31.714718448508034 -122.0753379327773 280.13686380486854
-31.799145250084536 -122.02367026957714 279.54508465032268
-31.883572051661037 -121.97200260637696 278.95330549577682
-32.022363447393715 -122.03752268519914 278.37326750758837
-32.16115484312639 -122.1030427640213 277.79322951939992
-32.241495876874282 -121.96574425062227 277.21470170112781
-32.321836910622167 -121.82844573722318 276.63617388285564
-32.454365888174166 -121.85965773919975 276.05182648529012
-32.586894865726158 -121.89086974117632 275.4674790877246
-32.654507634352953 -121.44599298031451 275.07059978470699
-32.746129255009933 -121.59856459377151 274.49760119710373
-32.839963500742819 -121.83643929146061 273.95482061295661
-32.957853160045552 -121.80418977907452 273.36740083359916
-33.075742819348278 -121.77194026668845 272.77998105424177
-33.161163695722678 -121.45177366919901 272.27978446915597
-33.266600599088854 -121.54600037556722 271.69668551767734
-33.372037502455029 -121.64022708193545 271.11358656619865
-33.500270647931579 -121.53279128939971 270.53738017011875
-33.628503793408129 -121.42535549686397 269.96117377403885
-33.754762633085335 -121.37794735247894 269.3765275791061
-33.829684271723409 -121.36136811556113 268.78145457772979
-33.904605910361489 -121.34478887864331 268.18638157635348
-34.064530438492667 -121.27331882988037 267.61252081150559
-34.224454966623838 -121.20184878111743 267.0386600466577
-34.384379494754988 -121.13037873235446 266.4647992818098
-34.512353443700249 -121.15011924484868 265.87893839340893
-34.640327392645503 -121.16985975734289 265.29307750500811
-34.770907378112042 -121.11202737391459 264.71032173899414
-34.901487363578589 -121.05419499048631 264.12756597298011
-34.95353698012012 -121.0896548849948 263.53088060086236
-35.100209831096521 -121.04264033078918 262.95098689812079
-35.246882682072915 -120.99562577658358 262.37109319537927
-35.332956484100883 -121.01488232889611 261.77761153113221
-35.500365566494843 -121.02309532225448 261.20149804763082
-35.463331358514907 -120.43061755580477 261.11432830688284
-35.572114560143724 -120.6702555772694 260.57512534536289
-35.694630503694199 -120.80450273966646 260.00331458736315
-35.817146447244667 -120.93874990206351 259.43150382936335
-35.921350451284454 -120.6998739618854 258.89105974275856
-36.056845275462592 -120.55215833411035 258.32553233764725
-36.167673591191502 -120.73451375521719 257.76476180986816
-36.254156372840136 -120.57584192237773 257.19262198609982
-36.426704959873305 -120.33702098613249 256.66994469988606
-36.541014764193406 -120.51912600022033 256.10979201312966
-36.650277481821114 -120.47530628244219 255.52145410778067
-36.768397632995132 -120.06321574697672 255.1016577041915
-36.886517784169136 -119.65112521151127 254.68186130060229
-36.86886782493211 -120.1098232434488 254.29548765445708
-37.07016488676679 -119.9231812789543 253.76196701756811
-37.17682876892794 -120.00486173161516 253.17720114998056
-37.283492651089098 -120.08654218427606 252.59243528239298
-37.298148660811094 -119.95301906217783 252.00766457754861
-37.312804670533083 -119.81949594007958 251.42289387270426
-37.433391882107102 -119.79775964589365 250.83553856463269
-37.553979093681122 -119.77602335170771 250.24818325656111
-37.653525223918948 -120.20377215841836 249.83937825865593
-37.753071354156781 -120.631520965129 249.43057326075069
-37.943749244672127 -120.54957462706531 248.86761079331026
-38.035892171603535 -120.55869645096323 248.27479845087356
-38.128035098534959 -120.56781827486108 247.68198610843683
-38.287849048634079 -120.34945099935855 247.14647211763614
-38.407734630032081 -120.09031606755457 246.61876335847836
-38.52762021143009 -119.83118113575058 246.09105459932061
-38.5999197677436 -119.99945462905634 245.51969061234951
-38.694148033019943 -120.05365382389569 244.92961986972469
-38.788376298296285 -120.10785301873503 244.33954912709987
-39.027662489335853 -120.05468371062993 243.79190403814772
-39.042622558892504 -119.89801739326731 243.21291192997796
-39.204464560998929 -120.03118963871529 242.65070883553921
-39.295655580068079 -119.99015650314932 242.05910045170177
-39.386846599137243 -119.94912336758333 241.4674920678643
-39.528947026636281 -119.93906881539456 240.88464871456526
-39.671047454135312 -119.92901426320577 240.30180536126622
-39.790659375131149 -119.78304071550608 239.73225754788473
-39.910271296126986 -119.63706716780639 239.16270973450324
-39.984362259750007 -119.83643397749572 238.6016719422791
-40.155527033654629 -119.84554949377585 238.02667670096216
-40.244040051848415 -119.75410775023667 237.44032880666327
-40.305435474248426 -119.75278166761341 236.84347971048132
-40.437285532272419 -119.63441331640652 236.27023936330428
-40.569135590296426 -119.5160449651996 235.69699901612725
-40.640555044999793 -119.55324234238928 235.10242722347303
-40.711974499703153 -119.59043971957894 234.50785543081878
-40.839632186755829 -119.34289761735363 233.97641736052066
-40.954999419502421 -119.45314241037764 233.39802606803823
-41.070366652249007 -119.56338720340166 232.81963477555581
-41.155419213132276 -119.44253099930214 232.23811965123159
-41.270296724934447 -119.50201837423955 231.65223194056921
-41.38517423673661 -119.56150574917699 231.06634422990683
-41.478733496237041 -119.68371711156549 230.48642091785177
-41.556570985198796 -119.38732721884989 229.97057757263138
-41.641106527579346 -119.35318459976153 229.37754466997234
-41.725642069959903 -119.31904198067318 228.78451176731332
-41.830333090256097 -119.37407593313996 228.19628472411893
-41.970765339742506 -119.32614452405362 227.61492307821581
-42.061451497552028 -119.33999542724651 227.02197774071624
-42.152137655361543 -119.35384633043941 226.42903240321667
-42.244511787199528 -119.16973134057176 225.86550007027276
-42.367109099631946 -119.19369107494629 225.27864759297285
-42.448799139152847 -119.13596743533915 224.6870440780462
-42.530489178673733 -119.07824379573204 224.09544056311955
-42.675688395922307 -119.01296444074528 223.51694614385269
-42.820887613170882 -118.94768508575854 222.93845172458583
-42.995378543036033 -118.97828299369607 222.36520074689398
-43.020829586511006 -118.92180140750779 221.76840758774443
-43.046280629985986 -118.8653198213195 221.17161442859486
-43.215140414990699 -118.82190451611291 220.5975051321347
-43.311869901534521 -118.83288361941641 220.00545541655029
-43.408599388078336 -118.8438627227199 219.41340570096585
-43.547254579996363 -118.7027177669557 218.84696696710625
-43.657191924581412 -118.86556553265082 218.28005040757239
-43.774869236935736 -118.74806712388417 217.70355567724579
-43.89254654929006 -118.63056871511753 217.12706094691916
-44.008605140026717 -118.75397761116399 216.5514737268623
-44.113992871197659 -118.84274910825339 215.96751050248668
-44.253871529684858 -118.87882141318271 215.38515944881124
-44.336348540508219 -118.70990821033391 214.81536486074552
-44.385253612057276 -118.57563373049982 214.23263108101236
-44.52637138376555 -118.64042027671692 213.65307221606651
-44.741399146895795 -118.55275724701178 213.09982882089025
-44.842167129356866 -118.62544892206859 212.51283500994492
-44.942935111817924 -118.69814059712539 211.92584119899954
-45.037581973425503 -118.30341566527761 211.48398805624097
-45.047951423324236 -118.29704942718372 210.88411144766104
-45.21444029339883 -118.03005882199754 210.37323232997898
-45.380929163473482 -117.76306821681138 209.86235321229691
-45.3973118107997 -118.34994028601004 209.73860838104707
-45.483862870398283 -118.30823003569257 209.14635069295781
-45.57041392999686 -118.26651978537511 208.55409300486858
-45.664019816096932 -118.23855972835409 207.96209961529502
-45.790254631744105 -118.1046486598359 207.39101941335588
-45.916489447391285 -117.9707375913177 206.81993921141674
-45.92983202809252 -117.70955365507777 206.27993464940783
-46.09703490515809 -117.80676646505692 205.71196205545897
-46.168201516573255 -117.92977930680907 205.12903568430755
-46.221358964687035 -117.83588238566374 204.53881737392618
-46.369821966486619 -117.66787467300303 203.98228152999232
-46.461841086660449 -117.70760162616841 203.3907122181491
-46.55386020683428 -117.74732857933377 202.79914290630592
-46.666260830079082 -117.76876915676391 202.21015529902232
-46.778661453323892 -117.79020973419406 201.62116769173872
-46.798178218057409 -117.47790671620783 201.10922441279951
-46.867623414189666 -117.50280118781066 200.51377699277171
-47.002669641895245 -117.57955844121355 199.93423334434431
-47.137715869600825 -117.65631569461641 199.3546896959169
-47.184575061588632 -117.639081223592 198.75677064693556
-47.283584538478934 -117.46857143429133 198.19009301790953
-47.354239784548717 -117.66177911608244 197.62646315008871
-47.424895030618501 -117.85498679787358 197.06283328226789
-47.528004397204 -118.09603929949319 196.52314619701824
-47.609202414177147 -117.90692921977173 195.95954681821502
-47.709089988654839 -117.81869987658629 195.37453565980348
-47.808977563132537 -117.73047053340088 194.7895245013919
-47.876674382093341 -117.45396636437485 194.26135541368058
-47.970890253770044 -117.73468963842126 193.73951462097378
-48.055623836465642 -117.66172606261247 193.15002625249753
-48.140357419161234 -117.58876248680369 192.5605378840213
-48.197383501812979 -117.31901350202091 192.02763685089596
-48.31615581096333 -117.46711386659274 191.45846251855761
-48.379567896903453 -117.28100877885409 190.8915905721054
-48.39697246808344 -117.35244365019597 190.29611249521389
-48.535287508723655 -117.23636381143254 189.72392859071698
-48.673602549363878 -117.12028397266909 189.15174468622004
-48.7618717969047 -117.1360156799014 188.55848163046304
-48.850141044445522 -117.1517473871337 187.96521857470603
-48.936316743784332 -117.14730858253813 187.37145595727611
-49.022492443123141 -117.14286977794256 186.77769333984619
-49.108668142461951 -117.13843097334703 186.18393072241628
-49.119394529734627 -117.16398696423978 185.58457120097231
-49.130120917007289 -117.18954295513251 184.98521167952831
-49.177137824881818 -116.78400221514725 184.5455230185577
-49.264632476494263 -117.03517772122225 184.00769818546871
-49.35212712810673 -117.2863532272972 183.46987335237969
-49.389249322859172 -117.0825145057762 182.9067821357323
-49.426371517611607 -116.87867578425524 182.34369091908491
-49.541777149727963 -116.65669745851758 181.79834042355148
-49.602494898856897 -116.56438893049472 181.208601082321
-49.627664574501701 -116.72051250633902 180.62981622030964
-49.687332540292005 -116.84567515145201 180.04605766908597
-49.813850752042988 -116.93409391512898 179.46625143910461
-49.874821811307534 -116.66678788404593 178.93255675515246
-49.935792870572087 -116.39948185296286 178.39886207120031
-49.955203632219323 -116.7425828140899 177.90702373108644
-50.048631457702669 -116.78390146180575 177.31578434574712
-50.150180970809203 -116.78483066142141 176.72444110111172
-50.241704204660365 -116.75289251029297 176.13232333227862
-50.286605704946723 -116.72873271091521 175.53449379188598
-50.326597631720603 -116.72218531669118 174.93586387497422
-50.366589558494482 -116.71563792246715 174.33723395806243
-50.506495264970731 -116.69331826174189 173.75420031748885
-50.64640097144698 -116.67099860101659 173.17116667691528
-50.723652820199646 -116.64573880482264 172.57669708596842
-50.80090466895232 -116.62047900862868 171.98222749502153
-50.875770286690006 -116.68137683866227 171.3900395235311
-50.951842905643133 -116.677864543472 170.79489196163732
-50.992740568941173 -116.60519259136724 170.20071507845012
-51.033638232239213 -116.53252063926247 169.60653819526291
-51.157982549254271 -116.54624019999524 169.01972454129825
-51.20104517585149 -116.56614575022552 168.42160299908414
-51.323959870044632 -116.40096623686766 167.85803604980634
-51.446874564237781 -116.23578672350982 167.29446910052857
-51.441233173837404 -116.49610909950107 166.75391342784295
-51.517956756487024 -116.29804617743824 166.19276766178092
-51.563485540698608 -116.44647666566047 165.61320272152457
-51.686782605522559 -116.43761227720111 165.02607474874262
-51.752877168913436 -116.33974647176099 164.43781137846048
-51.818971732304327 -116.24188066632084 163.84954800817832
-51.982201357315986 -116.27028140096301 163.27287696868498
-52.145430982327653 -116.29868213560519 162.69620592919165
-52.16899347456134 -116.28262026807241 162.09688395781808
-52.19255596679502 -116.26655840053964 161.49756198644451
-52.242821166914609 -115.94445427564092 160.99385339769486
-52.513976091303405 -116.04136250766433 160.46746589637496
-52.541814504921476 -116.00706286123616 159.869094308662
-52.569652918539546 -115.97276321480801 159.27072272094901
-52.64023737513984 -115.71713905336681 158.73250889487809
-52.70291493193541 -115.87768632579328 158.15779496848467
-52.765592488730967 -116.03823359821975 157.58308104209124
-52.900996787630525 -115.80000769202488 157.04930759440282
-53.036401086530077 -115.56178178583005 156.51553414671443
-53.076002581849579 -115.64010965926423 155.92198847381997
-53.169169152050401 -115.94574420913713 155.41414252067963
-53.336671372862327 -115.77879978213325 154.86271476991311
-53.36346300374489 -115.5407778093236 154.31259864674053
-53.391023542169663 -115.66849056120729 153.72699650387557
-53.555342834992189 -115.61340036295272 153.15257136509544
-53.679862227802403 -115.70547292114027 152.57290114432936
-53.699855489121852 -115.84001350383593 151.98852190007977
-53.906154113981323 -115.57106049598205 151.49344094008694
-53.926865361131583 -115.41369146561983 150.91481668158721
-54.03320202183032 -115.55574288288332 150.34165535225239
-54.189530839401485 -115.45380996739513 149.77141769869303
-54.275761640539244 -115.20636002671229 149.23166518522856
-54.355390567593965 -115.4149871587684 148.6747684679226
-54.510756799444735 -115.2927538669674 148.10827013926138
-54.605724076259904 -115.45909202071311 147.53966409379333
-54.694382069783593 -115.43063970677096 146.9469329354967
-54.783040063307261 -115.40218739282886 146.35420177720005
-54.925318593767727 -115.45801007365438 145.77399435905076
-55.122253852797769 -115.34788546511636 145.21803655998224
-55.319189111827825 -115.23776085657835 144.66207876091372
-55.589768474604838 -115.14416193016766 144.13479700566899
-55.202595877281077 -114.88423133887196 143.75726095760174
-55.216767627279559 -114.85805312378825 143.15799986045209
-55.37112332980977 -114.93381811004228 142.58316598535916
-55.52547903233998 -115.00958309629632 142.00833211026625
-55.679834734870326 -115.08534808255021 141.43349823517335
-55.528190176532199 -114.72834855111064 140.9757261712831
-55.376545618194072 -114.37134901967106 140.51795410739285
-55.56442398627987 -114.23418089682691 139.96488392660126
-55.752302354365668 -114.09701277398275 139.41181374580967
-55.979239852363136 -114.36026092518583 138.92273319734059
-56.183510639783968 -114.57104629593428 138.39943311814613
-56.3877814272048 -114.78183166668271 137.87613303895168
-56.424749756003145 -114.887035859096 137.28658624643685
-56.506280077518127 -115.00422504628841 136.70381742342138
-56.587810399033081 -115.12141423348073 136.12104860040589
-56.707495985008833 -115.05896308583256 135.53643315871187
-56.827181570984578 -114.9965119381844 134.95181771701789
-56.941705159052233 -114.90147761404653 134.3705666309873
-57.056228747119881 -114.80644328990866 133.78931554495665
-57.131971569139466 -114.92646119509911 133.20634150835966
-57.230021080439215 -115.0269064708762 132.6229916648627
-57.328070591738957 -115.12735174665332 132.03964182136571
-57.431860858319908 -115.04610130605845 131.4542992323922
-57.535651124900845 -114.96485086546359 130.8689566434187
-57.639441391481796 -114.88360042486872 130.2836140544452
-57.728260945751707 -114.81900012342741 129.69375145363637
-57.817080500021618 -114.75439982198608 129.10388885282751
-57.905900054291486 -114.68979952054497 128.51402625201862
-58.096170748632211 -114.82897781897721 127.96227770048397
-58.077592736774946 -114.80678946654993 127.36297599475304
-58.265550228308598 -114.93397955178143 126.8075530355632
-58.346890725302146 -114.91227829433737 126.21348841031256
-58.43846422837877 -114.81626846223591 125.62834192807574
-58.554566216246954 -114.84104078760279 125.04020362775093
-58.670668204115145 -114.86581311296968 124.45206532742611
-58.732571609018223 -114.97093471803926 123.86459837805023
-58.794475013921307 -115.07605632310886 123.27713142867435
-58.900437396994462 -114.868840881957 122.72410906536371
-59.006399780067611 -114.66162544080514 122.17108670205305
-59.112362163140766 -114.45440999965322 121.61806433874241
-59.229575231954776 -114.55058129343237 121.03753683831539
-59.346788300768786 -114.64675258721152 120.45700933788837
-59.551618784307514 -114.5077446586364 119.91045534347742
-59.601362808820213 -114.6541908920459 119.33073210541856
-59.651106833332918 -114.80063712545544 118.7510088673597
-59.723340668045182 -114.77666783974492 118.15585531871425
-59.858695244005261 -114.53749468697902 117.62249301993161
-59.960691885687183 -114.43425079695939 117.04030972898344
-60.045830904635203 -114.44856181365364 116.44655343027686
-60.15559494068215 -114.50419693343704 115.85930851557995
-60.232837635941699 -114.74549484825857 115.3154253642213
-60.304731198287172 -114.56630717751557 114.74733813997929
-60.441014920990042 -114.24220390668366 114.26114495125459
-60.536720908364302 -114.27922043287906 113.66998495534051
-60.609246692558017 -114.55172637182882 113.1403808353941
-60.696588526572555 -114.50251999494728 112.54881500093003
-60.794790460584217 -114.43917404519759 111.96030529769084
-60.8929923945959 -114.3758280954479 111.37179559445167
-60.965021509616278 -114.39355699558766 110.776398674163
-61.136729732995924 -114.27355167525425 110.21415761454936
-61.160900497782208 -114.35115523416081 109.61968855583
-61.268073074346034 -114.49782021118162 109.04784642433901
-61.384233656838965 -114.1846943730651 108.54938987800952
-61.480645514155853 -114.28797053868841 107.96626142956711
-61.577057371472748 -114.39124670431173 107.3831329811247
-61.695958345299857 -114.40945355380147 106.79531407273996
-61.81485931912696 -114.4276604032912 106.20749516435521
-61.821180373207312 -114.43736681389723 105.60760698321772
-61.917594598497978 -114.34087701433035 105.02331765784788
-62.007076213849643 -114.2463242269101 104.43761055450602
-62.096557829201323 -114.15177143948991 103.85190345116416
-62.220404477945145 -114.2024735715147 103.26701773463223
-62.344251126688974 -114.2531757035395 102.6821320181003
-62.402856701665257 -114.42464240616775 102.11014901444418
-62.470515029806315 -114.5789875945201 101.53430188762522
-62.535497553397555 -114.21123372118757 101.06469102714962
-62.684277517962776 -113.84978778992009 100.60947529706755
-62.771441631781876 -113.83819225299331 100.01595363715487
-62.835630595399792 -113.91401081807101 99.424234681789045
-62.969829679999805 -114.10303228057765 98.870825707878822
-63.104028764599818 -114.29205374308428 98.317416733968599
-63.235653283384735 -114.24295596408058 97.73409487242769
-63.325540445838428 -114.23317579971676 97.140946791076132
-63.415427608292134 -114.22339563535294 96.547798709724574
-63.356978879999325 -113.8478573296937 96.083519992633725
-63.869535123618711 -113.94558892211728 95.787319666892628
-63.799773718051767 -113.98602653161933 95.192762566160425
-63.831954411378661 -113.9664231272246 94.593946977257517
-63.864839478208765 -113.95314866716592 93.99499592659501
-63.847214017177727 -114.13116517777735 93.422283551075509
-63.919285433626598 -114.01315602083643 92.83843464098905
-64.051489809739266 -114.0177004080911 92.253198490805943
-64.18369418585192 -114.02224479534577 91.667962340622836
-64.315898561964588 -114.02678918260042 91.082726190439729
-64.303907346333517 -113.90963473344152 90.494397161927651
-64.291916130702432 -113.7924802842826 89.906068133415587
-64.632620997894378 -114.10492666877865 89.523579636481287
-64.692837288616488 -113.99453437294774 88.936904650349391
-64.753053579338584 -113.88414207711685 88.350229664217494
-64.8717440506949 -113.8646767185481 87.762408541914965
-64.940611146735336 -113.72210928217919 87.18367557312007
-65.037050003998942 -113.83795733191532 86.60291850154708
-65.163020879799973 -113.72874027377557 86.026547984725468
-65.220827564914472 -113.69668675157558 85.430199966475513
-65.278634250028944 -113.6646332293756 84.833851948225558
-65.388533686401772 -113.55097738520965 84.255056247678411
-65.506760854000561 -113.49724003594676 83.669279298545234
-65.624988021599364 -113.44350268668386 83.083502349412058
-65.828510986266565 -113.47797409053456 82.520128472515339
-65.822283028869862 -113.26632982869663 81.958730290315103
-65.93075737153201 -113.39680981919187 81.38322330594012
-66.039231714194173 -113.52728980968709 80.807716321565152
-66.107718272600351 -113.22457951890601 80.29422233798509
-66.171010090828247 -113.22771501418761 79.697578127073143
-66.234301909056128 -113.23085050946922 79.100933916161196
-66.562157838984788 -113.28729089301309 78.601609400123749
-66.552611343697805 -113.30734071179832 78.002020483286202
-66.54306484841085 -113.32739053058351 77.402431566448655
-66.839410978379036 -113.07007629660752 76.948594198830889
-66.785646994302823 -113.28105208433995 76.389488975275498
-66.816996479030266 -113.24565129865027 75.791355215837115
-67.022953317842877 -113.10158767172797 75.246536482730136
-67.094378611854751 -113.25427094410293 74.67070122355247
-67.129016715792716 -113.39915743991938 74.089488607476738
-67.238612382282781 -113.01976854240016 73.637766508918602
-67.328914148397388 -113.19077017911681 73.069784087292021
-67.456154088378582 -113.25117002735426 72.486550123940702
-67.542367840178827 -113.01924152125889 71.939945735867497
-67.58804866644914 -112.9639873416312 71.344244268901917
-67.703905487473492 -113.11212271185283 70.774478431814941
-67.791203185638437 -113.34448923894585 70.22823223367547
-67.878500883803383 -113.57685576603888 69.681986035535985
-67.97421555479022 -113.63404537400781 69.092437012554655
-68.069930225777085 -113.69123498197671 68.502887989573338
-68.172728900844277 -113.41768973124434 67.978859909976265
-68.275527575911468 -113.14414448051195 67.454831830379206
-68.466832284747881 -113.0077965343676 66.902734243027808
-68.553581565231667 -112.88545662684832 66.321780278101386
-68.580624034749633 -113.07040125734913 65.751636271300228
-68.632544437776971 -113.21288047073122 65.171115862095263
-68.719094326770772 -113.087941349473 64.590685562494713
-68.788364747042195 -113.03877594390897 63.996729022189662
-68.973487611388265 -112.9999454608871 63.427324316655373
-69.158610475734378 -112.96111497786517 62.857919611121098
-69.228832760686544 -112.88313800070382 62.267167191127008
-69.29905504563871 -112.80516102354245 61.676414771132919
-69.373937795242597 -112.9170992476398 61.091724761129591
-69.44882054484647 -113.02903747173714 60.507034751126263
-69.523703294450357 -113.14097569583446 59.922344741122927
-69.623665446892502 -112.84937386956247 59.407586600833746
-69.723627599334662 -112.5577720432905 58.892828460544571
-69.862643527760028 -112.67184676095891 58.320411191034893
-70.001659456185394 -112.78592147862733 57.747993921525222
-70.012989306639255 -112.76928414265551 57.148331655294932
-70.157865326539451 -112.66772300430971 56.575011261417487
-70.235909580490585 -112.68653456907221 55.980406166033674
-70.313953834441733 -112.70534613383472 55.385801070649862
-70.456673256341702 -112.85341929180848 54.822147359138775
-70.599392678241671 -113.00149244978222 54.258493647627688
-70.706915722977243 -112.82055578254021 53.696621137801706
-70.814438767712801 -112.6396191152982 53.134748627975725
-70.840632734887677 -112.70794180959965 52.539227103992729
-70.965641001110228 -112.67070804053685 51.953576542806786
-71.090649267332793 -112.63347427147406 51.36792598162085
-71.215426197048743 -112.57482143170475 50.821071689575518
-71.215426197048743 -112.57482143170475 50.821071689575518
-71.186352729254324 -112.21257926304619 50.34364594171943
-71.417365093028096 -112.25483996571104 49.791516137421624
-71.648377456801853 -112.29710066837588 49.239386333123825
-71.384370065041736 -111.97215104620307 48.809609832898694
-71.827070994355864 -111.80434314148269 48.441022808849048
-71.731383068061803 -111.76128410894287 47.850269272695201
-71.682911517414922 -111.62081045847872 47.268962415430323
-71.792216935463642 -111.36791875481811 46.735953867839548
-71.927886264078822 -111.42833063622474 46.154624152567735
-72.063555592694016 -111.48874251763141 45.573294437295914
-72.106949030126017 -111.80430914821738 45.064831349895812
-72.096607119276285 -112.11519970821644 44.551762051863413
-72.165569065791857 -112.05490741282092 43.958795704547882
-72.2345310123074 -111.99461511742541 43.365829357232343
-72.409661923450471 -112.26153642922918 42.857811466536404
-72.458798935304813 -112.18721271233562 42.264463727707678
-72.514283791186273 -112.42684113471248 41.717198115817993
-72.665332571611216 -112.37041265981225 41.139270704154058
-72.738398349304063 -112.37188356213872 40.543737977449233
-72.811464126996924 -112.37335446446517 39.948205250744408
-72.869380617882641 -112.36783212592249 39.351032592411414
-72.966162296736698 -112.70765320152279 38.866104821278377
-73.062943975590741 -113.04747427712309 38.38117705014534
-73.109342329902603 -112.68647409884281 37.9041801277247
-73.161203738720587 -112.51706224521804 37.33093496365715
-73.332990135450615 -112.86184676389291 36.870920757810573
-73.380045811354975 -112.80326263844249 36.275644633973585
-73.457376242263067 -113.12130092741127 35.772781182124696
-73.411972923493835 -113.21901266178111 35.182534661075081
-73.545240051355904 -113.08336149622362 34.613466445555801
-73.678507179217974 -112.94771033066613 34.044398230036528
-73.7294630548719 -112.95198874449923 33.446581206264696
-73.872292937107147 -113.07271738206319 32.876472251052959
-74.015122819342409 -113.19344601962715 32.30636329584123
-74.006377024604404 -113.22871597487838 31.70746468895441
-74.037027923912746 -113.06247381337576 31.131770268180226
-74.067678823221073 -112.89623165187314 30.556075847406039
-74.255155785009862 -112.70630851987144 30.018691820169359
-74.202186755135969 -112.69341344774891 29.421173620455598
-74.286060853775751 -112.63749306819395 28.829702533480251
-74.165990105506609 -112.86520940835894 28.287735482976309
-74.377947727881462 -112.39670700748783 27.978576192811509
-74.554918398636758 -112.55733481355446 27.428230765274726
-74.6357371203637 -112.34219659172686 26.873989049299389
-74.690872477915462 -112.29681853576494 26.278253433119897
-74.746007835467239 -112.25144047980307 25.682517816940408
-74.852550838702911 -112.11552846554176 25.107907938117428
-74.918412972437409 -112.0280242802534 24.517988285201067
-74.984275106171893 -111.94052009496504 23.928068632284706
-75.1289799063359 -111.68533201825883 23.404676268644884
-75.273684706499907 -111.43014394155261 22.881283905005063
-75.245864819628139 -111.80995312159436 22.417634208951608
-75.292368918571839 -111.61734716471571 21.851294810572607
-75.319132839480361 -111.76192211750546 21.26958889211944
-75.436229039612996 -111.67242191748628 20.687972012970441
-75.553325239745647 -111.58292171746712 20.106355133821442
-75.609207940714086 -111.93961600425862 19.627140871196907
-75.71566120069977 -111.96207044662397 19.037087058857317
-75.822114460685427 -111.98452488898934 18.447033246517726
-75.836875037980178 -111.90753559451434 17.852176310864984
-75.851635615274915 -111.83054630003933 17.257319375212244
-75.961260030431291 -112.15403668834681 16.76402792355886
-76.037566206519088 -112.46689137227213 16.257767798487915
-76.130294619097725 -112.45116193458243 15.66518529259476
-76.223023031676348 -112.43543249689272 15.072602786701603
-76.329295854606954 -112.60625226639199 14.507335864394477
-76.318584147889382 -112.75722778311751 13.926739918242026
-76.511137510095097 -112.63925026230311 13.370858179662886
-76.703690872300783 -112.52127274148874 12.814976441083735
-76.702900803056721 -112.73370554820303 12.253842162660037
-76.702110733812646 -112.9461383549173 11.692707884236334
-76.768507293656498 -112.98660832872936 11.097767821658135
-76.893089600297955 -112.87337854916468 10.52187003047325
-76.852455819902659 -112.8630677279142 9.9233363364710439
-76.811822039507362 -112.85275690666371 9.3248026424688373
-77.073700330028501 -113.27449890482242 8.9878257175276275
-77.22498189343996 -113.16862471687682 8.474936184995169
-77.376263456851433 -113.0627505289312 7.9620466524627105
