58.138937273692548 165.16694025576982 376.92401865389309
132.03850642690196 72.289308665830021 375.85739595143781
58.138937273692548 165.16694025576982 376.92401865389309
58.721245067958662 165.02950214074528 376.87898092220701
59.285153641486239 164.82472970403643 376.8702993401846
59.841309212994773 164.59971476703089 376.8779972882495
60.397464784503313 164.37469983002538 376.8856952363144
60.904856780246099 164.05962442134859 376.94297393657286
61.412248775988886 163.74454901267177 377.00025263683131
61.925037575182749 163.44840928513543 377.09694239428268
62.476190767782555 163.21215730798983 377.07656688001072
62.957478971795751 162.85989764591721 377.14194879765017
63.438767175808948 162.50763798384457 377.20733071528969
63.896215439997455 162.1234293810947 377.26323094036883
64.353663704185962 161.73922077834479 377.31913116544803
64.878898554437654 161.45945113869422 377.39566417016408
65.369734442472307 161.12442955000955 377.47837248977243
65.880005930189071 160.82465140683993 377.577145328656
66.362920131963222 160.49128188177821 377.70227979027607
66.83820396007664 160.1479944857299 377.82979075626815
67.325035395205902 159.82830457675669 377.97399032586065
67.811866830335376 159.50861466778366 378.11818989545299
68.224604354973877 159.15407550930638 378.37107271586888
68.637341879612407 158.7995363508291 378.62395553628477
69.060959992488762 158.39544148975023 378.75531396841876
69.488848314622686 157.9928382443594 378.87706046973278
69.916736636756568 157.59023499896855 378.99880697104675
70.339109589185924 157.18244213786107 379.122524679908
70.761482541615266 156.77464927675356 379.24624238876925
71.202790544140043 156.38561812013904 379.36414915740772
71.644098546664821 155.99658696352452 379.48205592604614
72.085406549189614 155.60755580690997 379.59996269468451
72.488794550439891 155.16358029447582 379.61276366363757
72.918529093636522 154.76441254993179 379.73922841801289
73.37496643362168 154.3851781745584 379.82780744037393
73.831403773606851 154.00594379918502 379.91638646273492
74.164221884348933 153.50848198747371 379.95838468949484
74.59912712410339 153.10878473791124 380.06373904928262
75.034032363857847 152.70908748834876 380.16909340907051
75.398714284703942 152.24337898675563 380.26970497973656
75.845983620974522 151.8632326410943 380.39395833668289
76.208105375945365 151.38721728477614 380.44167851193544
76.614582959435609 150.95509122448729 380.53136152113541
76.990670039445135 150.49674159814541 380.62341654968975
77.366757119454661 150.03839197180349 380.71547157824409
77.846011671394081 149.69616351329677 380.83034001008451
78.164484250793762 149.19543481897895 380.91891760802713
78.482956830193444 148.69470612466111 381.00749520596975
78.957211170111236 148.35149942211581 381.13899418085964
79.241608078837658 147.8291596543902 381.21823788950093
79.66647823381939 147.41816672889655 381.32104920502587
80.072791315537714 146.97891001043484 381.36535738610792
80.454672960641503 146.51753011389511 381.40134349734262
80.836554605745292 146.05615021735534 381.43732960857733
81.257644404396871 145.63853505156214 381.52832936006644
81.620343100160852 145.16670327372813 381.60464731022955
82.048784015783667 144.74906412304122 381.64954632618532
82.380207197350529 144.24937680986719 381.6712549367582
82.797524951096079 143.8187542887157 381.69150676842651
83.152947618393824 143.33579526051196 381.71212968401704
83.51678820745812 142.86013068595418 381.74905174057
83.853832504436483 142.36766771883646 381.81135236570333
84.285855913463365 141.95429061781616 381.8611032089608
84.685929877327808 141.50838965231151 381.89446714757457
84.9309035236152 140.96091728963694 381.91065123643386
85.363832404665345 140.54765049333869 381.95287846734055
85.736093845951345 140.07739129821519 381.96954306254895
86.156271553689621 139.64910123815781 381.97382305973099
86.558768623241349 139.20417254591678 381.97970250043102
86.880261785156961 138.69765981190795 381.98902972555032
87.201754947072573 138.19114707789916 381.99835695066974
87.593520833072006 137.73753197627121 382.02579470098129
88.012534380613999 137.31137100094091 382.07884628042802
88.42336384573801 136.87744763670258 382.13297265619821
88.747906105005313 136.37485690277816 382.17852346434705
89.072448364272631 135.8722661688538 382.2240742724959
89.443095366240726 135.40092928115354 382.245576324144
89.813742368208835 134.92959239345325 382.26707837579204
90.160093612690829 134.43966404201521 382.26375784827752
90.4940160128874 133.94117710173344 382.26632709242148
90.82793841308407 133.44269016145171 382.26889633656555
91.186785411485459 132.96184026182203 382.2654026616475
91.498172171436877 132.44898592376006 382.26107673308098
91.893650751653013 131.99785722729786 382.25215530838949
92.224851904069567 131.4978283532048 382.23551434353777
92.517576916161786 130.97441316377191 382.2168433294637
92.870437767680556 130.49152483460222 382.16880083767643
93.223298619199312 130.00863650543249 382.12075834588916
93.447838564108281 129.45462083294655 382.06929527388388
93.816736797296045 128.98456740275691 382.01485387127593
94.131948864384043 128.47560441935053 381.97487845027547
94.267085627680814 127.89141574719665 381.95339239589669
94.713444965524019 127.49921871525801 381.87005675130985
95.082112673638107 127.03399618287389 381.78258037532169
95.413821963419053 126.53780472112369 381.72123723911875
95.745531253199999 126.04161325937348 381.65989410291587
96.077240542980945 125.54542179762328 381.59855096671299
96.175485146867643 124.95384375812657 381.57896982802316
96.489354330895267 124.44676968018678 381.51292427708034
96.885065149935826 124.00402385086973 381.42696452884547
97.122289070308938 123.45447840971963 381.38543598788908
97.494750083755733 122.98504239356869 381.35539234958526
97.81248651519914 122.48008025102345 381.29169937721218
98.178195993741809 122.01850347296943 381.17679308815315
98.463527239195187 121.49331043767316 381.12427303441825
98.748858484648551 120.96811740237688 381.0717529806833
99.096378163716309 120.48065142733158 381.03166562814209
99.256275566448977 119.90252759662545 381.01732488307755
99.674001979838536 119.48521479763414 380.91076658281543
99.993046685764909 118.98427569469634 380.82549940995148
100.33251101270284 118.48994812130843 380.80539416374597
100.63847108503683 117.97397183166984 380.79286808422501
100.94443115737081 117.45799554203123 380.78034200470404
101.372268006271 117.03733947785341 380.78236842854773
101.48360946502952 116.44778114502549 380.77746416971542
101.92960211115845 116.04655565668608 380.76703981814182
102.37559475728736 115.64533016834669 380.75661546656835
102.59101689344706 115.08586917465304 380.73218802733078
102.80643902960676 114.52640818095938 380.70776058809321
103.25395938248028 114.13124327115948 380.64800920462142
103.56441023344068 113.61930872754377 380.6087244468784
103.87486108440112 113.10737418392804 380.56943968913544
104.20499775536885 112.60849425859435 380.52330295126433
104.62125522010786 112.17672976173063 380.50572050840071
105.00789146169389 111.71803091748932 380.49533845735476
105.44096400663139 111.30278455815778 380.49102199082841
105.87403655156888 110.88753819882626 380.48670552430201
106.03950127301371 110.31105598041518 380.46968560030075
106.35453146359035 109.80215168241833 380.42758578432023
106.66956165416696 109.29324738442146 380.38548596833976
107.09280652155147 108.87724579158642 380.29713181172343
107.49863232648734 108.43993303137719 380.23339041382269
107.90445813142321 108.00262027116798 380.169649015922
108.27074669545058 107.52742134737919 380.17396997562338
108.63703525947794 107.05222242359039 380.17829093532475
108.9982680916974 106.57316848238779 380.17402920504566
109.35957458424676 106.09510267445253 380.14385137005212
109.84379634884877 105.74362863306908 380.09918280258796
110.1935656848887 105.25670351824219 380.07540583648608
110.65271961874707 104.8855502001724 379.96852796455659
111.01274421409047 104.40770996159033 379.9232400286395
111.21473193969344 103.84322820791681 379.89954807904843
111.61023084240234 103.39225977355724 379.88512278295667
112.00101463748175 102.93700418661101 379.87961133508895
112.3636831934696 102.45944794420738 379.85932454532286
112.71819266284115 101.97543806616929 379.85174337869518
112.92393990170436 101.41570389190289 379.78566972389621
113.41546679879329 101.07926404375732 379.71349259443053
113.90699369588222 100.74282419561175 379.6413154649648
114.05246476012701 100.16185459849859 379.60508706867569
114.17694733702153 99.575773365410711 379.57326135152925
114.50568092103472 99.075335365828195 379.53458268407934
114.83441450504786 98.574897366245665 379.49590401662942
115.26242259831898 98.191939330109193 379.32226008597553
115.63726365159735 97.736638334710719 379.21182825919391
116.0121047048757 97.281337339312245 379.10139643241229
116.30099540802919 96.760327409255893 379.03004648907557
116.58988611118268 96.239317479199514 378.95869654573897
116.79859493266008 95.676812136305003 378.95337047283027
117.19007457041737 95.237325571531144 378.83677179099948
117.40647764128121 94.681006051702951 378.77612277799159
117.79839129665103 94.233224170608452 378.69934339470313
118.19030495202087 93.785442289513966 378.62256401141474
118.49086735304729 93.297948496207511 378.44364491076612
118.78414816490553 92.8035373029429 378.27176141135322
119.07742897676376 92.309126109678289 378.09987791194033
119.39846793264383 91.803397130762704 378.06564067063152
119.71950688852391 91.297668151847148 378.03140342932272
120.01206348070154 90.779720203412879 377.95304168427992
120.35239718163832 90.29201217049426 377.87358196723198
120.69273088257509 89.804304137575656 377.79412225018405
121.04243056410931 89.317530934314547 377.76651824102231
121.30355036150199 88.778215083598653 377.73561735792504
121.58118708646153 88.251341176654392 377.66266713424443
121.98946959344202 87.818150395438607 377.5874930591695
122.23813443010249 87.275087679087392 377.53049582136032
122.54614072183088 86.764076777283407 377.46725040656054
122.94736425011165 86.322886015475916 377.40114146579106
123.32386027812561 85.86518661286344 377.30753592248362
123.70035630613957 85.407487210250963 377.21393037917608
123.99510187267001 84.885237017016465 377.19444226286964
124.29460915552963 84.36556937087812 377.17892050165904
124.4871585311522 83.799672676390287 377.1270970599063
124.92009934488291 83.403093570214565 377.00345538266498
125.28749176256019 82.93683774871819 376.91611512645977
125.49895114950527 82.37560898025869 376.89858808660011
125.87494286216584 81.909555591912479 376.86084591891478
126.22994629305508 81.4297717742744 376.79936378826289
126.41225157485917 80.858610419626444 376.77613683876376
126.84331011233715 80.450421817679455 376.68912762943557
127.27436864981514 80.04223321573248 376.60211842010733
127.55415103992831 79.511630390937043 376.58861077406266
127.83393343004147 78.981027566141606 376.57510312801799
127.97026833809238 78.396725162260964 376.57323399291033
128.4229283412165 78.004789535552547 376.53469328601017
128.7304357867128 77.495914226219327 376.45416322630979
129.0379432322091 76.987038916886092 376.37363316660947
129.39146821366955 76.509030612700286 376.2928362074291
129.76184931987061 76.037411382436517 376.27300850421648
130.00224822058732 75.488318769204582 376.24644404246169
130.24264712130403 74.939226155972648 376.21987958070696
130.71082137975128 74.581276857812739 376.1072511487983
130.84453152934168 73.997295297867154 376.07427944062255
131.32562728871056 73.647573641667165 375.99527543121792
131.59464281412187 73.111358801748182 375.98506305939111
132.03850642690196 72.289308665830021 375.85739595143781
