-184.08756716834395 -125.84541724563489 459.7191248548562
-141.01128247053029 -186.13113280872153 352.02705332470043
-184.08756716834395 -125.84541724563489 459.7191248548562
-183.92728284246738 -125.87068621319747 459.14148273887378
-183.70533303961298 -125.99879777356497 458.59896480081727
-183.46396031514854 -126.09512582843271 458.05816898562443
-183.30737010591085 -126.27524491043732 457.50768136299456
-183.17431348652607 -126.45489165858763 456.95088428872339
-182.8997796578339 -126.25573808440808 456.45594082650257
-182.65875565858991 -126.4661172827706 455.94835041614715
-182.41773165934589 -126.67649648113313 455.44076000579179
-182.17670766010193 -126.88687567949562 454.93316959543637
-181.95141609149678 -127.00468790412408 454.38969559528221
-181.65247224511455 -127.14454369900186 453.88862381065519
-181.4079860473054 -127.24985064100956 453.3509092515759
-181.16349984949622 -127.35515758301725 452.81319469249667
-180.91319311222352 -127.45819300966278 452.27772271551578
-180.66288637495089 -127.56122843630828 451.74225073853478
-180.4044095945722 -127.77830339763098 451.24619810506545
-180.16304423826099 -127.97058552951941 450.73163970553321
-179.8733182784602 -128.06172406011245 450.21419150864887
-179.63240316867086 -128.35858518950556 449.75177029402886
-179.39148805888146 -128.65544631889864 449.28934907940885
-179.10899853274185 -128.72608305109787 448.76474435231842
-178.83719178616576 -128.87740653739337 448.25169241049269
-178.51295221061903 -129.1278066556294 447.81332215781049
-178.2808067328383 -129.31432438862097 447.29243866563047
-177.99627666971787 -129.60776228699734 446.85319289959835
-177.69800251525655 -129.86480256749888 446.40046469970349
-177.44697004292601 -130.11967304869415 445.91877627795049
-177.1283713076262 -130.38275483930303 445.48370982634179
-176.80977257232632 -130.64583662991197 445.04864337473316
-176.5755187717383 -130.93788917243202 444.57978255389435
-176.34126497115025 -131.22994171495208 444.11092173305553
-176.07980978369693 -131.52081980330246 443.65591500489489
-175.8207851148054 -131.72389411553519 443.15425073008873
-175.53880540708903 -132.03249912609868 442.72384349049901
-175.30650860334592 -132.35408486981825 442.27370928339286
-175.0395660605503 -132.57794509292384 441.78521334752759
-174.77262351775471 -132.80180531602943 441.29671741166231
-174.49590576012611 -133.04541835207564 440.82334655146769
-174.22172882915402 -133.23369471937687 440.3239679175249
-173.99410462137405 -133.56123011941997 439.87574054023617
-173.76648041359405 -133.88876551946305 439.42751316294743
-173.5079702888188 -134.02914095003487 438.90457219698618
-173.24946016404351 -134.16951638060667 438.38163123102493
-173.00814131149545 -134.40677370213101 437.88617772686138
-172.76682245894742 -134.64403102365532 437.39072422269771
-172.51657637558881 -134.79742530113907 436.86742020647108
-172.32629305968516 -135.06952743605979 436.36766757980433
-172.21687362422011 -135.40380972910421 435.88157835373624
-171.89714174377417 -135.62239606455407 435.4233300164986
-171.57740986332826 -135.8409824000039 434.96508167926083
-171.46146098957007 -136.09473438753736 434.43388888234341
-171.18967599178794 -136.32880871431652 433.95290850382105
-170.97997432388556 -136.60120937307138 433.4611533903867
-170.77027265598321 -136.87361003182622 432.96939827695223
-170.51464096372337 -137.06110337033837 432.45998814167234
-170.2590092714635 -137.2485967088505 431.95057800639233
-169.96432369490887 -137.48593907503749 431.48492898386201
-169.75631393618693 -137.77603143105324 431.00266519167178
-169.54830417746498 -138.06612378706902 430.52040139948156
-169.31888735086244 -138.27869734519041 430.00836585182958
-169.07709592207718 -138.47227667755556 429.4944943240651
-168.83530449329191 -138.66585600992067 428.98062279630057
-168.68844477492658 -138.96238380263668 428.48011955828042
-168.46397616888771 -139.16827581966763 427.96318404757733
-168.28994112406718 -139.44905347098825 427.46230909941841
-168.09168607004588 -139.66367671700885 426.93825586183414
-167.88966653408832 -139.83667305719953 426.40042654562666
-167.669373764933 -140.16379245147351 425.9482495916057
-167.54134135959615 -140.28803558879756 425.37538717704922
-167.34813409959946 -140.38805292438303 424.81622039757548
-167.20184564106199 -140.75711307888704 424.36633786929042
-166.99670148295348 -140.94413527778701 423.83441816528182
-166.79155732484503 -141.13115747668698 423.30249846127327
-166.64053388264182 -141.50056077126519 422.85446595591247
-166.41973573500385 -141.69381132951753 422.33110909894503
-166.29493203286205 -141.8933993536059 421.77921358657676
-166.10190639037867 -142.21151637098572 421.30853039737485
-165.9088807478953 -142.52963338836554 420.83784720817295
-165.6565696700581 -142.56789941486005 420.29482342304289
-165.49742610407878 -142.9153680093707 419.83228812575618
-165.34385731201357 -143.22354878154928 419.34092142179361
-165.10216290887723 -143.28556344523653 418.79526768820398
-164.87381307546318 -143.56351984195072 418.31506294530209
-164.64876536999529 -143.78545266833015 417.805063581735
-164.46052085440076 -144.02894123664885 417.29001278866042
-164.2500023185583 -144.28174978312455 416.78824612486579
-164.03948378271582 -144.53455832960032 416.28647946107122
-163.84932211797249 -144.88292539495956 415.83650287386354
-163.65916045322913 -145.23129246031888 415.38652628665596
-163.32854406932029 -145.27088293232174 414.88740165170231
-163.15285351810036 -145.54304812615527 414.3823680513571
-162.94682022592301 -145.8314383519247 413.89823856434441
-162.74078693374568 -146.11982857769414 413.41410907733172
-162.46448447304354 -146.3435442777818 412.930778718525
-162.18818201234143 -146.56725997786947 412.44744835971824
-162.00875314833041 -146.86829647378087 411.96043469369943
-161.82932428431937 -147.16933296969228 411.47342102768062
-161.56265278037137 -147.3826459048779 410.98008148875778
-161.29598127642345 -147.59595884006353 410.48674194983488
-160.96205240761108 -147.64071621943731 409.99026608177547
-160.72709473546928 -148.08468609317464 409.66211117397216
-160.51863757977046 -148.26524331088112 409.12924655197889
-160.36408697465887 -148.49387006966472 408.59647651187925
-160.07965856475573 -148.74580742866971 408.13211884070586
-159.8738602018619 -149.00391459496237 407.63109217021957
-159.67656774551534 -149.20669067393089 407.1019820224555
-159.39711544214066 -149.43492008685149 406.6225889215284
-159.13280249603855 -149.62548235476896 406.11877875036373
-158.91904035420995 -149.85878009656852 405.60899653177228
-158.67368537844521 -150.06762224962313 405.10284843983175
-158.42284474683402 -150.34978524263755 404.63651913246838
-158.19560494636795 -150.57852896573914 404.1305167784958
-157.96836514590191 -150.80727268884067 403.62451442452323
-157.72219258857334 -151.08506915059934 403.15310356566158
-157.47602003124479 -151.36286561235801 402.68169270679994
-157.15324154922206 -151.53783114672993 402.20713911306677
-156.93270583350102 -151.80527382701388 401.71740611351095
-156.71217011777998 -152.0727165072978 401.22767311395512
-156.49163440205893 -152.34015918758172 400.73794011439929
-156.19074771972038 -152.63262348559886 400.30906736080368
-155.95162197575365 -152.79020433432743 399.78182248914879
-155.68501303641162 -153.05313488864618 399.31300781673701
-155.41840409706958 -153.31606544296494 398.84419314432523
-155.17095428908314 -153.55177696967317 398.35103123510646
-154.87807656380863 -153.81741851564166 397.89974728115561
-154.6249065623729 -154.10563172029455 397.43840348414875
-154.37173656093719 -154.39384492494742 396.97705968714183
-154.11803390039003 -154.62089106966803 396.48301008619188
-153.8643312398429 -154.84793721438865 395.98896048524188
-153.56896535308763 -155.13587799665984 395.55324372076484
-153.30199491718639 -155.37845445059614 395.07378209524052
-153.07091396984706 -155.63102232067885 394.58102346591107
-152.84029364686427 -156.04044002822792 394.20793981929467
-152.55128875408403 -156.20855862572873 393.70973071748756
-152.26228386130376 -156.37667722322956 393.21152161568051
-152.09569743779522 -156.69137673051205 392.72860010692494
-151.86613125786562 -156.70082605143202 392.17433475588206
-151.56226327345684 -157.11400509321658 391.86297109794918
-151.30955806369786 -157.36004157380538 391.37757834235828
-151.05685285393886 -157.60607805439415 390.89218558676737
-150.80414764417992 -157.85211453498295 390.4067928311764
-150.54408007529952 -158.20235568006322 389.99485108783216
-150.29481298560165 -158.39361183142222 389.483688684519
-150.03758115678082 -158.63860872593443 389.00015139751741
-149.84511831299181 -158.91119627929041 388.50149913439606
-149.58919342847042 -159.12946945603784 388.00464978721391
-149.30922587114145 -159.39072473442678 387.54273654172601
-149.02925831381245 -159.6519800128157 387.08082329623812
-148.79982994898916 -159.89909929465836 386.58454244232973
-148.5707254394583 -160.12406505304506 386.07768789587078
-148.28662486286777 -160.34972570606618 385.59981329719551
-148.00252428627726 -160.5753863590873 385.12193869852024
-147.88621957067562 -160.79778717088686 384.57695145826619
-147.68656755311173 -161.08842878813519 384.09149649412848
-147.32233708317636 -161.28759664567752 383.65828946591603
-147.05962440039065 -161.48815078470119 383.15752995914261
-146.80039287796939 -161.66432727822354 382.6459042552209
-146.5411613555481 -161.84050377174589 382.13427855129925
-146.25548506701082 -162.04794812355041 381.64914362257122
-145.9469602057965 -162.18313708662618 381.15261934897001
-145.63843534458215 -162.31832604970194 380.65609507536885
-145.40947790373107 -162.75214971940389 380.31058745767388
-145.16552419234782 -163.0710138593916 379.86470378794348
-144.93891893377767 -163.0928562555269 379.30957050077774
-144.69194020338438 -163.28965937416876 378.79940382289084
-144.42767549586469 -163.56619124681544 378.3371330280421
-144.16005167864358 -163.80130132095218 377.85432794781258
-143.83344041457897 -164.00017870739222 377.39197216775909
-143.59884501383178 -164.1513748540477 376.86083685243466
-143.36424961308458 -164.30257100070321 376.32970153711022
-142.96531373803026 -164.45568672300777 375.90850592557348
-142.57853964522459 -164.74677598227913 375.5158848114018
-142.19176555241893 -165.03786524155049 375.12326369723007
-136.07335752352316 -182.6497312862279 356.03445708551374
-136.60194385316626 -182.37445489849605 356.10387900187828
-137.06246953604528 -182.03628539260816 356.28706601205192
-137.56423750180522 -181.87160891414379 356.5718651798486
-138.06600546756516 -181.70693243567942 356.85666434764528
-138.53250093689218 -181.36826654057631 357.0230596257976
-138.99899640621919 -181.02960064547324 357.18945490394992
-139.34710725096551 -180.57422004770939 357.36678891352005
-139.666587259285 -180.09549764666761 357.53636894484737
-140.06557920618854 -179.68564402120387 357.71754684637051
-140.58182923432844 -179.14936468390761 357.97494593005473
-134.86900785528411 -184.21344492866658 353.62281106039842
-135.57790005162434 -184.05345920591176 353.7496554071887
-127.36660785528406 -185.69952119673667 352.12
-127.69528412342827 -185.66358319491928 352.11855160161059
-140.5778940814559 -186.79404906265455 351.80167896273878
-141.01128247053029 -186.13113280872153 352.02705332470043
