-31.745070945804894 14.368526486988548 394.13590218155542
6.2561251582263306 -36.330245479978828 369.65230338249705
-31.745070945804894 14.368526486988548 394.13590218155542
-31.458329230275723 13.841626820293346 394.1483893674623
-31.269853199631534 13.272454227423665 394.12560021656498
-31.081377168987341 12.703281634553985 394.10281106566777
-30.711526213457063 12.247219710554472 393.97945064992916
-30.341675257926777 11.791157786554956 393.85609023419056
-29.92813096236705 11.391009864676306 393.68619981001603
-29.557675221567159 10.940012331854513 393.54704604795023
-29.187219480767272 10.48901479903272 393.40789228588449
-28.780753656812532 10.072715764201103 393.26132950904446
-28.374287832857789 9.6564167293694858 393.11476673220443
-27.924221843910225 9.2829162579769111 392.9808339002991
-27.56073053455335 8.8260286786961046 392.84253058175267
-27.128320598117131 8.4298760428084343 392.71570496939273
-26.721770694997964 8.0043337207428777 392.59895348801092
-26.31522079187879 7.5787913986773194 392.48220200662911
-25.893514859692782 7.168118655405725 392.36596085774926
-25.473932986680293 6.7552989676567154 392.2496382148712
-25.07198884304313 6.3229471790404501 392.14234032916926
-24.670044699405963 5.8905953904241857 392.03504244346732
-24.370827811416937 5.3930584247623603 391.88362836967565
-23.937210335524501 5.0000486230720886 391.75126832896837
-23.503592859632064 4.6070388213818187 391.61890828826103
-23.218468165995375 4.088873934380107 391.51786840031036
-22.93334347235869 3.570709047378398 391.41682851235964
-22.508113252461861 3.1724161610790462 391.27350357799776
-22.082883032565032 2.7741232747796927 391.13017864363599
-21.689187744676524 2.340027212044669 391.00147499717502
-21.299472541939288 1.9009662011656665 390.87759001228426
-20.92791440781205 1.4465539569273278 390.7532756315789
-20.527823640164808 1.0223357352666755 390.61197355072193
-20.127732872517562 0.59811751360602405 390.4706714698649
-19.726969788766048 0.17250667247658863 390.33559977551306
-19.40768078575131 -0.32554508434750373 390.23560487525168
-19.088391782736576 -0.82359684117158027 390.13560997499019
-18.667711830366279 -1.229754738668237 390.00120707332945
-18.264724494604643 -1.6626206505361434 389.90007196785905
-17.944375810069516 -2.1653948569974424 389.83228688370463
-17.559116730968448 -2.6159767831247107 389.73981326683128
-17.218718531869737 -3.1035515552006494 389.65981384379927
-16.851154212330584 -3.5714901777668757 389.58280789264916
-16.483589892791436 -4.0394288003330932 389.50580194149887
-16.010694028431466 -4.3887506899023325 389.38603667550325
-15.698530168490606 -4.8957222826345257 389.31164898358173
-15.25948565841998 -5.2941374936995844 389.2194251375937
-14.820441148349349 -5.6925527047646431 389.12720129160567
-14.437866711732871 -6.1451003745651773 389.03319380783074
-14.135782290351354 -6.6567838032844566 388.94997679555155
-13.70833486588042 -7.0651535395985787 388.84739581400083
-13.282117885548516 -7.4720984489051192 388.73454668256312
-12.855900905216611 -7.8790433582116606 388.62169755112546
-12.610658198820243 -8.4225673506446324 388.55508160251622
-12.163302630905992 -8.8045526250194079 388.43692811751919
-11.75066412923905 -9.2285023586531274 388.33694766796054
-11.286592989169929 -9.5904737326214491 388.22026561543129
-10.925012821927734 -10.058953545271164 388.12133913870849
-10.563432654685544 -10.527433357920874 388.02241266198558
-10.189115939241558 -10.986379359782033 387.92620682060948
-9.768182853550142 -11.386755051663336 387.77615801947843
-9.3459558197570214 -11.785405105993849 387.62515316486594
-9.0417985151560067 -12.27260354579413 387.45158469332222
-8.677234989645207 -12.721485799910194 387.2915904502795
-8.3748327041092132 -13.211172481370269 387.12200327003518
-7.9858327957415032 -13.633705042986438 386.94837923464837
-7.6546916913218253 -14.109111024262987 386.79238333107975
-7.3238625196316338 -14.588868227067175 386.64960698319157
-6.979186008935784 -15.052201849642845 386.48675718378911
-6.6345094982399342 -15.515535472218511 386.32390738438659
-6.2898329875441217 -15.978869094794144 386.16105758498389
-5.9480916820638994 -16.457012872391754 386.04026268412565
-5.6063503765836806 -16.935156649989359 385.91946778326735
-5.378622087244624 -17.485475082798054 385.84673918678914
-4.9334874853731829 -17.852712699753454 385.68244762002541
-4.5174427548122251 -18.26675428195912 385.55804363947379
-4.1709670048171059 -18.745438643512738 385.45404442472034
-3.8421595893644329 -19.239270319370398 385.36451253396098
-3.5133521739117612 -19.733101995228054 385.27498064320156
-3.0789914632473829 -20.157797433899294 385.17701250859648
4.3639667287322377 -37.027522085793535 370.13670404496247
4.9946862052302681 -36.795096550521961 369.975237157474
5.6254056817283002 -36.562671015250395 369.81377026998553
6.2561251582263306 -36.330245479978828 369.65230338249705
