-101.32082520497902 -93.028948679093261 409.43176691685801
-30.99557859834362 -39.912074555282693 384.91055773112691
-101.32082520497902 -93.028948679093261 409.43176691685801
-101.02844622280951 -92.570801940963193 409.68596388207652
-100.73606724064004 -92.112655202833125 409.94016084729509
-101.0056033590302 -91.77812954468223 409.52130184366513
-101.08784393903343 -91.20210999205834 409.37488476134308
-101.11147770631888 -90.603005952568878 409.35217364267169
-101.15403970045945 -90.011132498506612 409.26343644060188
-101.22086421218455 -89.414944386836538 409.27314314632372
-100.866947377621 -88.984187903808433 409.05135106679478
-100.76587795807207 -88.411030529704647 408.90548949905849
-100.80877529010795 -87.82723485904944 408.77379882426163
-100.85167262214385 -87.243439188394234 408.64210814946483
-100.34781595546394 -87.007077540018358 408.41791709117018
-99.918697857915674 -86.595184172418641 408.33916741127297
-99.489579760367434 -86.183290804818881 408.26041773137581
-99.014274599593904 -85.91331356329934 408.01303686468731
-98.558673256011687 -85.532702401519401 407.9260738883433
-98.04619667238083 -85.236565611302638 407.8277339030364
-97.56206228782753 -84.903472356212333 407.70664393191356
-97.076190350337669 -84.561748754644626 407.62206591768148
-96.590318412847822 -84.220025153076904 407.5374879034494
-96.078376828753932 -83.923107999748396 407.43871534382515
-95.566435244660028 -83.626190846419874 407.3399427842009
-95.054493660566123 -83.329273693091352 407.24117022457676
-94.613314579296201 -82.939390832714054 407.12561775409768
-94.084803504059565 -82.677643857880597 407.0153246694652
-93.603147242126624 -82.326941897752505 406.94450531827425
-93.098552418153773 -82.03488478753863 406.80277773453236
-92.593957594180921 -81.74282767732474 406.6610501507904
-92.254166204135416 -81.251057485864052 406.60905120809292
-91.68229804036163 -81.19518905491779 406.43629264336863
-91.211595913355112 -80.847523160583975 406.30374856183874
-90.740893786348607 -80.49985726625016 406.1712044803088
-90.207734606683317 -80.239661688616053 406.08154093967886
-89.714201128907149 -79.951379311204363 405.89900881322438
-89.276137071547538 -79.562315063992713 405.76966859058939
-88.838073014187927 -79.173250816781064 405.64032836795434
-88.294310357084555 -78.958436090334445 405.50550698225635
-87.825723736561713 -78.607553501519078 405.37394715581524
-87.357137116038871 -78.256670912703726 405.24238732937414
-86.866327442352116 -77.932590472885835 405.12373770761769
-86.338436879866308 -77.673607434427055 405.0043252299235
-85.822993146400933 -77.401301235012951 404.86231434515781
-85.389191117311299 -76.998938408683458 404.76271537153929
-84.908458928680062 -76.662367771034909 404.63774830113005
-84.425552882901144 -76.327983949141256 404.51531786943127
-83.942646837122226 -75.993600127247589 404.39288743773244
-83.459909648949889 -75.654375454519737 404.28383961075667
-82.961119823476807 -75.34681273167871 404.15494476398942
-82.462329998003725 -75.039250008837669 404.02604991722222
-81.983548791329071 -74.695073054203164 403.91509596265689
-81.49094900253624 -74.368070283609669 403.81304383820361
-80.99834921374341 -74.041067513016159 403.71099171375027
-80.496620845680596 -73.743407036952391 403.57075303980292
-79.994892477617768 -73.445746560888637 403.43051436585557
-79.48522707456894 -73.153668240171356 403.30832012907638
-79.020752184265433 -72.795132975453356 403.18295849127941
-78.556277293961912 -72.43659771073537 403.05759685348244
-78.048517612496255 -72.14933595928423 402.91737990717741
-77.540757931030612 -71.862074207833103 402.77716296087226
-77.044242503833104 -71.560849705148854 402.6263775851308
-76.546307385265166 -71.260708665050487 402.4781346300017
-76.052578360189415 -70.942694660198839 402.35525768946371
-75.551777623842284 -70.646779008531183 402.2081776106894
-75.095019244626002 -70.285228019988708 402.06446725720127
-74.561628330020824 -70.049769291870334 401.92285751329382
-74.056538243404745 -69.753881449069766 401.79119738688883
-73.55144815678868 -69.457993606269184 401.65953726048377
-73.057939707561644 -69.15097658857988 401.51057430740246
-72.552571098672203 -68.860254805053529 401.36885834594295
-72.07119320534774 -68.529810899938141 401.23072019266658
-71.554440405461918 -68.266680540197868 401.07667812830397
-71.029161803465257 -68.010921995739594 400.94004007642587
-70.548697778284875 -67.673957334657061 400.8151035417813
-70.017972323232343 -67.441455057727225 400.65930500975446
-69.542106952703392 -67.094993762127885 400.54304358114217
-69.034908805657778 -66.796985343382389 400.42497147609487
-68.520666479212679 -66.518338815835207 400.29113970715258
-67.998498767133952 -66.26429330617438 400.14013719232702
-67.499153542363715 -65.964181745099978 399.99665410130712
-66.993029661894155 -65.671982523476132 399.86079302336037
-66.474308591478291 -65.408517485623491 399.71411437823463
-65.955587521062427 -65.145052447770837 399.56743573310894
-65.433840429505238 -64.864475192546649 399.47227073795585
-64.920811312690958 -64.586182035705534 399.33315192486373
-64.407782195876692 -64.307888878864418 399.19403311177155
-63.895566149800743 -64.013460278420496 399.08940748688468
-63.334286602214135 -63.829202915327926 398.98445752925176
-62.851428310641026 -63.504460327054844 398.83820390837076
-62.368570019067896 -63.179717738781754 398.69195028748987
-61.924686761886697 -62.860955433061875 398.44424431976529
-61.480803504705513 -62.542193127342003 398.19653835204076
-60.989216402330172 -62.243603587312904 398.02569805420842
-60.497629299954824 -61.945014047283813 397.85485775637613
-60.139338021538528 -61.485369281551904 397.7121901386555
-59.622561621777535 -61.256495587354763 397.51079752519956
-59.147627962153159 -60.932280691233665 397.33955874428534
-58.672694302528768 -60.608065795112566 397.16831996337118
-58.174592890255425 -60.324590578996165 396.99073397028877
-57.695172563572328 -60.009905597280749 396.81429839381445
-57.21575223688923 -59.695220615565347 396.63786281734008
-56.756501399380099 -59.351694659465537 396.46157162149387
-56.297250561870975 -59.008168703365733 396.28528042564773
-55.868630499830068 -58.635922682644683 396.09106986343909
-55.382634692675857 -58.342380903230278 395.89705620627353
-54.896638885521668 -58.048839123815867 395.70304254910792
-54.383567540216688 -57.815022175831714 395.49789033863408
-53.958800439354036 -57.426471235577786 395.32877180962998
-53.486044909871019 -57.106797529769935 395.14353970885281
-53.049252604199054 -56.736985501068183 394.96339658482844
-52.612460298527097 -56.367173472366389 394.78325346080413
-52.124545887721204 -56.109818806603002 394.54722781868497
-51.60806056129038 -55.883399603421672 394.34234431028966
-51.215523331198312 -55.445794298633089 394.22227716152474
-50.768097486020821 -55.074380899135249 394.07441844605398
-50.348650207520457 -54.675340004708332 393.9168419721322
-49.929202929020093 -54.276299110281414 393.75926549821054
-49.492495244141608 -53.90156742328346 393.58937564940322
-49.055787559263123 -53.526835736285513 393.41948580059602
-48.628741348857957 -53.144728588955502 393.24164974649591
-48.188172890976212 -52.786795467930496 393.04727044000208
-47.747604433094452 -52.42886234690549 392.85289113350836
-47.32004892925459 -52.049001567197038 392.6715018306939
-46.892493425414727 -51.669140787488573 392.49011252787943
-46.494911931560736 -51.256632548500647 392.31188259629687
-46.097330437706752 -50.844124309512722 392.13365266471436
-45.597676621033692 -50.573231814502641 391.94139419381838
-45.174118979951388 -50.187290781807462 391.7634940983632
-44.750561338869097 -49.801349749112291 391.58559400290795
-44.24452752029844 -49.530695863764699 391.4104476389461
-43.738493701727784 -49.260041978417107 391.23530127498429
-43.355333787835093 -48.817002368828355 391.10528441176569
-43.005994061803406 -48.341446057435299 390.99662001782576
-42.479724341469243 -48.115940780788335 390.81721112266229
-42.02133048151331 -47.761684902909025 390.66107707082654
-41.562936621557391 -47.407429025029728 390.50494301899067
-41.10400771353558 -47.04750113321834 390.36410208006265
-40.600967818102347 -46.76225708688844 390.20414365535214
-40.120362228848549 -46.456496613452821 390.01565280554121
-39.649582891843004 -46.134961546896946 389.82861800443851
-39.159099658461528 -45.826939946245496 389.67193714631037
-38.652547365188461 -45.581035297427277 389.46472788524954
-38.194737431650815 -45.24418583186128 389.27252356089087
-37.703144180526166 -44.994582777925586 389.03580771665003
-37.238236301331725 -44.694380744989964 388.80399010885401
-36.780324319597312 -44.38196833967379 388.57439240418643
-36.322412337862872 -44.069555934357595 388.34479469951896
-35.836646754336577 -43.786236713889032 388.1356009683164
-35.350881170810297 -43.502917493420469 387.92640723711378
-34.94643544510231 -43.168796063403278 387.63522597920075
-34.541989719394323 -42.834674633386086 387.34404472128779
-34.135102558649265 -42.476119518021861 387.08737164582607
-33.723424794422918 -42.179322442244242 386.76732022144017
-33.383590285049323 -41.741867273405617 386.53678718368809
-32.932492178757705 -41.449818042483138 386.26992065296963
-32.481394072466081 -41.157768811560665 386.00305412225117
-32.127429414767136 -40.800935194144841 385.67536709079889
-31.773464757068194 -40.444101576729025 385.3476800593466
-31.41950009936923 -40.087267959313181 385.01999302789437
-30.99557859834362 -39.912074555282693 384.91055773112691
