11.538957798002267 -52.051597372552905 369.94111357401027
-94.934903731390705 -156.40007674420795 53.462932853189216
11.538957798002267 -52.051597372552905 369.94111357401027
11.149134462381607 -52.285668147987543 369.54964372958676
10.759311126760968 -52.519738923422167 369.15817388516314
10.658759781015608 -52.609806663559276 368.57355672063977
10.558208435270249 -52.699874403696391 367.98893955611641
10.35702386695637 -52.683777954079993 367.42390356276542
10.162470050978103 -52.827799560205065 366.8748984720263
10.302624056106517 -53.072289030353168 366.34519878934458
10.089727751669892 -53.403022956623701 365.89210913643808
9.9302697910007822 -53.510502139591139 365.32375943422306
9.7615080283789677 -53.791599615713231 364.82126199503102
9.5524130181521798 -54.018214691400466 364.30655345209675
9.3433180079253848 -54.244829767087708 363.79184490916248
9.1291339574736501 -54.390499730762699 363.25063750509725
8.9486188767219375 -54.649826983040306 362.74057507573457
8.685428907599082 -54.86498716992751 362.24616923623449
8.5134976712060553 -54.93288212721793 361.67535409564437
8.2695961731350813 -55.153431125686062 361.17348738175167
8.0256946750641038 -55.373980124154208 360.67162066785897
7.6555038793184309 -55.280540496109019 360.20877316526668
7.4688052884827218 -55.52739334818866 359.69476216771886
7.2821066976470163 -55.774246200268294 359.18075117017099
7.0954081068112647 -56.021099052348021 358.66674017262324
6.8563312210241492 -56.190493323131399 358.14314889719168
6.6172543352370443 -56.359887593914763 357.61955762176001
6.3924919662536777 -56.310557387954816 357.06543813259822
6.0916649435399899 -56.453959402351757 356.56650029611745
5.8393939483001978 -56.758529523140545 356.11528373338575
5.6343408140396276 -56.869722324923792 355.56248234684483
5.4292876797790433 -56.980915126707032 355.00968096030397
5.2546849662489556 -57.167063629677941 354.46666841231854
5.0800822527188654 -57.353212132648856 353.92365586433311
4.8633472399372639 -57.487545450581436 353.6047613836771
4.8633472399372639 -57.487545450581436 353.6047613836771
4.6920583809817185 -57.638365900080558 353.04986200648284
4.5008857432184817 -57.817394225043643 352.51004548077105
4.2871274845452829 -58.033091709136819 351.99256890912278
4.1497972699574239 -58.283299853479754 351.4648035288015
4.0124670553695729 -58.533507997822689 350.93703814848016
3.7683230979558751 -58.749965095602704 350.43351053962533
3.5241791405421758 -58.966422193382719 349.92998293077051
3.309737280545316 -59.109658767355498 349.38822839912575
3.006794719364188 -59.348757210579585 348.92881819128007
2.7726673972495584 -59.523382611557324 348.4047090744229
2.538540075134935 -59.69800801253507 347.88059995756578
2.267003326071908 -60.010733052404291 347.44646766972357
1.9675475198427328 -60.257333154393145 346.98874001072238
1.5584699409309335 -60.590003000572338 346.70240749794266
1.1493923620191349 -60.922672846751524 346.41607498516294
0.74031478310733756 -61.255342692930718 346.12974247238316
-0.48691795362804491 -62.253352231468298 345.27074493404388
-0.89599553253983932 -62.586022077647485 344.98441242126415
-1.305073111451627 -62.918691923826678 344.69807990848437
-1.7080223503489944 -63.119857980575397 344.30164059599855
-1.9160323927125138 -63.400203370821409 343.81364645213642
-2.2046341412927104 -63.521351842842606 343.30175576220023
-2.4709432969621234 -63.69701146127769 342.79359916029694
-2.7372524526315409 -63.872671079712781 342.28544255839364
-2.9702491567230536 -64.195065615441081 341.83624961631301
-3.2032458608145715 -64.517460151169402 341.38705667423244
-3.4623957747792047 -64.630575453028342 340.85786271113625
-3.7222113108478423 -64.896404941557478 340.38687378319241
-3.9820268469164679 -65.162234430086599 339.91588485524852
-4.2726440262752794 -65.227375770324215 339.39502185900716
-4.5632612056340767 -65.292517110561832 338.87415886276574
-4.7613242500904267 -65.716153428462022 338.49825554996221
-5.0271850701377669 -65.87393348896633 337.98403431657033
-5.3135307082520402 -66.01738389137391 337.47666053169172
-5.5927033317726744 -66.192559433923947 336.9752862447873
-5.8718759552933095 -66.367734976473997 336.47391195788293
-6.1654764009762903 -66.567654761420783 335.99035135373737
-6.4525548043306085 -66.700128792104479 335.48041349328577
-6.7253935449240858 -66.933821544226333 334.99984433152332
-7.0060291421912551 -67.070242135461044 334.48736693315954
-7.2522992540789986 -67.189704377338501 333.9534382817871
-7.4985693659667136 -67.309166619215972 333.41950963041461
-7.7702168200401207 -67.565166685199429 332.94975264333311
-8.0747556924707613 -67.71943059447031 332.45633727928862
-8.2819622577073275 -67.925661283297046 331.93237703050164
-8.5658716074282157 -68.099591883127914 331.43323413755058
-8.791328459513327 -68.215648551422092 330.88945103962249
-9.0715226852653625 -68.408984574708327 330.39537374004772
-9.3517169110173874 -68.60232059799452 329.90129644047295
-9.6189857349387342 -68.748992101396951 329.38452294478122
-9.8862545588601041 -68.89566360479941 328.86774944908962
-10.098058369448992 -69.050124720732242 328.32804498414163
-10.30986218003788 -69.204585836665075 327.78834051919364
-10.508034555191848 -69.431465023922897 327.26944405156735
-10.759419588420743 -69.567015458084171 326.74177782669864
-11.010804621649623 -69.702565892245431 326.21411160182993
-11.194472197058685 -69.829397716098455 325.65717362485094
-11.380574810191952 -70.071298701711001 325.14059862492866
-11.707120403928876 -70.126745048157645 324.64030503324801
-12.033665997665818 -70.182191394604303 324.14001144156742
-12.120293287584236 -70.427745751482874 323.59945730879315
-12.206920577502659 -70.673300108361431 323.05890317601882
-12.455501055208993 -70.774091220032787 322.52220130541343
-12.704081532915362 -70.874882331704143 321.98549943480805
-12.886662318113519 -70.933233733975726 321.41694040468946
-13.072290547655754 -71.090449521600817 320.86846492071737
-13.25791877719799 -71.247665309225908 320.31998943674523
-13.287414724279518 -71.515584886056772 319.78393991528617
-13.658415467703511 -71.631878598648569 319.32695608538569
-13.769451669184752 -71.820302980368041 318.76823682284481
-14.050017061123166 -71.894913382350495 318.2431498312306
-14.241370096305891 -72.133528426766389 317.7269649065139
-14.538096459179698 -72.326200964146466 317.24237151106246
-14.679537246935638 -72.355398590781618 316.66001251340049
-14.820978034691567 -72.384596217416757 316.07765351573852
-15.171428841201958 -72.811462882809309 316.3121083774771
-15.23608583778929 -72.780203391302251 315.71642195243203
-15.300742834376621 -72.748943899795194 315.12073552738696
-15.430846220616715 -72.916999095566482 314.55963788876858
-15.676305799216635 -73.101777926115389 314.04426775085358
-15.90210906509353 -73.202332455951293 313.49754874473729
-16.127912330970403 -73.302886985787183 312.95082973862094
-16.38380412677558 -73.330747596614799 312.4088489500279
-16.577106847094743 -73.480298949628235 311.86088138608909
-16.743447640594034 -73.639749356835438 311.30689013339691
-16.956273941138924 -73.708509539264028 310.75013434931486
-17.172818165158759 -73.850947892475133 310.20900597768934
-17.396363545197509 -74.004335753821408 309.67374937842601
-17.487700162148471 -74.167056238202719 309.10350410982079
-17.841075407711308 -74.262789741781759 308.62815052340756
-18.026835366134911 -74.365204733566898 308.06689798906666
-18.212595324558521 -74.467619725352037 307.50564545472571
-18.398111755242461 -74.611415602220774 306.95346215206087
-18.583628185926415 -74.755211479089525 306.40127884939602
-18.878440838211215 -74.973458442040538 305.92645913285571
-19.04823729266236 -75.023177447527956 305.35313794490855
-19.313405986087268 -75.270705621499943 304.8752097420188
-19.527072747013094 -75.420427128546265 304.33490428618546
-19.740739507938923 -75.570148635592616 303.79459883035213
-19.954406268864822 -75.719870142638939 303.25429337451885
-20.149236753469165 -75.911718233451651 302.72021904231372
-20.34406723807351 -76.103566324264378 302.18614471010858
-20.544929174194387 -76.318342507205301 301.66314788998528
-20.752937338793465 -76.436287983441773 301.11285572386311
-20.942357150288441 -76.619429820401919 300.57380173531641
-21.131776961783427 -76.802571657362094 300.03474774676977
-21.367961870073547 -77.000392095062935 299.519884887822
-21.604146778363674 -77.198212532763776 299.00502202887429
-21.746927791875081 -77.305890534425799 298.43229257255246
-21.889708805386483 -77.413568536087823 297.85956311623056
-22.103853133207224 -77.576726454138196 297.3233526159234
-22.317997461027975 -77.73988437218857 296.78714211561623
-22.528164869803522 -77.890432227247018 296.24569497726765
-22.738332278579062 -78.040980082305452 295.70424783891906
-22.871834723310815 -78.280754331771817 295.17068865143989
-23.005337168042548 -78.520528581238125 294.6371294639606
-23.274859923222422 -78.621141841185391 294.11059887950898
-23.43093047624469 -78.800722184665958 293.55978776604559
-23.587001029266965 -78.980302528146538 293.00897665258225
-23.849953926722058 -79.125130518508541 292.48947628980306
-24.112906824177163 -79.269958508870573 291.96997592702394
-24.196202813154656 -79.513718735570066 291.42808781117378
-24.279498802132146 -79.757478962269559 290.88619969532363
-24.540053951291192 -79.784429755571722 290.34639911271267
-24.80060910045022 -79.811380548873899 289.80659853010172
-24.962831992334163 -80.036930650912382 289.27479886404387
-25.125054884218105 -80.262480752950864 288.74299919798602
-25.287277776102052 -80.48803085498939 288.21119953192817
-25.528292397938763 -80.494658828495346 287.6617743577433
-25.769307019775464 -80.501286802001289 287.11234918355842
-26.002168518776262 -80.754695659058399 286.62086218123983
-26.21176745867777 -80.894220538625973 286.07625122617753
-26.475882121666832 -81.040730968956652 285.55781305378042
-26.739996784655879 -81.187241399287345 285.03937488138325
-26.864260659355029 -81.339335345301407 284.47243050930552
-27.10316150286376 -81.403125276389147 283.92575214713759
-27.342062346372479 -81.466915207476859 283.37907378496959
-27.529623917439153 -81.795614357625226 282.91348005031381
-27.761445875665419 -81.885071458569016 282.3673518540312
-27.984993807661244 -82.002964903260164 281.82317591024167
-28.208541739657072 -82.120858347951327 281.27899996645209
-28.43208967165295 -82.238751792642518 280.73482402266256
-28.517404539766499 -82.571559366593846 280.24292922496761
-28.771783979684535 -82.584975973944807 279.69968793861852
-29.128876708721844 -82.648643928715586 279.22174319871232
-29.203767718331314 -82.773174159257664 278.63960613722185
-29.394413150534945 -82.954503841536706 278.10037161912749
-29.558768788324734 -83.223468948942966 277.58983758958129
-29.716015881224223 -83.284658633231999 277.014051887856
-29.937503061872924 -83.488796477573288 276.49513843715738
-30.158990242521632 -83.692934321914578 275.9762249864587
-30.294290541737848 -83.549587241906181 275.40952802715412
-30.49424101202343 -83.811946709467435 274.90834211432974
-30.702708053022384 -83.936600329052865 274.35970474051953
-30.911175094021338 -84.061253948638281 273.81106736670927
-31.121446507097364 -84.191490283561393 273.26441900632688
-31.300856327544977 -84.321905281086387 272.70692098413531
-31.480266147992591 -84.452320278611381 272.14942296194374
-31.659675968440183 -84.582735276136361 271.59192493975218
-31.858757850116376 -84.641765354059515 271.02900233913226
-32.057839731792569 -84.700795431982684 270.46607973851241
-32.25914999244015 -84.862825381121382 269.92458137790538
-32.461511938757333 -85.07263470687289 269.4001486467468
-32.64238019258643 -85.174735554282549 268.83724359994488
-32.848492457147785 -85.274643608331559 268.28268421166126
-33.087322198406831 -85.244382082168329 267.73309837239282
-33.179387744582598 -85.493738671480372 267.1951901770899
-33.395285084682875 -85.53359358861448 266.63679970070456
-33.611182424783138 -85.573448505748601 266.07840922431922
-33.774786922045998 -85.837990958559985 265.56532944578964
-33.98472220665046 -85.859242426442663 265.00365734269849
-34.177636392153033 -86.063890448964088 264.47365422581146
-34.376470465196476 -86.160807066304258 263.91591577395405
-34.575304538239919 -86.2577236836444 263.35817732209665
-34.777122065127415 -86.288458169267088 262.79397427599133
-34.978939592014896 -86.319192654889761 262.22977122988601
-35.180757118902399 -86.349927140512435 261.66556818378069
-35.311939690551675 -86.442755701814448 261.08749034204823
-35.767266752410215 -86.582378040682329 260.72254805999756
-35.916594642097401 -86.753500095778321 260.16719373740585
-36.065922531784594 -86.924622150874342 259.61183941481414
-36.084706313739211 -86.984785605579845 259.01515899092431
-36.239337552445065 -87.110131845066832 258.44913999807795
-36.393968791150911 -87.235478084553819 257.8831210052316
-36.597915947452151 -87.39431380028816 257.34166299869389
-36.801863103753405 -87.553149516022515 256.80020499215618
-37.016557715340284 -87.506229161763841 256.24189978520235
-37.117208330723528 -87.831397404355982 255.74779952449353
-37.312706037061432 -87.783910584447014 255.18253352626652
-37.508203743399335 -87.736423764538046 254.61726752803952
-37.622346415905774 -88.128016204915895 254.17723706210336
-37.851335944866612 -88.202125089355334 253.62762659197614
-37.994651016682106 -88.457441860463604 253.10391470879858
-38.137966088497606 -88.712758631571887 252.58020282562106
-38.185851941242611 -88.117783522425313 252.64112543721072
-38.369563273466518 -88.186518600462847 252.0740931317292
-38.553274605690419 -88.255253678500353 251.50706082624771
-38.645066745412393 -88.47505914009237 250.9563705665376
-38.73685888513436 -88.694864601684372 250.40568030682749
-38.828651024856327 -88.914670063276375 249.85499004711738
-39.13345691905819 -88.613934750791387 249.43469058401473
-38.878674285815748 -89.14174598935945 249.56314721575981
-39.174415717606287 -89.181008261058309 249.04257495416351
-39.350542910943524 -89.183111805736772 248.46901171713822
-39.526670104280761 -89.185215350415234 247.89544848011292
-39.721098639379868 -89.36054121702621 247.35557962081808
-39.82047861551586 -89.704675872010313 246.87423259466937
-40.00723270884108 -89.73327519442924 246.30475477474707
-40.193986802166307 -89.761874516848195 245.73527695482477
-40.370221748012298 -89.903745390696187 245.17956668947394
-40.546456693858282 -90.045616264544179 244.62385642412315
-40.722691639704273 -90.187487138392186 244.06814615877232
-40.898926585550257 -90.329358012240192 243.51243589342153
-41.075161531396247 -90.471228886088184 242.95672562807073
-41.263649885845702 -90.492775215924325 242.3875087134349
-41.435939443817972 -90.567194287980982 241.8176156445808
-41.615411030412609 -90.750046905796722 241.27507083558976
-41.794589080629777 -90.885685317791101 240.71874588781913
-41.973767130846937 -91.021323729785493 240.16242094004846
-42.126027798097951 -91.270497224105711 239.63827472100598
-42.319644790023155 -91.27266267226355 239.0703770442436
-42.537373221304264 -91.406876840295553 238.52762398132148
-42.747156143682922 -91.529441188884945 237.97901746847907
-42.961883879048187 -91.596525916329099 237.42278762479154
-43.17661161441346 -91.663610643773239 236.86655778110404
-43.427940793506501 -91.845534899130513 236.35300426972557
-43.654125308120882 -91.772069601878911 235.80214728697197
-43.762057240877098 -91.958687625710397 235.24221478115297
-43.866949160447291 -92.208082625486583 234.70667783630648
-44.035963541539218 -92.346504132674369 234.14786335427152
-44.234979243345251 -92.354296180016533 233.58188452566318
-44.433994945151284 -92.362088227358683 233.01590569705485
-44.621559927577671 -92.457001946951749 232.45393526793924
-44.809124910004051 -92.551915666544815 231.89196483882361
-45.015058141219754 -92.624496237332053 231.3331056749681
-45.220991372435464 -92.697076808119306 230.77424651111261
-45.42692460365118 -92.769657378906544 230.21538734725709
-45.566180840137356 -93.185945951731895 229.80635003265766
-45.690469261108767 -93.298185325588406 229.23019492214598
-45.817405180172912 -93.458480652708971 228.66610921894599
-46.004583944774176 -93.590727452066147 228.11160503127729
-46.168090700540944 -93.816896446708469 227.58046180513097
-46.331597456307719 -94.043065441350791 227.0493185789847
-46.53139368844402 -93.957582227397239 226.4900564885867
-46.73118992058032 -93.872099013443716 225.93079439818871
-46.823038247318543 -94.19624926400941 225.434316302062
-46.989194719764669 -94.327375791727803 224.8728914536693
-47.142346512235235 -94.43302948305147 224.30246895589002
-47.330232439624567 -94.579090385170161 223.75168307084817
-47.518118367013884 -94.725151287288838 223.20089718580635
-47.643103677197189 -94.942398082396863 222.65575270747635
-47.768088987380494 -95.159644877504888 222.11060822914638
-47.931726694169718 -95.21160685073572 221.53569723233494
-48.041962331549861 -95.456416720167368 220.99911896956218
-48.19657112554323 -95.558508180613572 220.42844090399117
-48.352129085558971 -95.782741772186156 219.89409923662259
-48.50768704557472 -96.006975363758755 219.35975756925404
-48.666097198445229 -96.114385856665606 218.79110195336597
-48.824507351315745 -96.221796349572472 218.22244633747792
-49.011157605088805 -96.422591732699843 217.6887395857114
-49.114415547778322 -96.691891856842105 217.16260724455711
-49.283183709225305 -96.831636658970538 216.60404775984676
-49.451951870672289 -96.971381461098971 216.04548827513639
-49.546791456169487 -97.012956502275927 215.45449168548984
-49.715213101123823 -97.228701978099025 214.92055532301509
-49.883634746078158 -97.444447453922137 214.3866189605404
-50.033295931623158 -97.618336880007718 213.83221477852436
-50.213691470666177 -97.791856439988422 213.286918151176
-50.34382099932045 -97.988400187297046 212.73516017781623
-50.496598365407664 -98.214620965422455 212.20085386496208
-50.671845127976958 -98.477423374627378 211.6907328342987
-50.847091890546238 -98.740225783832301 211.18061180363534
-50.992331484896162 -98.819443125073732 210.60387089726601
-51.137571079246122 -98.898660466315135 210.02712999089667
-51.242222495877073 -99.10391319705235 209.47312692454952
-51.343977492026113 -99.530778518066441 209.06394246923111
-51.476049201322198 -99.838968280120227 208.56637223884263
-51.648202122471204 -99.663801612751058 208.01894186849162
-51.790779056915937 -99.878926520333465 207.47728414270713
-52.035276727006348 -100.09720866465457 206.97471693845387
-52.013548607114743 -100.41039871914955 206.46340501939525
-52.232024955324995 -100.52780226806365 205.91706767674413
-52.450501303535248 -100.64520581697769 205.37073033409303
-52.480008282636291 -100.77225337758041 204.78507834226747
-52.619219729249565 -101.06486832484141 204.28010639673855
-52.758431175862846 -101.35748327210243 203.77513445120962
-52.905513385130234 -101.46914804104287 203.20425985631638
-53.05865351555078 -101.53076065228895 202.6274132678804
-53.180794144028688 -101.87359898836044 202.15039802473325
-53.332273499069494 -102.07537168398119 201.60602518898705
-53.47526535079497 -102.22619752705583 201.04317094906258
-53.570452705590661 -102.51692430776259 200.52701466801304
-53.700420261462668 -102.7134082896652 199.97519723509129
-53.897873974249208 -102.82037501452776 199.41880694844082
-54.00692531068394 -103.16638783238315 198.9409126757177
-54.139135814334296 -103.2720464226531 198.36527681423348
-54.192090216118707 -103.51268633283357 197.81820436477182
-54.245044617903147 -103.75332624301407 197.27113191531015
-54.499648308419239 -103.42303618851258 196.83975569821769
-54.681429973274227 -103.63803387138933 196.3099147572928
-54.863211638129215 -103.8530315542661 195.78007381636789
-54.937820926756004 -104.12705455203582 195.25154297455836
-55.068324480052716 -104.40422082049329 194.73564794433779
-55.157447757064787 -104.67042432572914 194.20537185087818
-55.246571034076872 -104.93662783096497 193.67509575741855
-55.398106008510396 -105.18198351722415 193.14894203582787
-55.642803342713719 -105.31931227810212 192.61859872619769
-55.695844599164367 -105.54058687729886 192.06341931657909
-55.825394548919895 -105.70126967839626 191.50003858567871
-55.933533408912261 -105.90209108220942 190.94508205519179
-56.041672268904641 -106.10291248602262 190.3901255247049
-56.331988816088639 -106.32577515994254 189.9146799116171
-56.622305363272645 -106.54863783386244 189.43923429852933
-56.545143087512045 -106.77457052496239 188.8887795753306
-56.648623843351174 -107.06858095904867 188.37609097801311
-56.752104599190304 -107.36259139313498 187.86340238069565
-56.902760767361556 -107.55458496643196 187.3152772245455
-56.857061652388168 -107.93842801146249 186.85639150056585
-57.024675597465453 -108.01510446121276 186.03694718617569
-57.024675597465453 -108.01510446121276 186.03694718617569
-57.297180385193187 -108.0192401477195 185.5024155811582
-57.52789457828753 -108.17829681121502 184.97187629052789
-57.758608771381901 -108.33735347471058 184.4413369998976
-57.96650354967462 -108.505691057127 183.90426882963911
-58.107620159452722 -108.67032832517118 183.34482207398165
-58.249116253929103 -108.87747344948045 182.79978101798417
-58.39061234840549 -109.08461857378973 182.2547399619867
-58.539861586367991 -109.37216308501188 181.74972231968735
-58.689110824330477 -109.65970759623406 181.24470467738797
-58.87081003497557 -109.62020232464923 180.67424457328957
-59.051363724905627 -109.84330308216886 180.14734190955861
-59.231917414835685 -110.06640383968852 179.62043924582764
-59.409823978142107 -110.24122711046292 179.07474145517034
-59.57008933904622 -110.34782076331567 178.50645208586474
-59.730354699950325 -110.4544144161684 177.93816271655911
-59.923674397242145 -110.7697077382863 177.46570360122016
-60.077963376690128 -110.89002694724306 176.89850152190724
-60.230631251561285 -111.09447023537795 176.35545874097838
-60.375687125042496 -111.26921879514934 175.80010143759034
-60.548705778276826 -111.3111867977143 175.22712392285376
-60.666682616161026 -111.62099837513581 174.72702568028694
-60.784659454045268 -111.93080995255738 174.22692743772015
-61.04450948152779 -111.84684160752631 173.69267349037858
-61.213749052318576 -112.00264546670228 173.13852267593865
-61.405662256289759 -112.12358529118667 172.5830563124249
-61.597682041857738 -112.31302940036309 172.04710917748642
-61.789701827425731 -112.50247350953956 171.51116204254794
-61.73499058174265 -112.99905428740124 171.17887570419788
-61.975822268736394 -112.94614039846383 170.6318837308589
-62.086677069579409 -113.22063822190819 170.11000045075275
-62.009273494764429 -113.54348330410494 169.61022075978158
-62.266247705254912 -113.58538014358714 168.99684319330271
-62.523221915745395 -113.62727698306938 168.38346562682383
-62.523221915745395 -113.62727698306938 168.38346562682383
-62.731371752109041 -113.88134785667319 167.88134847235887
-62.939521588472701 -114.135418730277 167.37923131789393
-63.1399017403538 -114.14355421466897 166.81373895841784
-63.315854974578542 -114.28070190795079 166.25675514393726
-63.491808208803278 -114.41784960123262 165.69977132945669
-63.671020958761474 -114.55567765222285 165.14399599839868
-63.850233708719671 -114.69350570321311 164.58822066734064
-64.006410548043988 -114.913122245975 164.05214476879272
-64.162587387368305 -115.13273878873693 163.51606887024477
-64.309591312484955 -115.4873071283132 163.05490605889673
-64.474430729449253 -115.57434636655826 162.48459724989885
-64.639270146413537 -115.66138560480333 161.91428844090098
-64.741640750600482 -115.9017688782906 161.37416239892008
-64.949403501798145 -116.11768007486792 160.85433839561961
-65.115058921389462 -116.26177126133045 160.29595142232614
-65.264427179764567 -116.42327294683935 159.73773432390672
-65.39504342208275 -116.56658964907641 159.16993178771779
-65.644554488089966 -116.65911545548768 158.6321742186517
-65.726010394174708 -116.91279944496812 158.09457830270256
-65.91967022121429 -117.19263105560421 157.60042231409187
-66.041362960084783 -117.36745446984887 157.0395055188913
-66.199539871723118 -117.53854450068135 156.48659660598224
-66.383307669958157 -117.66169466097503 155.92886599506735
-66.537451390044069 -117.83846503074167 155.37660523244642
-66.691595110129981 -118.0152354005083 154.82434446982549
-66.808107345447198 -118.25540854584222 154.28699750623326
-66.919894732790013 -118.53613299946392 153.76863724428227
-67.031682120132842 -118.81685745308565 153.25027698233134
-67.226226285377209 -118.83918406771707 152.68313141896292
-67.377643325888997 -119.03671268879711 152.13718698617066
-67.492033427529876 -119.13267305824036 151.55606177406668
-67.606423529170726 -119.22863342768355 150.97493656196266
-67.850011047354371 -119.41459825688403 150.45910499712238
-67.906387269748706 -119.74365447093552 149.96056339450269
-67.962763492143068 -120.07271068498706 149.46202179188296
-68.129581696146744 -120.02492780194527 148.88766259860648
-68.296399900150433 -119.97714491890349 148.31330340533003
-68.488637205650235 -120.28571623639758 147.83598950400915
-68.57341296982483 -120.57889021761893 147.31940254468532
-68.775118671510469 -120.67819965053533 146.76311804333611
-68.893514505781212 -120.88137832471598 146.2111208940812
-69.028636186193538 -121.04161959768071 145.64892442849182
-69.163757866605863 -121.20186087064546 145.08672796290244
-69.337305235064463 -121.3574263908516 144.53384399693485
-69.510852603523062 -121.51299191105775 143.98096003096722
-69.643718776728761 -121.73103048150611 143.4379998465941
-69.805538549485988 -121.87078120475931 142.87738937889392
-69.967358322243186 -122.01053192801253 142.31677891119375
-70.056410079355118 -122.25507765976866 141.77616151447484
-70.183311028766312 -122.46676284711005 141.22927438672471
-70.339150351760296 -122.58176163533751 140.66139289898717
-70.474233196758092 -122.73545357832927 140.09736150655698
-70.609316041755889 -122.88914552132103 139.53333011412684
-70.767946011636383 -123.17510704873052 139.03027689875358
-70.926575981516876 -123.46106857614002 138.52722368338036
-71.051838445276715 -123.69739244616926 137.99013864018215
-71.215216395220097 -123.75225476364082 137.41542325706286
-71.351402974145955 -123.94039928919035 136.86220101128256
-71.525935601874579 -124.00787011565103 136.29212553431933
-71.628185059592312 -124.3228465418205 135.79179074704788
-71.794625175489003 -124.47977341078328 135.23710917567757
-71.96106529138568 -124.63670027974607 134.68242760430726
-72.047715983779057 -124.81291919608319 134.11547209367814
-72.241306036104803 -124.92319629953943 133.55837079939332
-72.392467109045853 -125.08421342870501 133.00049642810296
-72.554807048488641 -125.28030130443048 132.45717765513891
-72.701936918098298 -125.51457673116576 131.92476068893981
-72.870077043819478 -125.70714948738944 131.3819489060142
-73.038217169540658 -125.89972224361311 130.83913712308859
-73.167687212933686 -126.04366649513713 130.27123082772201
-73.391573666429224 -126.19323069543789 129.73503552195217
-73.487783719825543 -126.43920575961018 129.19629635182352
-73.667948493828675 -126.77292564668851 128.73135367667223
-73.76494273905611 -126.86548560583751 128.14652483816039
-73.961716944733354 -127.04594255774718 127.6092025880278
-74.126654908756208 -127.10836656278772 127.03570567293698
-74.318956248540047 -127.23966225478844 126.48273041491959
-74.44585581523593 -127.49278852548545 125.95374686975451
-74.572755381931785 -127.74591479618248 125.42476332458943
-74.748731601435182 -127.92934629066083 124.88126975792765
-74.924707820938565 -128.11277778513917 124.33777619126587
-75.031677973451551 -128.27388547109808 123.76979582189003
-75.071245297117983 -128.58905991754187 123.26077765403477
-75.258884051496452 -128.80513734794181 122.7334236534554
-75.446522805874935 -129.02121477834174 122.20606965287604
-75.553479716590502 -129.08361098216369 121.61898624057521
-75.705527482055473 -129.26195805137803 121.06665137844921
-75.85757524752043 -129.4403051205924 120.51431651632319
-76.009612370467181 -129.71504971829035 120.0030434784248
-76.140821418526869 -129.85996408988848 119.4357833876273
-76.276845847325689 -130.07769905674132 118.8934838034678
-76.431654975174681 -130.31690441266477 118.36545451296192
-76.586464103023673 -130.55610976858827 117.83742522245605
-76.707581390771011 -130.60863931766602 117.25212935788632
-76.82869867851835 -130.66116886674371 116.66683349331659
-76.953822155853715 -130.93042430960207 116.14544532514371
-77.094536223091168 -131.13232889893729 115.59823961602982
-77.235250290328636 -131.33423348827253 115.0510339069159
-77.375964357566062 -131.5361380776078 114.50382819780199
-77.507610832521991 -131.69764372092246 113.9411692133281
-77.60935736647194 -131.95987826899531 113.41118743569211
-77.772548255295703 -132.14043950609306 112.862765724358
-77.935739144119452 -132.32100074319081 112.31434401302388
-78.065187269944516 -132.54290497890787 111.77212478347626
-78.194635395769581 -132.7648092146249 111.22990555392865
-78.296913348076529 -132.98339078690177 110.68057749462994
-78.399191300383478 -133.2019723591786 110.13124943533123
-78.568327415919043 -133.37206970973108 109.58128592221735
-78.758127194327528 -133.5705417037413 109.04782091707673
-78.866671417995491 -133.73712064687933 108.48172056624541
-79.026541088966397 -133.90934372138551 107.92965091401727
-79.149315839333141 -134.06985362014541 107.36470584317192
-79.301906746734232 -134.3519008640541 106.85759109562257
-79.496588964790504 -134.47801925062663 106.30424401960154
-79.598379377615885 -134.7728812093228 105.79170608230257
-79.753416719149541 -134.88457610004522 105.22294631393223
-79.91150801834948 -135.07742880664551 104.67722204777374
-80.069599317549432 -135.27028151324578 104.13149778161525
-80.227690616749342 -135.46313421984593 103.58577351545671
-80.337581390986159 -135.74936826554463 103.0700273678021
-80.466015696309825 -135.8781479783483 102.49825782088112
-80.62829272707009 -136.08386755315257 101.95849340761364
-80.774080940893654 -136.27075797772451 101.40729674043082
-80.884139265643569 -136.51193643731904 100.86904018842159
-80.994197590393483 -136.75311489691359 100.33078363641238
-81.232192057504591 -136.71957591618133 99.781025716600453
-81.317653875327224 -137.0025618545659 99.258900026396404
-81.464599152082513 -137.23318709238362 98.724840961010528
-81.637456671734569 -137.51548784549431 98.224414580118335
-81.775051828235249 -137.74172284894854 97.686004609817246
-81.949016094276445 -137.90774553315134 97.136302051636136
-82.075502736352718 -138.00622700298214 96.558113043200109
-82.223412425430041 -138.26683271280942 96.03829828015229
-82.37132211450735 -138.52743842263669 95.518483517104443
-82.516392627738782 -138.54121385845423 94.936448480737383
-82.638164573050773 -138.73267878276928 94.381009216648181
-82.801907315175868 -138.88307818199038 93.823722634075722
-82.968634664888128 -139.1216145562602 93.299029972598419
-83.135362014600403 -139.36015093052998 92.774337311121116
-83.196226829085234 -139.53163591643914 92.202595783885712
-83.367013087135547 -139.71532696141219 91.657536471463771
-83.537799345185888 -139.89901800638518 91.112477159041816
-83.704257138641438 -140.01003606303638 90.54682108500451
-83.782834155318099 -140.34276646002533 90.05375300109543
-83.970521221181201 -140.51990476687598 89.512092973445448
-84.095591375971082 -140.74279409130639 88.969250634054177
-84.233047548562197 -141.01358826953151 88.451779558866406
-84.390345509931336 -141.20235225020932 87.904398968282692
-84.547643471300518 -141.39111623088712 87.357018377698978
-84.703775554209727 -141.70613298571925 86.870821692332385
-84.801999875046761 -141.88688827165146 86.307191042523783
-84.952071136209426 -142.13101798288224 85.780048461557854
-85.102142397372106 -142.37514769411305 85.252905880591939
-85.256568612947191 -142.48808537205377 84.684225280567176
-85.342099400766273 -142.76781076463917 84.160356796042691
-85.569101374783472 -142.9500582478075 83.635708381701136
-85.671203060638064 -143.399758347447 83.251852854021948
-85.85693315299099 -143.37695501121078 82.681778875795374
-85.985036154666446 -143.63222027191034 82.154114903515932
-86.159339275907001 -143.7709235632141 81.596997484198155
-86.333642397147543 -143.90962685451785 81.039880064880364
-86.485014921908743 -144.20695000568463 80.541196495341836
-86.609370305240247 -144.39756894855464 79.986038718439104
-86.733725688571738 -144.58818789142464 79.430880941536344
-86.948265143443436 -144.79754185466308 78.911127403424587
-86.985476410770005 -145.05165978043681 78.368873402623848
-87.177619512373468 -145.25412463067727 77.837752876826443
-87.352706228279857 -145.47586853246312 77.308437957393878
-87.527792944186245 -145.69761243424895 76.779123037961313
-87.670558374383546 -145.90675760116108 76.23517788346696
-87.873869071483881 -145.89473574122562 75.67080191363101
-87.99007630336466 -146.12223492636446 75.127902291214696
-88.109056145159741 -146.52717397678421 74.701442254761602
-88.237033351474636 -146.6304966635042 74.124427300819519
-88.365010557789532 -146.73381935022422 73.547412346877422
-88.530183975519549 -147.09195592791383 73.095244309753895
-88.677903026588197 -147.37169202388918 72.58541414336527
-88.825622077656831 -147.65142811986453 72.075583976976645
-88.973341128725465 -147.93116421583989 71.565753810588021
-89.105041043462364 -148.20622465892899 71.04903639738626
-89.337116080906583 -148.32912284622327 70.509557748545518
-89.569191118350886 -148.45202103351744 69.970079099704776
-89.665944970959146 -148.82458654629227 69.509825223353602
-89.776115382459523 -149.08870218446091 68.982468218939488
-89.914541795355618 -149.4815221800925 68.550576358348536
-90.08406270561828 -149.73593722593534 68.034305455205143
-90.234041993924876 -149.87476108586145 67.470182995987059
-90.384021282231487 -150.01358494578758 66.906060536768976
-90.557131009748886 -150.2437368028809 66.379692656940293
-90.610988730438578 -150.5448066938701 65.86349863657405
-90.871625556921131 -150.69368870428713 65.343977133982207
-91.132262383403685 -150.84257071470427 64.824455631390393
-91.198279999241407 -151.14756698745836 64.311992024872609
-91.348893999449615 -151.38329298645533 63.781191990642981
-91.499507999657823 -151.61901898545227 63.250391956413353
-91.598853198320256 -151.8836095869662 62.721126101579294
-91.698198396982676 -152.14820018848013 62.191860246745236
-91.931483932990886 -152.37243509877845 61.686591443341669
-91.99156036641098 -152.66495870076841 61.166187019430481
-92.051636799831073 -152.95748230275839 60.645782595519293
-92.308165370052478 -153.15231383037732 60.139587209817442
-92.474743795202897 -153.36020707422864 59.601970220283647
-92.604924981760846 -153.63159305888092 59.082930235310741
-92.787743780377141 -153.75960607921928 58.525983241875693
-92.970562578993423 -153.88761909955767 57.969036248440638
-93.153381377609719 -154.01563211989603 57.412089255005583
-93.300209347608245 -154.33181044942086 56.923752474530275
-93.447037317606771 -154.64798877894572 56.43541569405496
-93.50795362275889 -154.93846473939777 55.913962992301421
-93.728875180386837 -155.19053965061769 55.416316627390849
-93.864029636987553 -155.57430528825375 54.975343603010948
-93.999184093588298 -155.95807092588979 54.534370578631048
-94.157388881436674 -156.05123223482872 53.963150642337993
-94.546146306413689 -156.22565448951832 53.713041747763597
-94.934903731390705 -156.40007674420795 53.462932853189216
