4.8633917649668774 -102.45550019903131 452.45442606888048
117.32670824817242 -47.204211917813325 256.52279463812459
4.8633917649668774 -102.45550019903131 452.45442606888048
5.2127788073193013 -102.29626666001417 451.99336926686112
5.5621658496717368 -102.13703312099702 451.53231246484177
5.8870415871085857 -101.90471511187161 451.08455795859879
6.2287580864317871 -101.74241141404322 450.61884630557569
6.5704745857549893 -101.58010771621483 450.15313465255258
6.9338811838309002 -101.53164534157015 449.67817460926608
7.3289776728354168 -101.44560277657288 449.23489654598643
7.6388860301985035 -101.34918276187852 448.73025807063715
7.9963260313860047 -101.22912976517641 448.26354196470777
8.3779560667749475 -101.12021977534187 447.81354515338205
8.6976233783217047 -100.97624207292479 447.32663321972757
9.01729068986843 -100.83226437050772 446.83972128607309
9.3852031493538455 -100.70189971269892 446.38403995207989
9.7531156088392859 -100.57153505489012 445.9283586180868
10.093806304012288 -100.54948723197131 445.43495843190215
10.446140722109224 -100.42393297812322 444.96581390495447
10.798475140206147 -100.29837872427512 444.49666937800686
11.155372807309892 -100.19304338449697 444.02600121314998
11.512270474413633 -100.08770804471882 443.55533304829316
11.886804487009957 -99.924332650794014 443.11597811880176
12.268191200132264 -99.83742615386484 442.66101500398338
12.654544853364353 -99.73513159900584 442.21350335197815
13.029760063960671 -99.639243131077535 441.75522510958001
13.436953757191905 -99.598388922038765 441.31644927866347
13.804787652570663 -99.534831445278186 440.84670608014073
14.172621547949456 -99.471273968517622 440.37696288161817
14.5678100415095 -99.398869650147901 439.93133560547903
14.962998535069554 -99.326465331778181 439.4857083293399
15.33696541393628 -99.346081185016416 439.01691840644008
15.680795676274712 -99.262209786276372 438.53241212250384
16.024625938613145 -99.178338387536328 438.04790583856766
16.381647336762612 -99.170238712003041 437.56575428923935
16.738668734912107 -99.162139036469753 437.0836027399111
17.131580882654127 -99.133924525451988 436.63102790021628
17.404363101448599 -99.001855831695721 436.1131980814157
17.782414641010654 -98.946117133354988 435.65062891800119
18.137375545344945 -98.873326703122672 435.17239852408966
18.497340332568658 -98.795038587981495 434.6987991966127
18.869419064436443 -98.710825758188349 434.23569487079629
19.241497796304181 -98.62661292839519 433.77259054497983
19.576722558661963 -98.439100557254903 433.31165294684797
19.888179727164307 -98.362065145683857 432.80464212097479
20.199636895666679 -98.285029734112783 432.29763129510167
20.612290057892046 -98.128588024754535 431.89112993067772
20.97447471249988 -98.138896040209232 431.4128872926957
21.232921923416765 -97.845616554970803 430.95770361250982
21.491369134333684 -97.552337069732317 430.50251993232393
21.87554780662677 -97.501367223318852 430.0444710020646
22.259726478919884 -97.450397376905357 429.58642207180526
22.548869662230626 -97.22506901636639 429.11142380919608
22.881528408564684 -97.075769117299799 428.63492858505822
23.214187154898756 -96.92646921823318 428.15843336092041
23.473038601451389 -96.726616555949846 427.65538779439993
23.795204643678911 -96.616999853120234 427.16122869077418
24.117370685906433 -96.507383150290622 426.66706958714838
24.403846929535199 -96.30170944527238 426.18165256138553
24.725157782621661 -96.135488625537235 425.70297733247196
25.046468635708166 -95.969267805802048 425.2243021035585
25.287166426613915 -95.777460267538657 424.70925410412701
25.583136943903568 -95.620716462419665 424.21142598875775
25.898662937527245 -95.417745248818292 423.74318883325111
26.19329594918641 -95.209678207819152 423.26371047618949
26.486914417377903 -95.000255985244848 422.78419975907372
26.745322090175314 -94.793066184528726 422.28390198662356
27.061665173137136 -94.633680952164099 421.79962582412298
27.348126231841263 -94.421470228295789 421.31702177262588
27.621343273294997 -94.182190762058497 420.83942593376577
27.894560314748752 -93.942911295821176 420.36183009490571
28.213728012312885 -93.907973168317781 419.85496590394507
28.532895709877049 -93.873035040814372 419.34810171298443
28.794070936021797 -93.565380627552145 418.90410141653348
29.055246162166547 -93.257726214289903 418.46010112008253
29.322682096492333 -93.242260113432366 417.92322234348995
29.590118030818115 -93.226794012574857 417.38634356689738
29.87003576039023 -93.010537462851744 416.90170022445562
30.149953489962392 -92.794280913128603 416.41705688201398
30.412765774411234 -92.671127244085284 415.89192558705628
30.667973547897333 -92.486612393805856 415.38121699854554
31.010536314146982 -92.334358596173132 414.91274124433221
31.249751378938861 -92.317831085993532 414.36273852235365
31.519876689748848 -92.09445504663303 413.87577295734991
31.789860116852516 -91.993846561108981 413.34947752536334
32.064065266213106 -91.875183440764985 412.8291597379158
32.343156642891259 -91.732657064586633 412.31750141876381
32.62224801956944 -91.590130688408266 411.80584309961193
32.871742204738851 -91.427859582826287 411.28486254348735
33.169754625737568 -91.276603970113626 410.78655507158527
33.46422541051642 -91.145374764019166 410.28052557404635
33.739710904637363 -91.107646989243463 409.74884488271044
34.045016754138985 -90.908205249351241 409.27238782205455
34.305683096517051 -90.768642368500551 408.75030041534961
34.613715242391685 -90.697940788879691 408.24028327470921
34.921747388266319 -90.627239209258818 407.73026613406887
35.185042183148582 -90.470836279721382 407.21430685794331
35.462862166275109 -90.375674017128759 406.69108587140528
35.742657618302999 -90.300351527167678 406.16568980410887
36.04689160830894 -90.193505186401154 405.65970014137861
36.336711036588731 -90.089482856273634 405.14473989647962
36.652928523026489 -90.003130796725571 404.64219654204862
36.969146009464232 -89.916778737177481 404.13965318761757
37.215038233076989 -89.77437401286474 403.61120460084669
37.460930456689745 -89.631969288552 403.0827560140757
37.758705435729013 -89.500062490814187 402.57884068530637
38.040365275978971 -89.424112611217026 402.0545322358422
38.322025116228943 -89.348162731619851 401.53022378637797
38.633194447087675 -89.256233546510998 401.02552320934427
38.944363777946393 -89.164304361402159 400.52082263231057
39.194695858865913 -89.028867800886658 399.99262684726659
39.44502793978544 -88.893431240371157 399.46443106222262
39.729905737284618 -88.726467099830714 398.96346438043071
40.024381966327709 -88.679242874245887 398.44283627607359
40.318858195370808 -88.632018648661045 397.92220817171653
40.541486315310564 -88.426819769895559 397.40420224475668
40.871528457028127 -88.407382362130051 396.90350835437073
41.140010415977869 -88.28697688188484 396.38061261137273
41.407061777712293 -88.171414186335738 395.85589475042912
41.674113139446725 -88.055851490786637 395.33117688948556
41.929516378816608 -88.319864275185211 394.85676521699691
42.075537889493091 -87.791479536021058 394.61286506152703
42.365430673793597 -87.62808710129508 394.11360051653634
42.580008885433699 -87.730398491609861 393.56270254912204
42.935511935029098 -88.00432701341451 393.16448056747078
42.836834278545957 -87.679850659956585 392.66952823021228
42.738156622062817 -87.355374306498646 392.17457589295384
43.067775948072956 -87.212071899020629 391.69414325466659
43.397395274083081 -87.068769491542611 391.21371061637939
43.873486704964776 -87.052500931323323 390.84891987720221
44.349578135846464 -87.036232371104035 390.48412913802503
44.523735220330117 -86.927913145308693 389.92027077349786
44.697892304813784 -86.81959391951338 389.35641240897064
45.057263791561994 -86.716659958436054 388.88709723324189
45.347688775998357 -86.625404760638105 388.37006162780455
45.63811376043472 -86.53414956284017 387.85302602236715
45.765664633247006 -86.445605633449944 387.27346519949094
46.054823333269624 -86.213730613498228 386.80163766603869
46.35632606811123 -86.231711554084342 386.28320465526616
46.579552604440835 -86.120188160931477 385.73755600800501
46.81652425089537 -85.92004502488173 385.2239538624986
47.053495897349855 -85.719901888832013 384.71035171699214
47.351150011459445 -85.802611733553874 384.19599667430305
47.554376658134828 -85.596731011144655 383.67034274040606
47.808085790631722 -85.545074560207027 383.1290819094159
48.102780436550162 -85.519245696556865 382.60707813982265
48.391569211423622 -85.396904432975845 382.09557676276438
48.680357986297096 -85.274563169394838 381.58407538570617
48.884164542924495 -85.197565550138833 381.02502775436824
49.138348681516725 -85.061137413291291 380.49893100740582
49.394093053820093 -84.977961878052724 379.96257604437022
49.649837426123433 -84.894786342814172 379.42622108133457
49.88600866359058 -84.789494928621849 378.88479992854258
50.122179901057734 -84.684203514429527 378.34337877575058
50.396830506151346 -84.679583351765544 377.80995052451271
50.671481111244972 -84.674963189101547 377.27652227327485
50.880592050316096 -84.466282712611104 376.75429141063603
51.120589333434239 -84.333117710753754 376.22074817304764
51.457184615259884 -84.353710165067383 375.7244825515524
51.633266474212768 -84.196213970312144 375.17294821210896
51.809348333165644 -84.038717775556918 374.62141387266553
52.098168578000909 -84.037795787091483 374.09550321855158
52.386988822836159 -84.036873798626047 373.56959256443758
52.628832438247272 -83.866557743191365 373.04757330526604
52.870676053658386 -83.696241687756682 372.52555404609444
53.127018834895729 -83.553884061369345 372.00208228494887
53.383361616133072 -83.411526434982008 371.47861052380324
53.636509799210181 -83.434632134666629 370.93511983938737
53.893169424545292 -83.487287150572456 370.39534832659444
54.152592820522003 -83.313398004702634 369.88303780887247
54.419722057620866 -83.237375108025873 369.35118962577144
54.666028169378272 -83.080000710310657 368.8271985969792
54.919459440456777 -82.964276471475145 368.29580374248263
55.19661602127961 -82.904749554547166 367.76699302410827
55.47377260210245 -82.845222637619173 367.23818230573386
55.730412905053733 -82.693913271379699 366.71737405830561
55.987053208005022 -82.542603905140226 366.19656581087736
56.294775411976069 -82.480410393550841 365.68525473892663
56.602497615947108 -82.418216881961456 365.1739436669759
56.895070449555377 -82.300547192215845 364.66349780192297
57.187643283163652 -82.182877502470205 364.1530519368701
57.427324715072345 -82.052550893759928 363.61866650830723
57.667006146981045 -81.922224285049637 363.08428107974441
57.946077679297886 -81.841440729798279 362.55931146438439
58.212284336789438 -81.709666692277395 362.03799618689618
58.483460751780818 -81.626618958118101 361.50925577251172
58.754637166772213 -81.543571223958821 360.98051535812726
59.02337718108155 -81.415417406907892 360.45959751058865
59.276042070864285 -81.223755389094649 359.95025860141436
59.528706960647035 -81.03209337128142 359.44091969224007
59.806248726325784 -80.938375737431855 358.91729045947176
60.083790492004525 -80.84465810358229 358.39366122670344
60.356919321606917 -80.707414162316411 357.87736214378168
60.662606336389217 -80.674342440749996 357.36213237928229
60.968293351171496 -80.641270719183524 356.84690261478283
61.182084242637472 -80.450817851424645 356.31962549609801
61.435906940155235 -80.335365778521904 355.78835827794194
61.689729637673011 -80.219913705619177 355.25709105978592
61.987630633100913 -80.095522773620473 354.75134221603082
62.285531628528815 -79.971131841621769 354.24559337227578
62.558708072933541 -79.857929946177393 353.723520617681
62.831884517338246 -79.744728050733002 353.20144786308617
63.093297223057277 -79.677588040983352 352.66557883395734
63.354709928776309 -79.610448031233688 352.12970980482851
63.561587412621577 -79.355154446459736 351.62768700429939
63.84544317507185 -79.241547014744683 351.11143197276658
64.129298937522123 -79.127939583029629 350.59517694123389
64.422844316225905 -78.994454471128989 350.08919983153174
64.695232922417688 -78.85776807032758 349.57236206680005
64.957326218489726 -78.757201396961193 349.04208530098606
65.219419514561736 -78.656634723594806 348.51180853517212
65.455076411860972 -78.513021303657027 347.97904121976222
65.663270670801083 -78.354395264321838 347.43914036757803
65.951782541345864 -78.218426105287449 346.93093441685897
66.240294411890659 -78.082456946253046 346.42272846613997
66.537461987666816 -77.999669766393751 345.90810460859132
66.834629563442974 -77.916882586534456 345.3934807510426
66.950057998958414 -77.775537794921959 344.82190579868859
67.065486434473868 -77.634193003309434 344.25033084633458
67.545238820679288 -77.482160273849018 343.9236449159626
68.024991206884664 -77.330127544388631 343.5969589855905
68.148678681823242 -77.216406725386562 343.02096507601436
68.272366156761805 -77.102685906384494 342.44497116643822
68.411039724472573 -76.907096603564668 341.89495801546741
68.832077152400274 -77.058899796524784 341.49535411797495
69.064549115214803 -76.819845113598618 340.99654589322699
69.291882726823303 -76.636208737181491 340.47252575020821
69.680650131615323 -76.57353853806022 340.01983120516331
69.789729669594564 -76.280753577844806 339.50760213388185
70.057546666269658 -76.192936139167671 338.97792095264532
70.325363662944795 -76.105118700490536 338.44823977140879
70.576047262400365 -75.934710123187898 337.93043802387831
70.826730861855907 -75.764301545885246 337.41263627634771
71.114865733632584 -75.650018982752542 336.89890697853605
71.403000605409275 -75.535736419619852 336.38517768072444
71.691135477185895 -75.421453856487148 335.87144838291272
71.89592822176138 -75.292392495061534 335.32244647330202
72.158101428696796 -75.112376964217489 334.81366398714499
72.419305587894854 -74.938561353661228 334.30223410852568
72.680509747092913 -74.764745743104967 333.79080422990631
72.94981788221574 -74.582508595393762 333.28655949731035
73.251471166301414 -74.481113990969718 332.77790988274842
73.496452805487891 -74.251065235577357 332.28085700165434
73.776338246435614 -74.150454965906405 331.75976035650854
74.056223687383351 -74.049844696235454 331.23866371136268
74.369014521235911 -73.983741427508988 330.73093125019687
74.681805355088471 -73.917638158782523 330.22319878903102
75.041942175122585 -73.901792117978729 329.7435631212096
75.329335750286788 -73.732886787181002 329.24468846542675
75.616729325451004 -73.563981456383289 328.74581380964389
75.517271117295664 -73.205874571435771 328.27478565360252
75.866256500561988 -73.010186898146429 327.82766650081538
76.215241883828327 -72.814499224857087 327.3805473480283
76.461258959071472 -72.668904575434837 326.85302692496543
76.718058358193417 -72.440373404842248 326.36126725533182
77.011439857000013 -72.341930818554985 325.84722800258641
77.290406775169686 -72.158029585220518 325.34887291337293
77.569373693339358 -71.974128351886051 324.85051782415951
77.885362261604769 -71.961791064548166 324.34061683762707
78.201350829870179 -71.94945377721028 323.83071585109462
78.357688411385624 -71.649428965026644 323.33519221625966
78.514025992901068 -71.349404152842993 322.83966858142469
78.677427392618782 -71.008915795204615 322.37344153278525
78.840828792336481 -70.668427437566223 321.90721448414587
79.181510085352869 -70.580325743499003 321.4212367602828
79.708897126111424 -70.443448895351111 321.1699846206281
79.912822897377126 -70.343875794751099 320.61455732795105
80.116748668642828 -70.244302694151102 320.05913003527394
80.320674439908515 -70.144729593551062 319.50370274259683
80.662004982438404 -69.883577744411696 319.08502246789152
81.019714952270562 -69.735807822285238 318.62653841408223
81.377424922102705 -69.58803790015881 318.16805436027295
81.735134891934848 -69.440267978032367 317.7095703064636
82.09284486176702 -69.292498055905909 317.25108625265432
82.329094762606402 -69.10592664956593 316.73207074740446
82.565344663445771 -68.919355243225951 316.21305524215467
82.801594564285153 -68.732783836885957 315.69403973690487
83.037844465124536 -68.546212430545978 315.17502423165507
83.300568550895804 -68.35721834366197 314.6697942940242
83.563292636667043 -68.168224256777961 314.16456435639327
83.845005147923786 -67.968129699229451 313.67405418418383
84.126717659180542 -67.768035141680926 313.1835440119745
84.301196399343908 -67.580549888158544 312.64095167057746
84.475675139507274 -67.393064634636161 312.09835932918048
84.741875116473153 -67.151360649159258 311.61802948868757
85.227529076287993 -67.014678561065821 311.29328614678423
85.465230755680125 -66.859953500619625 310.76455363663933
85.702932435072228 -66.705228440173443 310.23582112649444
85.974913190740367 -66.473274999668803 309.75392479948601
86.246893946408505 -66.241321559164135 309.27202847247753
86.481674779331414 -66.05977374949552 308.75057056113997
86.716455612254293 -65.878225939826919 308.2291126498024
86.980876524763559 -65.790314159621474 307.69774356909772
87.227925959482008 -65.507968564879633 307.22950480315114
87.513528958005594 -65.33071471647358 306.73250178458932
87.799131956529209 -65.153460868067498 306.23549876602749
88.060056630154207 -64.93572362722098 305.74102044633872
88.300628083271505 -64.758587715454183 305.2206857034015
88.602432500365268 -64.56780515838247 304.73848646061913
88.904236917459045 -64.377022601310742 304.25628721783681
89.110565523563281 -64.166588374185864 303.73365355803537
89.316894129667531 -63.956154147060964 303.21101989823399
89.61105656502896 -63.797342284762202 302.71277572715371
89.905219000390403 -63.638530422463454 302.21453155607344
90.156972530671524 -63.469436083850724 301.6968180593978
90.408726060952645 -63.300341745237994 301.17910456272216
90.601868552316645 -63.043082786012292 300.67263264254512
90.79501104368066 -62.785823826786576 300.16616072236809
91.147898224066196 -62.671631977436292 299.69453496028387
91.500785404451705 -62.557440128086022 299.2229091981996
91.71684343952964 -62.319311798384788 298.71633854757727
91.93290147460759 -62.081183468683562 298.20976789695487
92.221504925146547 -61.918842512298809 297.70941455958507
92.510108375685476 -61.756501555914056 297.20906122221527
92.844354617307658 -61.48721221395526 296.78982059886295
93.091018872452651 -61.313800445844421 296.27108646280243
93.337683127597643 -61.140388677733583 295.75235232674197
93.62228954640814 -60.991076322291256 295.24569168401933
93.89274366159043 -60.796853139470478 294.74656051204551
94.190190968932797 -60.586786844050394 294.26969863384255
94.42427197870812 -60.434375680620157 293.73868364523639
94.77636142336155 -60.268691327695727 293.28197616975604
95.048182098624594 -60.079872968061601 292.7815152346526
95.320002773887637 -59.891054608427474 292.28105429954911
95.620008112662347 -59.803277617551444 291.76890979203256
95.890562340633821 -59.537177200303596 291.30416149707355
96.192321429602799 -59.351050846995086 290.82011766349166
96.494080518571778 -59.164924493686577 290.33607382990971
96.770561803942584 -58.941031743007031 289.85292774948181
97.070491370015517 -58.835902265506874 289.34401710078612
97.37654717507256 -58.668781225289855 288.85575446438264
97.669822681145078 -58.485208606542486 288.36556004256192
97.963098187217597 -58.301635987795102 287.87536562074126
98.213159666804671 -58.022197563707472 287.40698177860946
98.501560603386778 -57.841340817297009 286.91290107967819
98.789961539968871 -57.660484070886547 286.41882038074698
99.051723709325557 -57.435528591705214 285.92802959122457
99.358549175661352 -57.12091483597986 285.51952461216536
99.62751099406124 -57.098402892835189 284.98365825507722
99.910809899439954 -56.828948688589286 284.52853611539888
100.19410880481868 -56.559494484343382 284.07341397572048
100.48873852234817 -56.351134266455475 283.59406092300236
100.7738368314355 -56.184736692398374 283.09303118186574
101.05893514052283 -56.01833911834126 282.59200144072906
101.34403344961018 -55.851941544284145 282.09097169959239
101.66267014026786 -55.645389754142379 281.6264213607098
101.98130683092555 -55.438837964000605 281.16187102182721
102.27173287758305 -55.311629292919633 280.65248839017914
102.60892071875188 -55.121577815402148 280.19402923642463
102.85405602720009 -54.894400837382726 279.69573283747116
103.09919133564831 -54.667223859363311 279.19743643851774
103.45404779587173 -54.52103977737962 278.73623463148277
103.77096478805386 -54.327453646220498 278.26497246464879
104.07113426160836 -54.127798887635471 277.78535150543166
104.37130373516285 -53.928144129050452 277.30573054621448
104.67147320871736 -53.728489370465411 276.8261095869974
104.99411549958135 -53.596412405409367 276.33778835312808
105.31675779044534 -53.464335440353295 275.8494671192588
105.60357760806849 -53.248570864458692 275.36865526415579
105.89039742569165 -53.032806288564096 274.88784340905272
106.2399268705301 -52.906363201662451 274.41684307681749
106.55928624766121 -52.740968855786733 273.93657825550451
106.87272760171456 -52.535021488341805 273.46824055745782
107.16630041008773 -52.31754668155537 272.99229968445246
107.4974022613691 -52.170175669694729 272.51412257402035
107.78902816695658 -52.043109350577751 272.00539034412299
108.08065407254409 -51.916043031460788 271.49665811422562
108.38913867349785 -51.696958930903335 271.03099792926525
108.69762327445162 -51.47787483034589 270.56533774430488
108.96655831965987 -51.254728365282254 270.07760872467571
109.2768051290348 -51.167912312009065 269.5714369256126
109.60634625511382 -51.006754210362445 269.09664148282047
109.91877195630659 -50.853083210555901 268.6079949796582
110.20122721987741 -50.728169551682669 268.09358696853474
110.50647451809371 -50.515279048104887 267.62294727575687
110.80190887024301 -50.333917885296046 267.13322626110187
111.09734322239235 -50.152556722487219 266.64350524644681
111.42871603614063 -50.032520763970517 266.1579298898115
111.74598603121881 -49.91311150473895 265.66287314656597
112.06325602629701 -49.793702245507383 265.16781640332044
112.37459969348265 -49.625015455529926 264.68345095472768
112.62999089018967 -49.344541682863429 264.21857484274648
112.8853820868967 -49.064067910196925 263.75369873076522
113.22391036552001 -48.989603627504692 263.26395014712722
113.56243864414333 -48.915139344812452 262.77420156348916
113.85329295839627 -48.837344978128677 262.25521042253132
114.17621593375698 -48.756635100867811 261.75600438521133
114.49913890911766 -48.675925223606953 261.25679834789133
114.78785384665457 -48.533177514588516 260.75057035931997
115.16440957504651 -48.331113309636052 260.32941024666428
115.54096530343847 -48.129049104683602 259.90825013400865
115.74470900403387 -48.036633089317078 259.35152059053939
115.94845270462925 -47.944217073950547 258.79479104707013
116.26315364034403 -47.686878219251994 258.35349745441027
116.57785457605883 -47.429539364553449 257.91220386175036
116.8612564874378 -47.388463004789415 257.38495051724198
117.14465839881674 -47.347386645025381 256.85769717273354
117.32670824817242 -47.204211917813325 256.52279463812459
