40.555792260001247 -125.02467123259331 249.17675554938123
128.15502800884818 -143.90304406501161 460.09516128045897
40.555792260001247 -125.02467123259331 249.17675554938123
40.633084654701243 -125.07078188917042 249.76996688867911
40.710377049401231 -125.11689254574753 250.36317822797702
40.991819669858572 -125.16982254450704 250.89042434377248
41.273262290315898 -125.22275254326652 251.41767045956794
41.520395651959149 -125.15325509410502 251.95997591419933
41.73316075098959 -125.30467214508158 252.50016466760698
41.945925850020032 -125.45608919605813 253.04035342101466
42.114498287275154 -125.18540250543408 253.5485975050106
42.283070724530276 -124.91471581481002 254.05684158900652
42.472300803611979 -125.10190881930305 254.59456898856843
42.652621358223101 -125.00136038871661 255.15792900728766
42.882135375034387 -125.12562797857295 255.69818902079822
43.064767434820595 -125.02554074185987 256.26088616472686
43.178391783280389 -124.96341245491007 256.84674415383154
43.437644596912421 -124.9472538250249 257.38760169265674
43.600524404386064 -124.91770944612267 257.96431418427858
43.83430523242474 -124.93809785640481 258.51651961450153
43.976421182989938 -125.03070351225344 259.09204307110411
44.138800623541769 -125.11586204282746 259.66334066601991
44.416755738566295 -125.22415611132662 260.18393009038385
44.556789029303687 -125.13937145732066 260.76116681819178
44.782572110797005 -125.14679692302506 261.3170146953762
45.008355192290324 -125.15422238872949 261.87286257256062
45.234138273783643 -125.16164785443391 262.4287104497451
45.387909748258622 -125.33613375277075 262.98180086271515
45.525350761808539 -125.32251164310219 263.56568818568297
45.830806363259612 -125.13637877511776 264.04740535477504
45.921259400470433 -125.42485863573161 264.56566939759449
46.147119686877566 -125.48601192528209 265.11816139409876
46.321715926200326 -125.43459584086335 265.68988907357334
46.496312165523094 -125.3831797564446 266.26161675304792
46.708032156635234 -125.43304285462577 266.82080215772442
46.857018009680431 -125.6697399041575 267.35162955183233
47.023662495879094 -125.57233440885037 267.91973322608862
47.270297809180121 -125.57542254573866 268.46668979259414
47.516933122481142 -125.57851068262698 269.0136463590996
47.577876340133741 -125.66706262488813 269.60393821720362
47.717438227012778 -125.70832109368136 270.18602087326167
47.935417803362256 -125.73544085142808 270.74436612759297
48.153397379711734 -125.76256060917481 271.30271138192427
48.32346712153084 -125.88228599709016 271.86550984887856
48.499962865889664 -126.01278974499671 272.42391653222461
48.643606691953131 -126.03213747952233 273.00614682721329
48.82277946648491 -125.97124546856276 273.57552304718376
49.001952241016689 -125.91035345760318 274.1448992671543
49.20122511537199 -126.07377868006674 274.68673182266281
49.331036750844397 -126.10660123118848 275.27160071346987
49.52622590313279 -126.14180977504134 275.83787057252005
49.697760390247041 -126.20397694384141 276.40945710389894
49.869294877361298 -126.2661441126415 276.9810436352779
50.033116812783604 -126.35438077427531 277.55146160923925
50.196938748205909 -126.44261743590911 278.12187958320067
50.3607606836282 -126.53085409754294 278.69229755716202
50.623534874155283 -126.46186186932593 279.22726465637322
50.78410564616054 -126.56656462687593 279.79581927972885
50.944676418165784 -126.67126738442593 280.36437390308447
51.138504005106228 -126.71849694971493 280.93023628450197
51.335465506773929 -126.75214277092797 281.49598722402897
51.532427008441609 -126.78578859214106 282.06173816355602
51.720139746989389 -126.83311057130543 282.62965061990366
51.890704842079252 -126.91917768787584 283.19842122373461
52.094698396604045 -127.05285613728385 283.74661526043712
52.298691951128831 -127.18653458669189 284.29480929713969
52.50552963226221 -127.10923971959626 284.85270147057827
52.655837470980906 -127.18087551646605 285.42913521891933
52.857776924435839 -127.31661362091799 285.97758359765533
53.03383022719332 -127.44810990537471 286.53589709539852
53.209883529950801 -127.57960618983142 287.09421059314172
53.420016780435311 -127.5134744465596 287.65230611325694
53.630150030919822 -127.44734270328779 288.2104016333721
53.840283281404382 -127.38121096001593 288.76849715348726
54.03438292571834 -127.51578339546248 289.32005457361248
54.228482570032313 -127.65035583090901 289.8716119937377
54.306225075602427 -127.94521398155261 290.38834671661459
54.69836340394788 -127.7508387878529 290.79876822618331
54.77820814272728 -127.97171985574585 291.35088811491738
54.908506074183798 -128.19483139563761 291.89240791125474
55.038804005640316 -128.41794293552937 292.43392770759215
55.229347491860587 -128.17283407040856 292.94736205013089
55.417816695784566 -128.11395332138841 293.51394162668402
55.651147616451908 -128.1510895930503 294.06546458974867
55.827045988851623 -128.10472874087699 294.63722540859942
56.022300083932251 -128.25949525310779 295.18304879124821
56.198639239957686 -128.53587659985061 295.68556033661292
56.406043054295445 -128.40519706354945 296.23319754918185
56.571865433048572 -128.52625803316417 296.79697692122431
56.737687811801706 -128.64731900277883 297.36075629326677
56.950054781458945 -128.67234623787948 297.92135767366273
57.162421751116177 -128.69737347298016 298.48195905405862
57.370830980439237 -128.87146456779288 299.01698978573665
57.598832412238053 -128.95587430505867 299.56552450966245
57.785922949502194 -129.02148268778546 300.13182184409214
57.973013486766355 -129.08709107051226 300.69811917852184
58.164241687377718 -129.15434584877431 301.26283908262639
58.355469887989088 -129.22160062703639 301.82755898673093
58.576091161312135 -129.26830153818747 302.38356733078251
58.77011998889882 -129.3411738186465 302.94663255329772
58.964148816485476 -129.41404609910546 303.50969777581287
59.128718596494934 -129.54214811761545 304.0722870223874
59.293288376504393 -129.6702501361255 304.63487626896193
59.606993194924982 -129.52820867588017 305.12621475765491
59.662677112544586 -129.78663023395768 305.66484041582515
59.893197977333458 -129.8066778853497 306.21842710512567
60.077185931549707 -129.87459435471942 306.78546836102475
60.257462481810322 -130.03427029887484 307.33501722899211
60.438167544052909 -130.11305882217175 307.9017076639534
60.618872606295483 -130.19184734546863 308.46839809891469
60.846204154277302 -130.35649573458494 308.9986916735067
61.062502026835844 -130.34511172196443 309.55823223019877
61.278799899394357 -130.33372770934392 310.1177727868909
61.468235738953339 -130.42009491100072 310.6804936494583
61.671273548612838 -130.54430247458475 311.23126413613784
61.874311358272337 -130.66851003816879 311.78203462281738
62.074254933926071 -130.75689373789092 312.34079296788093
62.27419850957979 -130.84527743761302 312.8995513129446
62.474142085233517 -130.93366113733518 313.4583096580082
62.691001345540336 -130.99411794663402 314.0144724358247
62.860843252448674 -131.10194531767257 314.57973961576056
63.030685159357006 -131.20977268871118 315.14500679569647
63.22887983420145 -131.26855273391905 315.70826852628772
63.427074509045937 -131.32733277912695 316.27153025687898
63.589276728046968 -131.58667549553056 316.78770057334395
63.751478947048007 -131.84601821193419 317.30387088980893
63.961111039394879 -131.76754802060913 317.86055465545303
64.142505403654837 -131.81005946486914 318.43089566022269
64.32389976791481 -131.85257090912918 319.00123666499229
64.497027733458495 -131.97521049720285 319.56247301358695
64.670155699002208 -132.09785008527655 320.12370936218156
64.780978306330582 -132.1488654517641 320.71117492039502
65.012166386512561 -132.21975144983639 321.26028988728183
65.167480600500511 -132.28755789612288 321.83585898024569
65.322794814488461 -132.35536434240933 322.41142807320961
65.514970656181745 -132.54617457701787 322.94683436775438
65.702364915334172 -132.54453238148423 323.51681743314361
65.840750166421159 -132.69789356465122 324.080137830235
66.021027522812489 -132.6977128264794 324.65241402413642
66.15390189016712 -132.9426700464121 325.18377111960325
66.330245633118039 -132.84277204616291 325.74850404220319
66.520230319905551 -132.98016696049999 326.3007978555857
66.600498425558627 -133.00109115209801 326.89503619953604
66.901011743546491 -133.24999421666433 327.35082015072499
66.989899947378561 -133.21743396759314 327.94330535509715
67.099837824696834 -133.24577222337206 328.53246628929952
67.231795410905335 -133.39937163390147 329.0972621962668
67.363752997113835 -133.55297104443088 329.66205810323413
67.555893176513905 -133.57050191722277 330.23019085177032
67.748033355913975 -133.58803279001467 330.79832360030645
67.878675584088001 -133.7128449896835 331.37047263948381
68.009317812262026 -133.83765718935237 331.94262167866111
68.20462003369974 -133.83686011437945 332.50994557818677
68.399922255137426 -133.83606303940655 333.07726947771238
68.477887405817114 -134.24622255205466 333.50818781042028
68.632195588053918 -134.28628435692718 334.08662020637087
68.794373818582642 -134.18108614746308 334.65462685973694
68.986005770387038 -134.14083973311529 335.2217753598494
69.186633824693473 -134.29498763111607 335.76582205763106
69.387261878999908 -134.44913552911686 336.30986875541277
69.112601934701473 -134.75242378888265 335.87103148889332
69.284216831773904 -134.81308863682534 336.4427552887538
69.423330417801395 -134.92053149407354 337.01643066961731
69.562444003828901 -135.02797435132172 337.59010605048087
69.723663473034165 -134.64193843296124 338.02020435608642
69.862951240898951 -134.80973355377486 338.57917100549798
70.00365551368975 -135.06212882681876 339.10500266464709
70.144359786480564 -135.31452409986269 339.63083432379619
70.331080985200714 -135.11426693029532 340.16471844978742
70.451614903005122 -135.21762309065343 340.74332805805085
70.581296891684204 -135.27870817995736 341.3259524599402
70.710978880363285 -135.33979326926129 341.9085768618296
70.96915208504808 -135.61755992008619 342.37354168208196
71.102153942629968 -135.71437194850989 342.95054942642531
71.235155800211842 -135.81118397693356 343.52755717076877
71.417872618909044 -136.03278656343826 344.05434636752545
71.504904275017807 -136.33877459229129 344.56306713281185
71.758104413127853 -136.21703040468932 345.09322564009642
71.904854260493721 -136.35739601622035 345.65781573689026
72.051604107859589 -136.49776162775137 346.22240583368404
72.232951898002369 -136.15867635235833 346.6829860710173
72.414299688145178 -135.81959107696528 347.1435663083505
72.524377342662817 -136.1928148707396 347.60027946749591
72.631718714359863 -136.37424832255277 348.16202650352312
72.780676790448098 -136.55830294017986 348.71332985858118
72.929634866536347 -136.74235755780691 349.26463321363917
73.078592942624581 -136.926412175434 349.81593656869723
73.519324730419825 -136.61614411895098 350.07954465725498
73.497650004341381 -136.88848138592516 350.61373808595516
73.475975278262936 -137.16081865289937 351.14793151465534
73.65888538473699 -137.25577332413167 351.71142730289228
73.776732266908567 -137.3909648299414 352.28399639839029
73.975191362933657 -137.31652536624446 352.84530981658855
74.137002357571234 -137.45585920799599 353.40602657445936
74.298813352208711 -137.59519304974756 353.96674333233017
74.512431919935707 -137.28595068276181 354.43443582316502
74.637990734864005 -136.99241176558303 354.94244161850139
74.775404335703996 -137.01509837176255 355.52605349312716
74.917132808908235 -137.5261429975524 355.80667143684161
75.301070716930184 -137.72335975123468 356.2234414391819
75.333283526745234 -137.70220908887842 356.82220264731558
75.498790956419171 -137.75869985490209 357.39615045337189
75.664298386093108 -137.81519062092576 357.97009825942814
75.816813386904016 -138.37865741870849 358.1088222383363
75.987520391052371 -138.07525331253191 358.59749909177822
76.193770417632223 -137.96020510174966 359.14906489540601
76.400020444212061 -137.84515689096744 359.70063069903387
76.588441270304472 -138.15569239242737 360.17819252186695
76.814759052030979 -138.24840813169334 360.72608307057789
77.044372633968521 -138.31342845022712 361.27658280824141
77.252504434959533 -138.38364704818744 361.83492902871461
77.444472278800518 -138.55475792343117 362.37702626658285
77.694943701796078 -138.49842012593385 362.91932703076793
77.681646051455942 -138.86511059737734 363.39404933975283
78.016188276893374 -138.57255472035084 363.79715299666583
78.161423753040864 -138.7820056541093 364.34032604719016
78.403490408518863 -138.80444814201104 364.88886963619882
78.645557063996861 -138.82689062991278 365.43741322520742
78.82990459384645 -138.90147289659268 366.00349932619849
79.09778054450868 -138.97131692632212 366.53581904832788
79.365656495170924 -139.04116095605158 367.06813877045732
79.520697386737737 -139.03744752301466 367.64774944354508
79.675738278304536 -139.03373408997771 368.22736011663284
79.940818951256944 -139.1549421497545 368.75180348161348
80.171942402683754 -139.24929564945938 369.29740348829785
80.413392729961714 -139.19916899114233 369.84438525909405
80.654843057239674 -139.14904233282533 370.3913670298902
80.724113009615934 -139.41340450341619 370.92551524570513
80.962848915930437 -139.49533806710104 371.46984240668291
81.111106249765271 -139.45008693440911 372.0494734082298
81.341327277042581 -139.54267071406855 372.5957576953399
81.556813425497324 -139.6331698230475 373.14836572197197
81.69868572914649 -139.95400019573464 373.6351306769746
81.840558032795656 -140.27483056842181 374.12189563197722
82.044172737071648 -140.00759889338789 374.61901562157851
82.24778744134764 -139.74036721835401 375.1161356111798
82.367648399333135 -139.99293694600127 375.64702343683319
82.487509357318615 -140.24550667364855 376.17791126248659
82.794756699782127 -140.23755047871694 376.6932128921282
83.01244736520799 -140.22729883659593 377.25223496505583
83.230138030633867 -140.21704719447499 377.81125703798341
83.432158839286473 -140.3490046004863 378.3605974023024
83.634179647939078 -140.48096200649761 378.9099377666214
83.849210691795236 -140.51886900617572 379.46879795446227
84.067581562067829 -140.48389593027076 380.02655331927565
84.305296098477797 -140.57692887782738 380.56954196542614
84.53751319863261 -140.69828273998189 381.10930900641313
84.734038516540096 -140.68054066723442 381.6759332366363
84.930563834447625 -140.6627985944869 382.24255746685947
85.184190097913913 -140.93299363918587 382.71443494703863
85.437816361380186 -141.20318868388478 383.18631242721784
85.63505378990385 -141.08498534456345 383.74050135471703
85.832291218427514 -140.96678200524207 384.29469028221615
86.00724573019707 -141.18661827190422 384.82484397188693
86.182200241966626 -141.40645453856638 385.35499766155766
86.554169840293298 -140.93867540446368 385.30188175415867
86.942912595453421 -140.4818892195255 385.28686670969796
87.331655350613545 -140.02510303458735 385.27185166523725
87.154785801270378 -140.45075234684538 385.6559607975023
87.136926719900842 -140.76592712113245 386.16620183354871
87.119067638531305 -141.08110189541952 386.67644286959512
87.121164879547123 -141.37928521256478 387.19709852447306
87.294509236433186 -141.59949850379257 387.72762452789073
87.480514691992539 -141.67067600545528 388.29360662456804
87.666520147551893 -141.74185350711795 388.8595887212453
87.907506503794181 -141.80644551843429 389.40525661307981
88.148492860036498 -141.87103752975065 389.95092450491438
88.383788365394139 -141.89689013394934 390.50225713410902
88.615362616149156 -141.97927117754705 391.04960229946903
88.838217370707213 -142.12927795455124 391.58610367432624
89.061072125265255 -142.27928473155549 392.12260504918345
89.298956725420936 -142.26947017251479 392.67334508898409
89.536841325576574 -142.25965561347408 393.22408512878474
89.795339266137475 -142.43259208920199 393.73718530427539
90.040281587103678 -142.53202596759215 394.27580962903988
90.285223908069881 -142.63145984598231 394.81443395380438
90.494559493838636 -142.69913770796023 395.37264387805237
90.72444210634167 -142.81576081761148 395.91444922572265
90.954324718844703 -142.93238392726275 396.45625457339281
91.184207331347707 -143.04900703691402 396.99805992106309
91.411856015138227 -143.1699313799638 397.53986558735539
91.654509460496342 -143.3150356903663 398.06907636252765
91.897162905854472 -143.46014000076883 398.59828713769991
92.171425158953184 -143.46553565942457 399.13190788635285
92.44568741205191 -143.47093131808032 399.66552863500573
92.648928782183475 -143.6648949477644 400.1956899838674
92.91427054989434 -143.76392372737413 400.72463898624579
93.179612317605205 -143.86295250698387 401.25358798862419
93.430276077148989 -143.9675908170031 401.78858191730717
93.680939836692772 -144.07222912702227 402.32357584599021
93.88347948780708 -144.19073868834059 402.87578339175781
94.190152086593301 -144.29386306707062 403.38107269469748
94.470547485022252 -144.27699807006047 403.91125567482385
94.689994535025306 -144.39703313393457 404.45663130288739
94.955395265114248 -144.58967668665434 404.95907623923739
95.241784045661319 -144.58911250266189 405.4863154146343
95.490418928399649 -144.72450833175057 406.01532265896191
95.700041161413353 -144.86702956732367 406.55914819793287
95.909663394427071 -145.0095508028968 407.10297373690383
96.213874371885851 -144.86917404796674 407.60071869957937
96.670912639667591 -144.9093388449665 407.98737463302029
96.774493397839066 -145.14827339703805 408.52791261167022
96.926580434142252 -145.32383135663454 409.0811295096504
97.135944505487572 -145.43688579556868 409.63193381198198
97.345308576832849 -145.5499402345028 410.18273811431362
97.645770316920704 -145.19044173667783 410.55754949728509
97.879839207305835 -145.35642789617646 411.08448435987128
98.113908097690967 -145.52241405567509 411.61141922245753
98.330380095281924 -145.74702989039108 412.1239498079388
98.589553464085739 -145.74296597514953 412.66507146662173
98.866003842798733 -145.75462639005451 413.19746157061843
99.142454221511713 -145.76628680495952 413.72985167461519
99.329227536380088 -146.0910170383566 414.19853707482628
99.607564005879041 -146.08134561647518 414.7299834722603
99.885900475378008 -146.07167419459378 415.26142986969433
100.12046228884766 -146.16501422778097 415.80573529302438
100.35502410231734 -146.25835426096819 416.35004071635433
100.60142813629083 -146.18993786306686 416.89281529989682
100.87201641700365 -146.2000249711202 417.42824058188489
101.14260469771645 -146.21011207917354 417.96366586387296
101.39921455833141 -146.26373074042948 418.50336616830157
101.65627003968248 -146.18141836444448 419.03922729981514
101.92518416123356 -146.20577890329864 419.57503674297305
102.19409828278467 -146.23013944215285 420.11084618613086
102.43218682848835 -146.37460795028321 420.64229956561331
102.67027537419206 -146.51907645841362 421.17375294509577
102.93402154540971 -146.39024880790106 421.69705151535129
103.1977677166274 -146.26142115738855 422.22035008560681
103.41923050329565 -146.44995660205066 422.74514396917175
103.66929036671168 -146.62604852504333 423.26134325177981
103.91935023012768 -146.80214044803597 423.77754253438786
104.13347049603519 -146.44783777824995 424.21184902744346
104.39205211044745 -146.27971787828218 424.72650546422699
104.66033463240679 -146.21756008429082 425.25957290560501
104.92861715436615 -146.15540229029946 425.79264034698298
105.15811820830125 -146.17540355857341 426.34665227421027
105.38761926223629 -146.19540482684732 426.90066420143756
105.7249216881394 -146.24356149489597 427.39453463870058
105.94585934806034 -146.06336598345641 427.92247036214212
106.18011469696421 -146.00170364928118 428.4713985797207
106.45406719477475 -145.9539545291241 429.00306581631475
106.69713797278004 -146.03557334570434 429.54551854758256
106.95951517795956 -146.03362075594507 430.08510578760536
107.21888642150634 -146.03066695772591 430.62613982821375
107.46314911548097 -146.20232421215064 431.14659109714842
107.67705705583475 -145.94061334813037 431.64232370320468
107.90083951690079 -145.93616990941661 432.1990118259194
108.13088857991818 -145.9499215371645 432.75298684461524
108.43562116067532 -145.94724025525809 433.26983388673932
108.71045718941798 -145.85471151038951 433.79509914227981
108.98529321816063 -145.76218276552089 434.3203643978203
109.26012924690335 -145.66965402065233 434.84562965336079
109.54857699812575 -145.69894241348817 435.37092964846823
109.83702474934816 -145.72823080632401 435.89622964357568
110.13202771732506 -145.58110908615905 436.39755633181449
110.4270306853019 -145.43398736599406 436.8988830200534
110.70299418913893 -145.43339915867119 437.43165295028791
110.97895769297595 -145.43281095134827 437.96442288052248
111.27646497479134 -145.36221911887952 438.48066527558075
111.57260859526896 -145.34568637420477 439.00222603369428
111.86875221574658 -145.32915362953005 439.52378679180782
112.16930700238557 -145.36048596012873 440.0421352318437
112.46170170238751 -145.27791699450131 440.55952068324916
112.75696262228846 -145.28207359232479 441.0818268308999
113.03521352189304 -145.23333461862291 441.61116693830883
113.31346442149759 -145.18459564492102 442.14050704571781
113.58926878568336 -145.27271507266315 442.66602290575486
113.83763213490235 -145.20113530373595 443.20749495807615
114.08599548412133 -145.12955553480876 443.74896701039745
114.34447816561678 -145.09347237523886 444.28923056549104
114.65418788839095 -145.09341689609485 444.80311760029656
114.96389761116511 -145.09336141695081 445.31700463510208
115.16782004192331 -144.99718791434438 445.87303188230317
115.43407919184635 -144.93676766200107 446.40731220029085
115.69282663602375 -144.86050218719097 446.94325374326326
116.00776933611083 -144.83371723490092 447.45324752949273
116.31646452503257 -144.70735129844746 447.9519848656135
116.62515971395433 -144.58098536199401 448.45072220173427
116.90145542691312 -144.53033478378435 448.98090631874231
117.17775113987186 -144.47968420557476 449.51109043575042
117.5782023231415 -144.32278680418673 449.9294468092595
117.83304252373618 -144.38613094380344 450.46893174152092
118.08788272433087 -144.44947508342011 451.00841667378234
118.4439476960177 -144.36672665862721 451.48420069424958
118.75069138049443 -144.3403470569086 451.99918848890763
119.13986554126279 -144.2324696538839 452.44292933501822
119.58005773054322 -144.09894256008494 452.82815829514203
119.73537918816157 -144.24727539288952 453.3884016489763
119.89070064577996 -144.39560822569408 453.94864500281057
120.35876631386148 -144.32321272858212 454.31698373599147
120.826831981943 -144.25081723147017 454.68532246917238
121.09193262964155 -144.23109539485085 455.22321901661451
121.45678495228086 -144.2050237871041 455.69882710520659
121.83017564388331 -144.13807953014734 456.16369037315224
122.21885970819626 -144.10995039681828 456.61990682398152
122.60754377250919 -144.08182126348919 457.07612327481093
123.08462097500356 -144.02609583788907 457.43569527010789
123.59214890732048 -144.00750472038629 457.75517886635043
124.11124137511983 -144.00034022070531 458.05599721655256
124.62595321483755 -143.96473194049219 458.36227123183079
125.14066505455523 -143.92912366027909 458.66854524710914
125.65244613408352 -143.97179160083499 458.97880251694431
126.19574070677258 -143.98308785740207 459.23317115076969
126.73903527946172 -143.99438411396912 459.4875397845949
127.2878481622661 -143.90837814380947 459.71427176902773
128.15502800884818 -143.90304406501161 460.09516128045897
