-31.851370044071377 12.334102817609885 358.10397639548955
59.014418538817665 37.592606252086838 351.94672246442508
-31.851370044071377 12.334102817609885 358.10397639548955
-31.520331436102673 12.402537394417234 357.60826463576285
-31.189292828133979 12.470971971224579 357.11255287603615
-31.3328884072614 12.109168675188689 356.65595821484027
-31.43968050180888 12.46799625564735 356.18708913285218
-31.546472596356363 12.826823836106007 355.71822005086409
-31.229014751665215 13.005631762145606 355.24151443685321
-31.008893841375574 13.119636552857878 354.69511742684318
-30.790961311802949 13.095162768107707 354.136631575264
-30.573028782230331 13.070688983357538 353.57814572368488
-30.51627333891965 12.731210810432938 353.08668525756133
-30.446543253539467 12.905458317558551 352.51679445972957
-30.213337061133569 12.937120156276361 351.96487743716858
-29.980130868727656 12.968781994994169 351.41296041460765
-29.610802481205308 13.224287085795467 351.01507388462107
-29.241474093682946 13.479792176596769 350.6171873546345
-28.880600887219572 13.650226249955233 350.16916642265107
-28.519727680756205 13.820660323313694 349.72114549066771
-28.162586874975471 14.044906365637578 349.29433855849771
-27.805446069194751 14.269152407961457 348.86753162632766
-27.492903740403726 14.484941679823311 348.40304020244213
-27.135294812098486 14.54098582048081 347.92452697514915
-26.702747922129447 14.752208445671437 347.56635356660843
-26.252221846088855 14.957586396004951 347.22746397939119
-25.801695770048269 15.162964346338461 346.88857439217395
-25.358043238413224 15.357826600176461 346.53473667060797
-24.908776500397092 15.572439178013912 346.19992203600202
-24.465302490106801 15.822203129433566 345.8821976731208
-24.013311198318341 16.03114699821824 345.54746444823161
-23.56131990652985 16.240090867002927 345.21273122334253
-23.13304555925561 16.438410838183596 344.84225818451557
-22.712643126509558 16.645657041327315 344.46767734434388
-22.292240693763514 16.852903244471033 344.09309650417219
-21.891867134091985 17.226363051058044 343.84768096762258
-21.491493574420456 17.599822857645055 343.60226543107296
-20.98402933756314 17.667810122883857 343.2894431491361
-20.553401472962982 17.952628176684239 342.98376632885157
-20.106908788091776 18.20169602771939 342.66974485197898
-19.708225068104674 18.478076763421051 342.31666556860165
-19.309541348117577 18.754457499122715 341.96358628522432
-18.919449507192301 19.016412718640129 341.59048064520914
-18.529357666267025 19.278367938157544 341.21737500519401
-18.114608335841766 19.489154076608415 340.83849217799178
-17.852846563454442 19.927430565870985 340.52322325552029
-17.491026738146694 20.218598509478301 340.14334479781348
-17.196696025584099 20.528768541811509 339.72243627724777
-16.81126260285042 20.836889649301533 339.38111171065617
-16.445100435310117 21.107884963266869 338.99061611929693
-16.078938267769825 21.378880277232195 338.60012052793763
-15.753276600187487 21.673578638293737 338.19134509538924
-15.358807900090934 21.980247870169197 337.85915775838635
-14.99736712678181 22.322351370165755 337.52400740006965
-14.635926353472684 22.664454870162309 337.18885704175295
-14.252104445509454 22.971269638202823 336.84455275615704
-13.868282537546241 23.278084406243316 336.50024847056113
-13.52266057450135 23.619601180132328 336.14823745963469
-13.060073200301506 23.807880845023693 335.81572627332764
-12.721407236717173 24.224517273531678 335.54792139743927
-12.338207754039523 24.552493829884938 335.22297596362267
-11.955008271361852 24.880470386238219 334.89803052980614
-11.640060420062458 25.280093535062004 334.5800538170015
-11.325112568763066 25.67971668388579 334.26207710419686
-10.921689455670734 25.983163724202946 333.9377783444927
-10.578355437254448 26.351901216031145 333.61196487958011
-10.235021418838169 26.720638707859337 333.28615141466742
-9.8911984462559737 27.097722878452156 332.97056736593703
-9.533755956474085 27.427396430278343 332.61907025965473
-9.2728932190268409 27.90835557117477 332.37284081990452
-8.8984993371202314 28.274560892177227 332.08005611391667
-8.5453071130258493 28.650161871317543 331.77316988531055
-8.1685643824070429 28.990123022218693 331.45302721273498
-7.8676329019902269 29.432479181822334 331.1814369475286
-7.5667014215734181 29.874835341425957 330.90984668232221
-7.2123966801289381 30.208956016824363 330.55937339594897
-6.8580919386844883 30.543076692222723 330.20890010957567
-6.4490736322108004 30.877186975919869 329.92416454225537
-6.0400553257371161 31.211297259617016 329.63942897493507
-5.7106399557207173 31.632598893437926 329.36741712347123
-5.3812245857043504 32.053900527258818 329.09540527200733
-5.0707263452656033 32.486557065441581 328.81900128749891
-4.760228104826858 32.91921360362435 328.54259730299043
-4.3339049924371986 33.069201141806381 328.14794259032067
-3.9278973463590745 33.469200980566463 327.96043813619218
-3.5551092776893767 33.853829504001531 327.69008659686295
-3.1823212090196806 34.2384580274366 327.41973505753379
-2.8727185856222177 34.664059970623086 327.13162188265056
-2.4286474546128023 34.934873369188125 326.83252167576052
-2.1613968617303185 35.339156188547271 326.47878091959154
-1.8941462688478297 35.743439007906417 326.12504016342257
-1.4809133021334824 36.149250460831141 325.96833796211206
-1.0740011210870286 36.508614603125579 325.7128386663224
-0.55420000994528151 36.801884573233352 325.65119834276072
2.0448055457634537 38.268234423772228 325.34299672495229
2.5646066569052008 38.561504393880007 325.28135640139055
3.0844077680469475 38.854774363987787 325.21971607782888
2.7904665591464894 39.371433190587268 325.13809363846946
3.3553806685077729 39.288739210513299 324.95361124173718
3.6948535529155939 39.662387885344039 324.62935080852174
4.0172856626454685 40.077262547971145 324.33966727615382
4.3938359822960154 40.4416241654475 324.04734815518998
4.7644921647053255 40.809468908725293 323.75187524732081
5.1351483471146224 41.177313652003079 323.45640233945164
5.4595824204749208 41.59554929662275 323.17387538921076
5.8169856352730944 41.972712290138176 322.87385702581543
6.1723292694387171 42.348205093094421 322.56933107193623
6.5359695868427208 42.719858565677512 322.26993264863501
6.891107119191564 43.123910876881276 322.00419017380631
7.2462446515404064 43.527963188085032 321.73844769897767
7.5457607739932087 43.935746508688005 321.41595296130146
7.8452768964460038 44.343529829290965 321.09345822362519
8.1438591123415787 44.809344861561513 320.86136984377464
8.5184081993795893 45.20781966343074 320.61452816643009
8.8333052645422079 45.660944452439168 320.37890608779986
9.1876807557217219 46.026598013103943 320.06154905727357
9.5420562469012431 46.392251573768725 319.74419202674733
9.8481493584249673 46.83946371213964 319.4866880260571
10.154789997381446 47.288853359725103 319.23366537255868
10.490047022547078 47.680397763496472 318.92658931202578
10.825304047712711 48.071942167267849 318.61951325149289
11.160561072878332 48.463486571039212 318.31243719095994
11.460244712046293 48.925676722083765 318.07459274454078
11.759928351214251 49.38786687312831 317.83674829812151
12.020151830742662 49.839878192898929 317.54015175818665
12.36417258393009 50.243792445527852 317.25996789373409
12.708193337117514 50.64770669815676 316.97978402928146
13.017974004420006 51.049457437740401 316.65942129516651
13.136086500240671 51.618604968865483 316.51069158681872
13.486813078329821 51.950720383536307 316.15475589212105
13.785493024968011 52.340240357631487 315.80969868055013
14.015005942608633 52.847090599373772 315.58513988405826
14.362215742409123 53.220543308560138 315.268946226747
14.702152780966117 53.627173053723276 314.98770778669007
14.934522612605324 54.119884752686787 314.73623324911523
15.166892444244533 54.612596451650305 314.48475871154039
15.513409543434866 54.936620439745127 314.11742459236848
15.789130347545528 55.400290166359717 313.85476811938196
16.110079683996254 55.830706550675075 313.58693746477962
16.431029020446967 56.261122934990432 313.31910681017723
16.707496250748672 56.625818038723523 312.93108187298577
17.034184190096962 57.019777000217481 312.6179184540764
17.267635072179051 57.536359572083903 312.4213398893778
17.501085954261143 58.052942143950339 312.22476132467921
17.88047959679669 58.459961964094205 312.00027228259995
18.03756817769365 58.985185462191659 311.75642098611365
18.398808361545857 59.285034667762694 311.38279552727977
18.76004854539806 59.584883873333716 311.00917006844583
19.051162043186643 60.037480489721517 310.74382268436295
19.342275540975237 60.490077106109332 310.47847530028014
19.67840649551901 60.856408636656262 310.14259259586589
19.940427721290224 61.3008713570661 309.83632838409568
20.202448947061431 61.745334077475945 309.53006417232547
20.51446634955775 62.18908100784337 309.27367813072226
20.754579835995663 62.682624214368751 309.03127223780035
21.111638894783649 63.006514941389909 308.67405574113883
21.411635719850295 63.408385470796702 308.34465934992568
21.70262487090471 63.832155904714696 308.03523418400408
21.979867830955381 64.271072076494846 307.73442039566953
22.257110791006053 64.70998824827501 307.43360660733498
22.53435375105672 65.14890442005516 307.13279281900043
22.724036741598507 65.686170086723251 306.94473440648233
22.984403898658567 66.190856259122398 306.75108314541347
23.36232638104925 66.543381347811817 306.44628705103531
23.740248863439938 66.895906436501221 306.14149095665715
24.123296712728987 67.326431128857422 305.97438968668405
24.491696344615146 67.694181097195724 305.67599117460111
24.860095976501295 68.061931065533997 305.37759266251811
25.088577630048182 68.567469105872419 305.14905946194705
25.317059283595064 69.073007146210841 304.92052626137593
25.664425670946656 69.454580960302522 304.61435961175869
26.011792058298248 69.836154774394203 304.3081929621415
25.84581805482356 70.401776040563462 304.42010906208992
26.128891807519334 70.862981307381489 304.16095861853631
26.411965560215112 71.32418657419953 303.9018081749827
25.960680848621468 71.698995698391556 304.02774557810125
26.486626545605823 71.597174151292535 303.75753548138016
26.909146524244683 71.763521284899582 303.36535503975699
27.203271114858829 72.110171745674293 302.9737887193964
27.554870282076301 72.495334483859367 302.67709411087486
27.890242223254624 72.867014059490685 302.34636770713786
28.225614164432926 73.23869363512199 302.01564130340086
28.425032627618844 73.712842183264542 301.70674742059498
28.624451090804769 74.186990731407093 301.3978535377891
28.919003785712455 74.68897995256583 301.54361200842828
29.186293599758937 74.936946006798792 301.19150247859852
29.453583413805426 75.184912061031753 300.83939294876882
29.657246611748995 78.677212109591153 281.95873594453667
29.609201954203474 78.653456557713554 281.94514351221903
102.09357258872132 18.904319761910401 349.280000097879
103.03137258872133 18.997018704184448 349.36883700849666
81.114424468931205 20.95431918972303 376.30047031737001
81.379004863705916 20.64866190735081 376.30716054250769
25.728997361861182 78.675814623336407 291.93897152958522
25.741472512530912 78.077659753384808 291.89363807429061
25.81212134078379 77.482177794059666 291.87339013156077
25.882770169036661 76.886695834734525 291.85314218883087
25.316933505035781 77.008243816852229 292.01142976798815
25.138311667698826 76.531278219994348 292.3286017381248
24.987557489669793 76.012773950142133 292.59018633238031
24.836803311640757 75.494269680289904 292.85177092663582
24.810681279380685 75.039083871714269 293.24180107816505
24.515546752929673 74.821798425651565 293.71686175452743
24.408669444741474 74.242511149889353 293.83089461441631
24.614011081603699 73.686798135325418 294.07161220588142
61.549113028918249 39.183723077107643 351.13953708106288
61.047099962723962 38.858357185970142 351.18557965108795
60.588519481777858 38.53883225497831 351.40377167882934
60.129939000831769 38.21930732398647 351.62196370657074
59.572178769824724 37.905956788036654 351.78434308549794
59.014418538817665 37.592606252086838 351.94672246442508
