98.548454816513029 -136.15168068659557 180.29420597450749
5.4582613792581212 -99.04961117694782 130.66944273417528
98.548454816513029 -136.15168068659557 180.29420597450749
98.091124419048768 -135.97747655228787 179.94707224358339
97.615754216267248 -135.84541710605183 179.60562902287563
97.168766234919701 -135.61507299345499 179.27830145861805
96.690472169271544 -135.54687928313894 178.92251443715844
96.208057258689834 -135.36758262945722 178.61408524913145
95.723418998810644 -135.23482843710536 178.28621014871322
95.153252465390977 -135.06978634253693 178.19862458375718
94.587255986929009 -134.90657321685157 178.08456555529975
94.231164894887158 -134.87189451635351 177.60290538266742
93.956033106060659 -134.5738462050497 177.16078582541385
93.523602697125142 -134.43149132918182 176.76996741394314
93.037985586150469 -134.37301189983128 176.42246751772524
92.548151907958555 -134.22117531402699 176.11100545114203
92.08483765896932 -134.04747068574773 175.77164338962382
91.605462605451564 -133.9139327446324 175.43643125328694
91.129393755209108 -133.7405001340754 175.11505984910758
90.662710317333705 -133.5562849134449 174.78601377132995
90.196026879458287 -133.37206969281439 174.45696769355231
89.703470577430878 -133.3768582881851 174.11438141436491
89.256045273280421 -133.16432736247023 173.77579434606395
88.782502561297648 -132.99939147585653 173.44631983531244
88.303150403352589 -132.8352156891869 173.12496672774256
87.823798245407531 -132.67103990251718 172.80361362017271
87.358454830865355 -132.50527174027945 172.46306050694284
86.883662461872774 -132.38035480867379 172.11814317402866
86.408870092880179 -132.25543787706812 171.77322584111448
85.919911596223926 -132.1140267678374 171.455542843877
85.430953099567674 -131.97261565860668 171.13785984663951
84.963373273600581 -131.77490029331926 170.818050933884
84.487910739892058 -131.66424641406087 170.46920842207595
84.003755768283114 -131.54060298277292 170.13708455156126
83.519012495294362 -131.3965911621886 169.81415335947207
83.034269222305596 -131.2525793416043 169.49122216738289
82.537275909430178 -131.15397511501811 169.16985811610076
82.047015437305376 -131.02277922763227 168.84980763788673
81.556184086377698 -130.87505415634661 168.53793925497473
81.06535273545002 -130.72732908506092 168.22607087206273
80.563265271768842 -130.60916572378704 167.91956540903362
80.061177808087663 -130.4910023625132 167.61305994600457
79.568872188375593 -130.32554000613206 167.31263127656587
79.072796230936717 -130.18294142091901 167.00673212987479
78.570721755359358 -130.0752655722886 166.6963660031866
78.068647279781985 -129.96758972365814 166.3859998764984
77.559305073899708 -129.83825289048136 166.09644418083559
77.049962868017417 -129.70891605730455 165.80688848517281
76.551810861816634 -129.58323524026389 165.49697089782717
76.054149657717915 -129.47753043523886 165.17891458185525
75.556844742625472 -129.34763064802763 164.86937643120598
75.05953982753303 -129.21773086081637 164.5598382805567
74.590035289457106 -129.00656449680773 164.25165934643326
74.120530751381182 -128.79539813279911 163.94348041230978
73.593415570810521 -128.69899314464277 163.67356252725855
73.06630039023986 -128.60258815648641 163.40364464220733
72.564937852569159 -128.43828335457459 163.11791830829827
72.063575314898458 -128.27397855266284 162.83219197438919
71.555006430808703 -128.12528467330259 162.55068208046626
71.070628855290735 -127.98511424747282 162.22551963482096
70.568530822661344 -127.81543403489218 161.94426140633993
70.066432790031925 -127.64575382231155 161.66300317785894
69.558122706201488 -127.49604946186972 161.38156141986809
69.063308442706855 -127.30516895984458 161.10098437414106
68.568494179212195 -127.1142884578195 160.82040732841406
68.049167124472078 -127.07695432810306 160.52223695266679
67.538706892294243 -126.92474245841902 160.24608138402431
67.031622602167388 -126.7245047791217 159.99554117867564
66.524538312040519 -126.5242670998244 159.74500097332697
66.017141404041965 -126.38997630463659 159.4542874372105
65.517378248901736 -126.19891980221337 159.18274701361563
65.010629349934419 -126.01418905971543 158.91991606762264
64.502846343730198 -125.81284572363423 158.6716877863453
63.999414936373874 -125.54580919260343 158.48394245569159
63.480376363278332 -125.50209800091071 158.18613666098682
62.961337790182789 -125.458386809218 157.88833086628205
62.46756590575275 -125.17693418293045 157.6960452836133
61.953205857865179 -124.98302113234676 157.45556353804739
61.438845809977614 -124.78910808176309 157.2150817924815
60.870822435773746 -124.63358079048844 157.10036166335487
60.373871179173918 -124.49218505743018 156.79532609946637
59.876919922574096 -124.3507893243719 156.49029053557788
59.386099119379665 -124.08555183241845 156.26951007445462
58.879452707137396 -123.87265587740077 156.0287098973385
58.372806294895135 -123.65975992238312 155.78790972022233
57.834056430662216 -123.51497519119687 155.56703426797756
57.295306566429282 -123.37019046001065 155.34615881573279
56.755025478965521 -123.28632003060974 155.09905135408687
56.276532703166446 -122.98711724813745 154.89528099689787
55.73964251532152 -122.81328700633466 154.69148704892439
55.216762361048836 -122.62127862955261 154.46848676302034
54.663110447273937 -122.51674791905293 154.26222748702085
54.156363864363051 -122.28162747382612 154.04330677775721
53.649617281452151 -122.04650702859934 153.82438606849362
53.128199349236255 -121.83795991267641 153.61312452347434
52.610809657164623 -121.65403766337855 153.37129707930961
52.095026214065321 -121.43970332124937 153.15214364080435
51.587734455625636 -121.2104411392431 152.92832692176643
51.056849413378025 -121.01756461599516 152.72594184648284
50.527268498498245 -120.8299492323109 152.51536045509201
50.008886112340065 -120.62005958078862 152.29804493354601
49.536264406628803 -120.31664846530596 152.08692786106695
49.008115599888221 -120.1291538517 151.87267425477933
48.493479281166202 -119.90247415086984 151.66347154761758
47.978842962444183 -119.67579445003966 151.45426884045585
47.464206643722164 -119.4491147492095 151.2450661332941
47.000298411094946 -119.13110684435098 151.0361160814918
46.473615419266039 -118.939950364667 150.82149029927314
45.964314056071835 -118.70724897004706 150.60593941806297
45.455012692877624 -118.47454757542714 150.39038853685287
44.96147509441915 -118.19523653277842 150.19441409881992
44.44401388312626 -117.97486360764597 149.98544120900914
43.964791615367083 -117.6899187926507 149.76373764455636
43.4855693476079 -117.40497397765543 149.5420340801036
42.945903963227288 -117.2006519661993 149.37767536102902
42.428597423865384 -117.04106442821983 149.11897522176531
41.917122975156573 -116.83719727284431 148.88058044145939
41.405648526447777 -116.63333011746877 148.64218566115346
40.868716500371093 -116.47962084580095 148.42291993383489
40.358364130101776 -116.2640077219008 148.19259095397675
39.848011759832453 -116.04839459800061 147.96226197411858
39.347595624140872 -115.78311874961358 147.76424072424362
38.846898831979992 -115.57241299514858 147.50947454250996
38.336363674778916 -115.37469061573094 147.26399600182035
37.821764329308088 -115.17832689276528 147.02602793265129
37.31314797476292 -114.94702445516832 146.80737618614353
36.796601241615534 -114.75733316615808 146.56821789682789
36.28005450846814 -114.56764187714785 146.32905960751222
35.783291554237834 -114.34024631249433 146.08103173714218
35.286528600007514 -114.11285074784082 145.83300386677217
34.825629744109179 -113.80923176088609 145.59765783346762
34.332546737335768 -113.59722770658263 145.3294723950296
33.841245240296601 -113.3885177176202 145.05549615607015
33.34994374325742 -113.17980772865778 144.78151991711067
32.887672542137352 -112.9183627063658 144.50232135527028
32.425401341017285 -112.65691768407378 144.22312279342989
31.939808815457116 -112.48716664969724 143.91427900532949
31.450862197641424 -112.29514024269524 143.62435304246915
30.962763584228348 -112.07233987171215 143.35580185875546
30.48575864214602 -111.82369474630283 143.09001644373194
30.008753700063693 -111.57504962089351 142.82423102870843
29.514094633900545 -111.43575659477838 142.51453785613549
29.084340087027062 -111.1182904892629 142.24154279887176
28.608672117959781 -110.93898729880024 141.92281038901467
28.140868088524883 -110.67691774388427 141.65359126185129
27.647455674497177 -110.46510224040556 141.38586307474836
27.154043260469471 -110.25328673692687 141.11813488764545
26.716723768308299 -109.99158027730269 140.8014940962637
26.27940427614713 -109.72987381767851 140.48485330488194
25.82347831498916 -109.532699267106 140.14832141256159
25.367291469821854 -109.30544007976457 139.83170362395012
24.878107767060317 -109.10895665695594 139.54518386980757
24.412340466086455 -108.89625941327952 139.2324208542895
23.946573165112603 -108.68356216960308 138.91965783877137
23.491850137220954 -108.39937797600666 138.65046216270096
23.037127109329301 -108.11519378241026 138.38126648663055
22.561258581979949 -107.88497634352564 138.09745479639957
22.085390054630601 -107.65475890464104 137.81364310616857
21.607150305064302 -107.37610694284692 137.5820403727584
21.165497819819613 -107.05810888122919 137.32941354305783
20.674584236971832 -106.84124738711793 137.06113207417226
20.183670654124043 -106.6243858930067 136.7928506052867
19.724948658768831 -106.33442812441072 136.53692361685415
19.260202072224125 -106.04112724860786 136.2961224404693
18.795455485679422 -105.74782637280502 136.05532126408443
18.300770708627653 -105.48842209873001 135.83624047089421
17.85353875435321 -105.15492382846087 135.61541818306222
17.406306800078767 -104.82142555819173 135.39459589523022
16.914622647844816 -104.60606417939036 135.12651722960618
16.4923755166039 -104.34911210368314 134.78639520599029
16.018257034381172 -104.08498138075591 134.5305698240972
15.544138552158444 -103.82085065782869 134.27474444220405
15.121899692847151 -103.45130493670263 134.06225842928811
14.619954393403173 -103.21576341522795 133.83297452660958
14.118009093959197 -102.98022189375328 133.60369062393107
13.618248113109251 -102.72512158776517 133.39117522236057
13.118487132259308 -102.47002128177701 133.17865982079013
12.629024200069971 -102.15625479165845 133.03041466002156
12.139561267880634 -101.8424883015399 132.88216949925297
11.603149292724343 -101.62930689283837 132.71841395005552
11.083898326433474 -101.36564682889842 132.57397778876208
10.559685591000576 -101.11143457977126 132.43053044510015
10.01299132476017 -100.91872948527516 132.2756429833251
9.5335710824719886 -100.56447507410948 132.20737847238428
9.0013388370165437 -100.35339409104979 132.02800830906824
8.4691065915610935 -100.14231310799011 131.84863814575223
7.9251769158313028 -100.00522908552549 131.63568632339468
7.3812472401015068 -99.868145063060837 131.42273450103716
6.8594192966232965 -99.650519572747299 131.22189938615162
6.3375913531450889 -99.432894082433748 131.02106427126608
5.897926366201605 -99.241252629690777 130.84525350272068
5.4582613792581212 -99.04961117694782 130.66944273417528
