50.161759431863679 -49.017523484858195 374.17090490502733
58.000126715482864 32.861986694740452 133.43247945191476
50.161759431863679 -49.017523484858195 374.17090490502733
49.839310716312113 -49.289552929758337 373.74425890780424
49.310012326796063 -49.293358335290257 373.46171911636873
48.821381581276754 -49.239435043156547 373.11772453341905
48.430759101028805 -49.266376513322008 372.66309475534655
48.040136620780864 -49.293317983487469 372.20846497727405
47.507364043768334 -49.458233581492514 371.98720443691928
47.029218728305281 -49.468209996781134 371.62488202740155
46.570197928458789 -49.501467525036773 371.2399224943041
46.111177128612312 -49.534725053292405 370.85496296120664
45.670312321415459 -49.589309710642127 370.451653232887
45.248740119643237 -49.686803055256021 370.03599480767593
44.883121922489408 -49.710483858137373 369.56085003659575
44.517503725335601 -49.73416466101871 369.08570526551546
44.105610577770463 -49.927739840633564 368.37931964382921
44.105610577770463 -49.927739840633564 368.37931964382921
44.215110194107865 -49.780117429803212 367.8081651482305
44.324609810445267 -49.632495018972868 367.2370106526318
44.434109426782676 -49.484872608142524 366.66585615703309
44.543609043120078 -49.337250197312173 366.09470166143444
44.646324822454901 -49.188733988990421 365.52251951863252
44.749040601789716 -49.040217780668677 364.9503373758306
44.816764097713957 -49.093981017705644 364.3566008665581
44.884487593638191 -49.147744254742612 363.76286435728559
45.219194465053285 -49.142554499395054 363.26492422366817
45.13007009048097 -48.779220590908196 362.79583434230136
45.318734649761375 -48.872225253971777 362.23391280265372
45.425299378430736 -48.841288967475649 361.64426298727051
45.617770752408859 -48.717701813075315 361.08957299685591
45.739628659712153 -48.458547042886245 360.56232594326917
45.858080844172505 -48.322571358122225 359.99006752860885
45.963845174740342 -48.506854945644633 359.42894947886407
46.056814614228763 -48.344357162930535 358.85890460875805
46.180510292908359 -48.142189009326842 358.30769918720955
46.304205971587962 -47.940020855723148 357.75649376566105
46.324788637993571 -48.008396896579441 357.16075802652796
46.39836504259663 -47.860881400343658 356.58384755595563
46.462797797448687 -47.490693334327226 356.11607708245265
46.444678467385536 -47.453442847168382 355.51750871452424
46.595781946792037 -47.269723303606312 354.96667764439059
46.610771620572031 -47.479931708438336 354.40490568334417
46.65659825991186 -47.21625139740901 353.86790231957229
46.702424899251689 -46.952571086379692 353.33089895580042
46.727129531274173 -46.857388806272816 352.73901212986976
46.75490441143539 -46.765669276406825 352.14671483638176
46.782679291596622 -46.673949746540828 351.55441754289376
46.885832902310071 -46.497293957914742 350.99036784212115
46.943764289101338 -46.311195762192838 350.42290734484095
47.001695675892599 -46.12509756647092 349.85544684756076
47.06090085641469 -46.027732535084525 349.26636722878033
47.128992369156265 -45.781389329052494 348.72352418448997
47.197083881897832 -45.535046123020493 348.18068114019962
47.25958062844834 -45.293766714962395 347.63489876239896
47.322077374998841 -45.052487306904297 347.0891163845983
47.353040839688532 -44.841571375812023 346.52826369996012
47.517763808531861 -44.854803893686196 345.95146976448041
47.567049906913837 -44.646964044604026 345.39077958475565
47.617207709274275 -44.386265527063181 344.85270851341431
47.728477043973164 -44.163045121916049 344.30700549355686
47.659561273550722 -43.838371807726375 343.80716766421597
47.810172730366979 -43.628568548789254 343.26559700251516
47.960784187183236 -43.418765289852118 342.72402634081436
47.939564675724782 -43.130204047919165 342.19840086389416
47.977850085992927 -42.869070707486735 341.65956544757933
48.016135496261064 -42.607937367054312 341.12073003126449
48.071785664712664 -42.429473857972724 340.55059510453435
48.344041120997119 -42.088563922980413 340.13870023597332
48.310725511315546 -41.934292210081445 339.55983038121252
48.277409901633987 -41.780020497182477 338.98096052645172
48.423398271818584 -41.607037999557228 338.42529475344952
48.476442711678644 -41.391243821334548 337.8679625723895
48.533740012203637 -41.235040187596951 337.29149276037873
48.591037312728631 -41.078836553859375 336.71502294836796
48.641025520198255 -40.877225339708531 336.15212500251755
48.689135504123684 -41.118048337127497 335.6046857699439
48.737245488049112 -41.358871334546457 335.05724653737025
48.809012233320232 -41.011787019803215 334.5731163764296
48.880778978591351 -40.664702705059973 334.08898621548894
48.911107775188917 -40.478146605112819 333.51953298152728
48.919762337636932 -40.114441843233344 333.04241250959689
49.093323452448182 -40.377383985289256 332.53178743250362
49.154692176908135 -40.26404130487056 331.9457948417197
49.183994462634608 -40.014336435425449 331.40101153229602
49.213296748361088 -39.764631565980338 330.85622822287235
49.307047525377527 -40.072034101641478 330.34955823868353
49.400798302393973 -40.379436637302597 329.84288825449471
49.378121993643745 -39.954043250982885 329.42036458427384
49.40974938349251 -39.949678194786735 328.82121464102443
49.441254327933144 -39.97470569066904 328.22256527543084
49.47754055665429 -40.170705189418136 327.65664345565767
49.513826785375436 -40.366704688167246 327.09072163588456
49.563169625861903 -40.387801818998959 326.49312629189046
49.575419866154576 -39.928448267718935 326.10732291380884
49.587670106447248 -39.469094716438924 325.72151953572723
49.602545685418924 -39.39763308160466 325.12597612681645
49.785074489899081 -39.083694697860693 324.64835082729047
49.803238600036927 -38.767661722898403 324.13865167696804
49.821402710174773 -38.451628747936098 323.62895252664561
49.882819395096639 -38.305673723167708 323.05022537024286
49.944236080018513 -38.159718698399324 322.47149821384005
50.063829527617166 -38.033844303823741 321.89716987213848
50.137541622345871 -37.792066379285409 321.35301000381241
50.224223969401294 -37.731197565976757 320.76243303315124
50.299022976334356 -37.653202629119129 320.17224501363
50.373821983267419 -37.5752076922615 319.58205699410871
50.495629463967262 -37.218999461387725 319.11485400406764
50.612770178084347 -37.091370832069785 318.54040732588544
50.729910892201438 -36.963742202751845 317.96596064770324
50.842286414057511 -36.751598172757042 317.41608188595194
50.954661935913556 -36.53945414276231 316.86620312420064
51.063705111184376 -36.611534806960144 316.28061456234542
51.172748286455267 -36.683615471158014 315.6950260004902
51.306413569967972 -36.36159540381145 315.20672622759491
51.33215182924139 -36.136322795192989 314.65121763736812
51.368287266062694 -35.869388807901629 314.11508288132774
51.466343985290266 -35.861263069900403 313.52320548507385
51.567579128011843 -35.697315966641725 312.95498651917143
51.632571700861675 -35.515732477490729 312.38682861687482
51.6975642737115 -35.334148988339749 311.81867071457816
51.828497920466454 -35.159721928023743 311.25971491956665
51.896959789425239 -35.11311281524506 310.66545860861601
51.965421658384017 -35.066503702466363 310.07120229766537
52.068588619367667 -34.838201706949199 309.52600987566717
52.167797510771983 -34.719956840578938 308.94620322906553
52.257798707262488 -34.537736561711995 308.38167195924967
52.314894321897462 -34.445693657784069 307.79152943864472
52.388543070008417 -34.429698257265301 307.19628158349195
52.462191818119358 -34.413702856746539 306.60103372833925
52.520715864795818 -34.224188331313947 306.03476596428175
52.579239911472271 -34.034673805881347 305.46849820022419
52.632009262435403 -34.029851806298453 304.87084266070417
52.661269356103027 -33.848186730898632 304.29975453501908
52.694398154784018 -33.754143195061161 303.70809728959301
52.847697633797011 -33.660795398291739 303.13557178049092
52.86828383738667 -33.540213666576236 302.54817391345506
52.877009770967888 -33.263556967954642 302.01583480236991
52.884632654704681 -33.175682091489378 301.4223536335619
52.892255538441496 -33.087807215024114 300.82887246475389
52.95627178906166 -32.704191019882884 300.37199115141101
52.953872527260273 -32.392602745153205 299.85924658479541
53.050332001941626 -32.243782651350514 299.2860553868303
53.14679147662298 -32.094962557547831 298.71286418886513
53.171473367000047 -31.917367304507593 298.14028167919076
53.245408377879997 -31.729896534048208 297.57513716281505
53.257956213013927 -31.833162421124239 296.98422371026902
53.270504048147849 -31.936428308200259 296.39331025772304
53.284672355730564 -31.508686045139331 295.97279174986431
53.334287370360542 -31.390870700628124 295.38656833262394
53.38390238499052 -31.273055356116924 294.80034491538356
53.415468726087013 -30.992166103183401 294.27109564169848
53.422146060318184 -30.684155843116777 293.75623149175084
53.43447648918044 -30.51215905976057 293.18154456216291
53.513540488200135 -30.397646666892662 292.59790443679572
53.540078162012129 -30.06989842348451 292.09603110535488
53.566615835824123 -29.742150180076351 291.59415777391405
53.585898428007717 -29.553728124124824 291.02483773169729
53.605181020191324 -29.3653060681733 290.45551768948053
53.708689494166194 -29.227036691345596 289.88091558780746
53.812197968141085 -29.088767314517884 289.3063134861344
53.801964686093491 -28.579988910178475 288.98844587970626
53.834521325547314 -28.501211838588954 288.39453154394789
53.86630632018705 -28.390737202595339 287.80564694666435
53.868584154718064 -27.914139470222324 287.44116181258244
53.914763864036878 -27.798979304685368 286.85413066288021
53.965917022525637 -27.523426028543128 286.32360851783449
53.999680092207086 -27.408099012449163 285.73576522708044
54.032321181400242 -27.054665441878562 285.25200984417495
54.064962270593391 -26.701231871307943 284.76825446126952
54.107611956095198 -26.573376045223018 284.18358883711954
54.150261641596991 -26.445520219138093 283.59892321296951
54.134148107632974 -26.027317612814137 283.16898492194736
54.118034573668957 -25.609115006490175 282.7390466309252
54.224660435110295 -25.498941107541484 282.15896677636863
54.260877256006133 -25.307547651079641 281.59146621539287
54.297094076901978 -25.116154194617792 281.02396565441711
54.326000195173016 -24.858749661213057 280.4827565058348
54.354906313444062 -24.601345127808322 279.94154735725249
54.336257836466835 -24.348755282633093 279.39762585149936
54.374681300704921 -23.84792979661292 279.06945292460165
54.413104764943 -23.347104310592748 278.74127999770394
54.39088895758708 -23.134232674747398 278.18075156438761
54.432720312558388 -22.960500966202762 277.60797985490171
54.474551667529703 -22.786769257658133 277.03520814541582
54.490696671926571 -22.558983517294571 276.48036312622571
54.474240408303444 -22.427793504421889 275.89511243471821
54.491518930573172 -22.186426515297043 275.34607379379298
54.508797452842899 -21.94505952617218 274.79703515286781
54.545128079968229 -21.619382014585195 274.29442770765911
54.543710082901313 -21.393471823794098 273.73858368728918
54.542292085834411 -21.167561633002997 273.18273966691919
54.554333280270384 -20.934875309056402 272.62982730109184
54.546322204476681 -20.747290851327438 272.05996074313009
54.53831112868297 -20.559706393598479 271.4900941851684
54.542730170697247 -20.343879447713459 270.93027349825371
54.534126070561207 -19.958120174626064 270.4708001555145
54.537245893900796 -20.012091881653713 269.87324068437977
54.525821404025066 -19.730185582226117 269.34371417949626
54.514396914149344 -19.448279282798527 268.81418767461275
54.502972424273608 -19.166372983370898 268.2846611697293
54.493839558701566 -19.201464864431969 267.68575787983184
54.487424838653702 -18.944247366739535 267.14372650597272
54.482217957049571 -18.661814256529347 266.61438311398513
54.477011075445454 -18.379381146319115 266.08503972199753
54.508119991680005 -18.326694677559892 265.48816756538406
54.40481633890797 -18.167144852167748 264.91906985097876
54.499972125964675 -17.71111530191278 264.54093968095282
54.45595784868506 -17.567162358788657 263.96012964870346
54.396622325407783 -17.381589441622225 263.39264221440055
54.381155441288946 -17.106790678061802 262.8594945659566
54.365688557170095 -16.831991914501387 262.32634691751264
54.39355228468014 -16.539450422349141 261.80323785808184
54.305720688754647 -16.408347464193859 261.22436168382683
54.217889092829147 -16.277244506038581 260.64548550957181
54.254627903312823 -15.871617162925096 260.20489872093316
54.291366713796506 -15.465989819811616 259.7643119322945
54.231877320340438 -15.217279512758415 259.22153739785892
54.172387926884369 -14.968569205705208 258.6787628634234
54.168683370013206 -14.71566238074384 258.13468160648983
54.164978813142056 -14.462755555782456 257.59060034955638
54.155939002790447 -14.131594765132878 257.09034959986661
54.146899192438823 -13.800433974483289 256.59009885017684
54.149884526681731 -13.426201596845933 256.12111994307406
54.152869860924646 -13.051969219208601 255.65214103597123
54.134825106035635 -12.688067609427279 255.17543357303452
54.11678035114663 -12.324165999645965 254.69872611009782
54.050022408872564 -12.451693116451441 254.11624846106514
54.093716492290355 -12.272342479973316 253.54535076771793
54.085142838662875 -11.89107978702117 253.08213888161578
54.085329178612334 -11.727834829185104 252.50477327039658
53.921518555759391 -11.332077723729853 252.08460378873207
53.975543034704991 -11.760022889573381 251.66753749819085
53.960117058507329 -11.464902038218813 251.1453634636448
53.641796105127661 -11.422535141871546 250.63853329807316
53.632854041502597 -11.154783005296972 250.10166382337948
53.623911977877526 -10.887030868722398 249.56479434868578
53.614969914252455 -10.619278732147825 249.02792487399211
53.606027850627392 -10.351526595573253 248.49105539929843
53.723587527608458 -9.9876944002549326 248.02866394609242
53.841147204589525 -9.6238622049366036 247.56627249288641
53.732942907882659 -9.7111851453591136 246.98260603483854
53.673500962417087 -9.4173079081172233 246.46289185901657
53.642671041891006 -9.1609916911401896 245.92127251582897
53.611841121364911 -8.9046754741631506 245.37965317264138
53.581011200838908 -8.6483592571859411 244.83803382945388
53.527501802047063 -8.6281782549470183 244.24076548826247
53.513797737485916 -8.280307545119431 243.75209569396515
53.446283417388351 -8.3400123561163415 243.15890335405712
53.423329327645192 -8.0473595472180985 242.63561811328682
53.37447557306966 -7.9887020849784944 242.04049408185514
53.370278545962321 -7.7285811241699305 241.49982831568209
53.385389554475559 -7.4387109688883841 240.97471218519405
53.29751016574339 -7.1396529809163578 240.46203145328951
53.209630777011242 -6.8405949929443413 239.94935072138497
53.32216718020949 -7.1195250881579337 239.43018450528521
53.285386909352738 -6.8368036061799389 238.9022491159582
53.248606638495993 -6.5540821242019458 238.37431372663119
53.231809811594744 -6.2226416989550701 237.87444863371289
53.215012984693502 -5.8912012737081936 237.37458354079459
53.189230068800178 -6.1153662613488411 236.81862913658134
53.19780252358845 -5.6440880350561127 236.4473834679988
53.157991512231945 -5.3810981762231496 235.90956247777459
53.165370688102051 -5.4457724797838294 235.31310394424318
53.22211705085995 -5.3173040562526506 234.72977237946276
53.221033435321054 -5.0473875704411224 234.19391426721239
53.166112810326624 -4.8504908224648551 233.62980842999158
53.129598952130905 -4.7200905722059456 233.0452893859117
53.160542369841039 -4.4033585230727894 232.5366408688075
53.160019082960574 -4.2662816090778009 231.95250933754036
53.159495796080115 -4.1292046950828025 231.36837780627326
53.176715929958519 -4.3796748834870805 230.82342996316351
53.195141525150881 -3.9805627595306965 230.37580287511719
53.213567120343249 -3.5814506355743099 229.92817578707087
53.219964663800113 -3.0314701960880148 229.68842469193223
53.209785668197412 -2.7074797175174092 229.18352216882099
53.199606672594726 -2.3834892389468232 228.67861964570972
53.27741944465707 -1.9795449622172874 228.24184259296834
53.355232216719415 -1.5756006854877538 227.80506554022699
53.334714166150192 -1.2616337793161574 227.29418023858889
53.316944849916204 -1.08377287787226 226.72142396307709
53.234378229527202 -1.2736675280475165 226.15828741211243
53.383273864675047 -1.1316009350314205 225.59468544885937
53.53216949982292 -0.98953434201531287 225.03108348560627
53.331767052911083 -1.2515739447777237 224.52991075504738
53.131364605999259 -1.5136135475401253 224.02873802448849
53.592531878954006 -1.161073199293096 223.8769485346898
53.486009064217697 -0.81811668866409448 223.39628886115992
53.457647027676423 -0.78879791820249223 222.79767713008391
53.464474633534152 -0.50959056302123962 222.26664357501332
53.4842771259502 -0.15232951109075765 221.78500844125784
53.504079618366255 0.20493154083974571 221.3033733075024
53.517992327804549 0.55634547879060747 220.81725122331986
53.53232628885371 0.80979009157076598 220.27359658495712
53.546660249902843 1.0632347043509036 219.72994194659432
53.599173158034866 1.3796700477191151 219.22288073929585
53.651686066166882 1.6961053910873372 218.71581953199743
53.594947623702296 2.2622315467860843 218.52534138369569
53.65703560058116 1.9867611400473777 217.99594442664142
53.654894055751505 2.4813859849268156 217.65632452643868
53.664765140760423 2.7541099878229636 217.12197989988664
53.674636225769348 3.0268339907191111 216.58763527333457
53.752324083674026 3.2682587548740494 216.04387183213345
53.726782453095588 3.6654032440423614 215.59484635420304
53.701240822517136 4.0625477332106668 215.14582087627264
53.67170636369643 4.1010147028021624 214.5477840814242
53.642171904875738 4.1394816723936554 213.94974728657576
53.78336704096089 4.2628378607091122 213.37979361797611
53.924562177046049 4.3861940490245725 212.80983994937645
53.928845380359327 4.6296652808166687 212.26147564213261
53.954161694076106 5.021829864775337 211.80808174787694
53.942633105463266 5.1724224856329561 211.22740201326602
54.109846301146149 5.2324826043154156 210.65431168065396
53.950542998978072 5.5000543285621744 210.14144929140912
54.133782367570703 5.7206370024064634 209.61441360210765
54.184009175933362 5.9706829704768491 209.07131666640149
54.216903172692355 6.2760145045127214 208.55586478765767
54.240334626208117 6.5060400438417574 208.00220494782593
54.263766079723879 6.736065583170789 207.44854510799419
54.286256759591467 7.0311663890897593 206.92661629707737
54.437745257314624 6.9947617405573244 206.34719767757778
54.443350667927163 6.9585237964300628 205.74831923350311
54.464726136609919 7.2659316506377349 205.23349547675716
54.505184899309128 7.5177454963724699 204.69039983544053
54.545643662008352 7.7695593421072022 204.1473041941239
54.528302273004819 8.0338791594246519 203.60894157432131
54.670654104450975 8.2358549816461917 203.06218594031114
54.74093685126013 8.5619237450849077 202.56344803618663
54.743643455744198 8.5612203511905172 201.96345455328103
54.778956111150386 8.8698511670631195 201.45013200764137
54.814268766556573 9.1784819829357183 200.93680946200172
54.854413293359414 9.3783745918704788 200.37251223370706
54.87985623763965 9.6549573920854534 199.84067145752346
54.868548400511159 9.9543585786179953 199.3208339229779
55.010532098703685 10.18502706898869 198.78545305201064
55.152515796896203 10.415695559359367 198.25007218104335
55.073512936483567 10.550384432054361 197.67074718104874
55.082704750397966 10.930013815500674 197.20620757909734
55.091896564312357 11.309643198947011 196.74166797714599
55.149282087630084 11.30665544059058 196.14442600355943
55.206667610947797 11.303667682234149 195.5471840299729
55.17430918771862 11.464745662193989 194.97011660166129
55.431208652730071 11.389282990826269 194.43317335502633
55.388870266578671 11.751938038307905 193.9570549059045
55.372419203105878 12.053551132736288 193.43863528457447
55.355968139633092 12.355164227164673 192.92021566324448
55.377953374997404 12.558879294754234 192.3562858620609
55.399938610361701 12.762594362343794 191.79235606087732
55.44656856675774 12.915581392399616 191.21406494405016
55.493198523153794 13.068568422455437 190.63577382722301
55.518991872482864 12.895496754747601 190.06185667208018
55.559962592699456 13.431791033403798 189.79594344043204
55.59793403218724 13.699062439386944 189.26010375794576
55.635905471675031 13.966333845370087 188.72426407545947
55.655720094818335 14.128078274864624 188.14681613820696
55.675534717961646 14.289822704359157 187.56936820095444
55.679394104150482 14.509767662925947 187.01114842314351
55.683253490339311 14.729712621492737 186.45292864533255
55.706012809345189 15.084027570922313 185.96925217287486
55.721007395467439 15.246293063209691 185.3918051429234
55.736001981589688 15.408558555497072 184.81435811297195
55.750996567711937 15.570824047784452 184.23691108302049
55.836974820627702 15.587817714527228 183.64334646537876
55.922953073543475 15.60481138127 183.04978184773702
55.94400754193547 16.003493373086719 182.60188746424711
55.952536733497837 16.178279322674097 182.02797359900416
55.974913535525481 16.606123969828204 181.60791617836668
56.016375662410823 16.517673438389533 181.01592175649907
56.053354876030561 16.739431046173557 180.45963397023195
56.113280418441775 16.855742101431712 179.87407383857044
56.142632014093365 17.019382320748946 179.29756680265976
56.164735955143314 17.378339219271172 178.81729462899844
56.169277902970443 17.591420491474793 178.25642410726815
56.273092935595265 17.526287892368089 177.66907397018232
56.30637314331134 17.445037372685618 177.07553308631188
56.354754452954367 17.798760224419798 176.59330970131458
56.355985041043255 17.987254314087686 176.02368836760837
56.357215629132142 18.175748403755573 175.45406703390216
56.445142190700949 18.184045392422441 174.86060256171385
56.533068752269777 18.192342381089304 174.26713808952553
56.562604894152955 18.481996524280937 173.74251623175121
56.688549139656274 18.747314531378841 173.21931034289463
56.814493385159594 19.012632538476737 172.69610445403808
57.017717233001008 19.183341869914514 172.15799815243162
56.992034386449426 19.54789360985513 171.68213848793033
56.966351539897843 19.912445349795746 171.20627882342905
56.981310600088442 20.051372233246813 170.62277599775226
56.967838486154662 20.291117157105369 170.07292067711762
57.007076946155543 20.549677705589769 169.53291439379842
57.002392285074883 20.707567745066505 168.95408040258457
56.997707623994224 20.865457784543235 168.37524641137068
57.052595335303444 21.202162453664499 167.88167037372381
57.07413722422298 21.530979893271258 167.38025733197856
57.095679113142509 21.859797332878024 166.8788442902333
57.152976387418995 22.048587307668253 166.31220916267836
57.210273661695474 22.237377282458475 165.74557403512344
57.248062501885919 22.561646957748135 165.24216447895213
57.285851342076356 22.885916633037809 164.73875492278083
57.297717326941417 22.707958045658849 164.16587627980201
57.326074406570932 22.780484089001956 163.57095120126533
57.354431486200454 22.853010132345062 162.97602612272865
57.45878417113564 22.892505533453356 162.38649187398806
57.563136856070798 22.932000934561657 161.7969576252475
57.546996480443468 23.226520166536734 161.27446560590997
57.578594123910783 23.418183578758079 160.70678019536732
57.610191767378105 23.609846990979431 160.13909478482464
57.625478318635302 23.905260211455282 159.61708199712808
57.689921317483524 23.913777862224627 159.02061359936937
57.680739376888788 23.988415993619874 158.42534488583846
57.804854273516682 24.068121262565604 157.84375863897793
57.928969170144583 24.147826531511335 157.26217239211738
57.756898951577753 24.534700266380195 156.83705999150905
57.820394538293371 24.337390572897615 156.27399943053408
57.883890125008989 24.140080879415038 155.71093886955913
57.986491288330946 24.055420469960929 155.125869970748
57.960953782281067 24.294773239019754 154.57627185600541
57.93541627623118 24.534126008078577 154.02667374126278
57.977861928923332 24.8998262873192 153.55289987924542
57.997013331165661 25.071845574300085 152.9784065470833
58.012814311651269 25.219801482216035 152.3971498238289
58.018538148149446 25.634374101810767 151.96344856630463
58.04666048137733 26.039292328582569 151.52157713251219
58.07750574070333 26.368337344170914 151.02079978908142
58.07206813452791 26.546958054565795 150.44803013707715
58.08514537283677 26.896928641128802 149.96084477771279
58.135960561333512 27.17667341440465 149.43248819505021
58.186775749830268 27.456418187680491 148.90413161238763
58.175460160048225 27.848142153702021 148.44979221075903
58.230644174462654 27.952106462863146 147.86145034842576
58.285828188877076 28.05607077202427 147.27310848609253
58.261315136874295 28.113506476848244 146.67636712663025
58.23680208487152 28.170942181672217 146.07962576716798
58.305023369260766 28.318017729298084 145.50194537140675
58.373244653650019 28.465093276923945 144.92426497564554
58.295046512075068 28.809468635992243 144.43919728684241
58.32526202531799 29.051074991134453 143.89082388129253
58.338906443052352 29.590243603258006 143.62793409913004
58.376332159810545 29.599340216084244 143.02917156910647
58.405115876442821 29.874447067178941 142.49673592216161
58.433899593075111 30.149553918273643 141.96430027521677
58.443381317684647 30.604899074267244 141.57369704198439
58.457026371569043 30.59679283505772 140.9739069942257
58.464350779405791 30.819074218820425 140.41664822176682
58.471675187242532 31.041355602583131 139.85938944930791
58.49082499674887 31.319151474360059 139.32791721257342
58.488861153713273 31.492406587212987 138.75347939244767
58.486897310677669 31.665661700065897 138.17904157232186
58.502074810683396 31.755092788078183 137.58593810412216
58.517252310689102 31.844523876090467 136.99283463592246
58.515523373832139 32.308886192258839 136.61288115179568
58.536286809495401 32.268851327202505 136.01457847812677
58.400808718659675 32.362968338623439 135.43770095640772
58.417084943960674 32.567302810190405 134.87380157866431
58.433361169261659 32.771637281757371 134.30990220092093
58.216743942372261 32.816811988248915 133.87119082641783
58.000126715482864 32.861986694740452 133.43247945191476
