-102.57918650180743 -172.7336806235478 198.87693489981729
-29.457416665312941 -154.43576797739792 223.56965546211865
-102.57918650180743 -172.7336806235478 198.87693489981729
-102.63280330116713 -172.55794070670311 198.30576004002927
-102.68642010052686 -172.38220078985842 197.73458518024128
-102.71518939202394 -172.20713612670542 197.16141444513534
-102.74395868352106 -172.03207146355243 196.58824371002942
-102.8053198066721 -171.64351278758483 196.13519076842553
-102.89067143406328 -171.32590002451363 195.6333568990664
-102.97602306145438 -171.00828726144238 195.13152302970727
-102.91925388910775 -170.70174095618887 194.61887634454632
-103.04050631251854 -170.38845871733312 194.12173241303901
-103.0567212467067 -169.81202090542862 193.95603230767983
-103.09664065657407 -169.28778895169398 193.66691762559088
-103.13656006644146 -168.76355699795934 193.37780294350196
-103.16999589217434 -168.42346429164527 192.88463056322348
-103.1874368955816 -167.95817539056625 192.5062100961068
-103.23034182081248 -167.56505960665925 192.05496831187784
-103.19794140997621 -167.11466030534157 191.65988517790453
-103.31173658802587 -166.77454515207194 191.17887339013936
-103.29015611185048 -166.26985818675436 190.85510595804251
-103.26857563567508 -165.76517122143682 190.53133852594561
-103.28636481986942 -165.22036910843241 190.28059123764197
-103.39265807725592 -164.8635623079573 189.81006955847207
-103.42862447813999 -164.50570134855343 189.32981759154012
-103.41785023475708 -164.24282915667388 188.79057541364975
-103.43874480977165 -163.6857367500171 188.56873883600684
-103.46289876157805 -163.25767770311288 188.14899839361939
-103.47150207421984 -162.72167536089813 187.87950354737572
-103.49469008685757 -162.35078371657877 187.40843910991094
-103.46218692614256 -161.75182527647002 187.39457074425297
-103.52153155090268 -161.46785947628598 186.86936446112423
-103.58087617566279 -161.18389367610195 186.34415817799547
-103.588020980165 -160.61264603924099 186.16078672670216
-103.60238979605928 -160.16923524693519 185.7568307805935
-103.61675861195356 -159.72582445462939 185.35287483448485
-103.58291229450822 -159.29510256693055 184.93654193613
-103.59464124083563 -159.0942373078862 184.37128484459811
-103.71326799807267 -158.57580520658132 184.09351542798782
-103.67920682646306 -158.05740605753465 183.79334521151679
-103.64514565485349 -157.53900690848798 183.49317499504576
-103.70134611318596 -157.00235133123132 183.23079683306855
-103.73553113822325 -156.61784851487897 182.77146147814764
-103.76634066899911 -156.16582555252205 182.37810920051928
-103.78326455813033 -155.63589225394989 182.09724574429703
-103.80018844726155 -155.10595895537773 181.81638228807481
-103.89194100087232 -154.90650207693915 181.25799315624161
-103.87048325781333 -154.30688608531489 181.2584704939558
-103.91961732696605 -153.80959244610219 180.92637882039699
-103.96875139611875 -153.31229880688949 180.59428714683818
-104.01788546527148 -152.81500516767682 180.26219547327938
-104.02522848350725 -152.58198159069204 179.70934278706684
-104.02107560267602 -151.99519343236952 179.83449234093447
-104.04630239515457 -151.51055929473264 179.48165617275129
-104.09526854969383 -151.03213056576539 179.12289682861035
-104.13663430820711 -150.73504397631729 178.60325422797726
-104.19727847892375 -150.26031668420674 178.24137540477332
-104.25792264964036 -149.7855893920962 177.87949658156936
-104.32534967324246 -149.24276367496313 177.63293251827719
-104.39277669684455 -148.69993795783006 177.38636845498507
-104.37233659810929 -148.10597534559685 177.46877365890327
-104.44773307209955 -147.87771098037001 176.91903667517613
-104.48519141102827 -147.33471387966966 176.66654702890182
-104.40221903275874 -147.07980876641051 176.12976125442691
-104.31924665448919 -146.8249036531513 175.59297547995203
-104.60975127922379 -146.3326561186374 175.77545678796133
-104.67012430849752 -145.75188513442555 175.63739824518365
-104.64909276769829 -145.1547141720975 175.58313485012042
-104.76177370005105 -144.68107983495102 175.23245904234361
-104.65684182082082 -144.31899282459943 174.76568040352657
-104.94751590538579 -143.88166750706094 174.47541303849539
-105.23818998995077 -143.44434218952242 174.18514567346421
-105.00437565017435 -142.93209622187638 173.97793823357537
-104.94090834048934 -142.54119305655524 173.52719815776308
-104.87744103080438 -142.15028989123414 173.07645808195076
-104.91223663430938 -141.56059486802937 172.97134364153334
-105.01478041325802 -140.99262091438777 172.80736083333795
-105.11732419220664 -140.42464696074614 172.64337802514257
-105.0869736275578 -139.95867747100493 172.26661380463349
-105.09242727435159 -139.58514950822013 171.79709584038241
-105.09788092114543 -139.21162154543529 171.32757787613133
-105.0512741001406 -138.61400457534236 171.301467317103
-105.10329481150215 -138.27055394458225 170.81224803107688
-105.34689472278799 -137.88303653665366 170.42431847332978
-105.59049463407385 -137.49551912872508 170.03638891558271
-105.43227878153505 -136.96097704083246 169.81450493626733
-105.27406292899623 -136.42643495293984 169.59262095695198
-105.32334712518298 -136.07136121888317 169.11148302310215
-105.35972545702327 -135.54995679375565 168.81684079525635
-105.35881967187797 -134.98725366183845 168.60859967327551
-105.35791388673265 -134.42455052992122 168.40035855129469
-105.3806543194722 -134.25798856240897 167.82438981629488
-105.38994845691295 -133.73393934405004 167.53235208628956
-105.39020938868416 -133.37422080412878 167.05214119100344
-105.39776435708038 -132.81601099943481 166.83226682597632
-105.40015366730798 -132.50819848545115 166.31724668323267
-105.40254297753559 -132.20038597146748 165.80222654048902
-105.40493228776317 -131.89257345748382 165.28720639774536
-105.35525079017918 -131.37079365625937 164.99518313183665
-105.30556929259519 -130.84901385503494 164.70315986592792
-105.43295173149515 -130.92990854160757 164.1224449927378
-105.42584168453013 -130.54081742343465 163.66576397825276
-105.41873163756512 -130.15172630526172 163.20908296376768
-105.46040283097287 -129.99227387411071 162.6321614493136
-105.50207402438062 -129.8328214429597 162.05523993485949
-105.4048616833023 -129.98013374486533 161.48178649607885
-105.51928252545227 -129.61235486285946 161.02173588491502
-105.63370336760222 -129.2445759808536 160.56168527375115
-105.60708011506222 -128.97797437981481 160.02482887884864
-105.65496983275 -128.66105930257837 159.51760958824545
-105.70741254780289 -128.55247334349713 158.92985211179084
-105.73218317418112 -128.51409247232166 158.3315935349224
-105.80352884145577 -128.74086818005441 157.78070100988376
-105.80371626427102 -128.19679694527986 157.52774556644835
-105.89324570317456 -127.78414847006488 157.10147603261751
-105.88057744115486 -127.50521222221184 156.5704072190245
-105.86790917913515 -127.22627597435878 156.03933840543152
-105.93123385516984 -127.07448550985585 155.46232051984123
-105.96257917217963 -126.78252911020586 154.939081633858
-105.98986740402579 -126.6244806970733 154.3609155232038
-106.052994771371 -126.26637129341668 153.88366025554848
-106.11612213871619 -125.90826188976007 153.40640498789313
-106.07105505199263 -125.67641711363747 152.85484632602757
-106.02598796526907 -125.44457233751487 152.30328766416201
-105.99793553527684 -125.24555240064315 151.73795225407423
-106.02745524986233 -124.82744313564947 151.30863508812666
-106.05697496444782 -124.40933387065581 150.8793179221791
-106.02733734782396 -124.4998628566215 150.28692775144626
-106.01964588950675 -124.04412163598204 149.89674730437207
-106.03761246059813 -123.50708225124012 149.62979056338349
-106.01546273199399 -123.16732944821699 149.13574863969615
-105.99331300338989 -122.82757664519389 148.6417067160088
-105.94607737674851 -122.67769071642506 148.06265317450084
-105.89884175010711 -122.52780478765627 147.48359963299288
-105.89910630536852 -121.94728650627144 147.63525204803639
-105.88864864839373 -121.66747064240084 147.10459799902051
-105.87011778076359 -121.54358753587772 146.51781900922703
-105.8515869131335 -121.41970442935458 145.93104001943357
-105.80644847881247 -121.07880208442666 145.43936114763846
-105.76037573684843 -120.59733838502623 145.08429776089244
-105.71234691527533 -120.22326591637996 144.61764690586355
-105.65886652678958 -119.81565110215749 144.18062286616572
-105.48946433342864 -119.46481587443161 143.72431426459107
-105.5253172769457 -119.34745956833801 143.13699657895472
-105.49856160010901 -118.76851520892686 142.98173047684929
-105.53271494805396 -118.85517109569192 142.38900431232381
-105.45803504382725 -118.4897180959593 141.91903940204739
-105.38335513960051 -118.12426509622671 141.44907449177094
-105.42026858283248 -117.65438555474489 141.07779210031455
-105.38041288958364 -117.39712861560569 140.53720872008503
-105.30823415110913 -116.9579811684187 140.13479133807803
-105.21939371016433 -116.5160346276372 139.73882337075744
-105.09203865324419 -116.04324277751616 139.39205463523476
-104.91101582608795 -115.65333726390986 138.99389181967584
-104.72999299893172 -115.26343175030358 138.59572900411689
-104.54897017177548 -114.87352623669729 138.19756618855794
-29.144816665312941 -154.26256285059949 223.26965557898899
-29.457416665312941 -154.43576797739792 223.56965546211865
