144.65037794440954 -170.89908153800027 413.07412350881657
27.761675335136271 -181.3246181677805 296.71359923631042
144.65037794440954 -170.89908153800027 413.07412350881657
144.40176164667685 -171.18586686799455 412.60942563815036
144.15314534894412 -171.47265219798879 412.14472776748408
143.88671160893531 -171.68859582418392 411.65240529949114
143.54594408302682 -171.96373241758724 411.24231098319717
143.19877905297645 -172.206875850779 410.81762555513797
142.85704174110816 -172.42302940618225 410.37434996347565
142.5153044292399 -172.6391829615855 409.93107437181334
142.11032299171427 -172.83875287648041 409.5359011384985
141.70383350687831 -172.96166709161145 409.11203984699324
141.29734402204235 -173.08458130674251 408.68817855548798
140.93010424343905 -173.27357816252595 408.25296006608824
140.56286446483571 -173.46257501830939 407.81774157668855
140.11166064424654 -173.61655098995351 407.45345252601317
139.74996161772495 -173.93800771514645 407.09871404763572
139.34087050466786 -174.07865994947525 406.68294799539478
138.9317793916108 -174.21931218380402 406.26718194315379
138.58079600184624 -174.30191665944366 405.7876121768906
138.19668007824461 -174.49515617262381 405.36914658955806
137.81256415464298 -174.68839568580398 404.95068100222551
137.50405820751192 -174.7245145949156 404.43733949310189
137.19304313438329 -175.05235402288073 404.0426358906883
136.88202806125469 -175.38019345084584 403.6479322882746
136.57522006560379 -175.50805782807416 403.14841296448355
136.26841206995292 -175.63592220530245 402.64889364069245
135.90719009254232 -175.79673967230366 402.19761055288291
135.56735061593577 -175.92528604756586 401.72013284707174
135.22751113932924 -176.05383242282807 401.24265514126051
134.86424959992775 -176.18208686458397 400.78266399769188
134.52004720834728 -176.33808860904512 400.31662948249442
134.17584481676681 -176.49409035350629 399.8505949672969
133.80689610305484 -176.63786625293656 399.39981194033908
133.46162159079648 -176.68076530532312 398.91099174590238
133.15357329806159 -176.98071009566223 398.49249518427786
132.82954459005617 -176.95374642662401 397.98823497670605
132.47128015133893 -177.02210373109369 397.51181722842597
132.11056667978144 -177.15738334257981 397.05183329593149
131.76074137163673 -177.12037141641076 396.56577530442968
131.41091606349204 -177.08335949024175 396.07971731292793
131.03726964863353 -177.34929509447301 395.69284962098976
130.70182363277837 -177.52415350152819 395.22712383479256
130.33554194381958 -177.62648905488703 394.76304931615118
129.96926025486073 -177.72882460824584 394.29897479750986
129.62016146895439 -177.75183063051992 393.81153171301912
129.27723564393028 -177.77050322971823 393.31954267597587
128.93430981890614 -177.78917582891651 392.82755363893267
128.55694759272583 -177.79370274573802 392.36110186513781
128.1795853665455 -177.79822966255955 391.89465009134301
127.79527951172572 -178.07210003788771 391.52410451051816
127.58695251426032 -178.22005997728351 390.98123461960409
127.26274977105648 -178.16528431294574 390.47934597867322
126.91998475662406 -178.15543088142573 389.98698934495286
126.57444469783971 -178.33564964415771 389.53078405636597
126.23683666270433 -178.35781039837048 389.03527450490935
125.89922862756896 -178.37997115258324 388.53976495345267
125.56162059243351 -178.40213190679609 388.04425540199611
125.17485497550588 -178.40506500699283 387.58555751178312
124.80312381491505 -178.48076922727094 387.12070827248306
124.46278789888818 -178.48272357803515 386.62657504674809
124.10961501570159 -178.42880363766255 386.14453609125599
123.75030985541355 -178.42218922661215 385.66406127260586
123.3910046951255 -178.41557481556168 385.1835864539558
123.09314449440167 -178.55317748322187 384.6812471197627
122.69546681654734 -178.52604250495756 384.23278735847862
122.31620691706635 -178.5428332036729 383.76815847314936
121.93694701758531 -178.55962390238821 383.30352958782009
121.57564281793513 -178.65363966641797 382.83382722309426
121.21433861828493 -178.74765543044779 382.36412485836843
120.80053287992307 -178.67957338300715 381.93502155412216
120.38672714156118 -178.61149133556654 381.50591824987589
120.01067216886688 -178.68164388601741 381.04368316122816
119.5745689783748 -178.69395523544605 380.63178215623077
119.05785429240461 -178.65883391978548 380.32884251457091
118.5411396064344 -178.62371260412493 380.0259028729111
118.33516688423727 -178.59599706645565 379.46304668641017
117.94083831744528 -178.64418704502731 379.0133993719769
117.54650975065331 -178.69237702359897 378.56375205754364
117.18977429924902 -178.66864529987433 378.08190496250165
116.80742395273691 -178.70564807728462 377.62099390059706
116.39639640120024 -178.65670405977463 377.18664285014626
115.98108930164167 -178.68217841956317 376.75435698402333
115.5657822020831 -178.70765277935172 376.32207111790046
115.15169418817054 -178.6903636801749 375.8882137637118
114.75976608601574 -178.66836331972763 375.43444251420215
114.36402947347483 -178.6854529456707 374.9837758101072
113.96656971571367 -178.69220076321895 374.53435372796309
113.56910995795252 -178.69894858076719 374.08493164581893
113.20353278039629 -178.72125907762577 373.60968900360342
112.79310563300722 -178.74028320159269 373.17243891567512
112.38417015539051 -178.79054620916324 372.7362676130698
111.96768345015646 -178.82471945480944 372.30572027113715
111.62261612306838 -178.79023757155662 371.81608822612412
111.27754879598031 -178.75575568830382 371.3264561811111
110.8909400518647 -178.7165624485383 370.86929366194528
110.48568516499935 -178.66333803215454 370.43004926736251
110.08043027813403 -178.61011361577079 369.99080487277979
109.69753612592649 -178.74554999099354 369.54916128743997
109.31464197371895 -178.88098636621629 369.10751770210015
108.87306868271985 -178.87021577400117 368.70144255755235
108.43149539172074 -178.85944518178604 368.2953674130045
108.06617546042392 -178.90428822962662 367.82152097283887
107.70085552912708 -178.94913127746722 367.34767453267324
107.31090586948967 -178.87893724953472 366.89710593479793
106.878077971742 -178.86382857610303 366.48185692646865
106.44525007399434 -178.84871990267135 366.06660791813937
106.02903193591169 -178.84117876511414 365.63451349237653
105.61281379782903 -178.83363762755693 365.20241906661363
105.24412651682636 -178.82891952768708 364.72908258126682
104.79026943881169 -178.85526440908615 364.33752198575178
104.38804904808839 -178.87146296703298 363.8925991115288
104.01771811877549 -178.7885437155704 363.4278632720123
103.60637588795365 -178.88112335445305 363.00098321906199
103.22517059178662 -178.8654929818 362.53790848035885
102.84396529561961 -178.84986260914692 362.07483374165577
102.32249779414546 -178.80523688791703 361.78143948487661
101.90123492206239 -178.83102683172245 361.35497439673588
101.4799720499793 -178.85681677552788 360.92850930859527
101.13661275898542 -178.82307190034004 360.43762675575118
100.70731172718186 -178.86753476126847 360.02082503059825
100.27801069537831 -178.91199762219691 359.60402330544531
99.85874978314024 -178.84155256689721 359.18063485301286
99.439488870902139 -178.77110751159751 358.75724640058047
99.052300865447563 -178.86029563772087 358.30765666916892
98.621107530010931 -178.82390381556635 357.89202709520271
98.1899141945743 -178.78751199341184 357.47639752123655
97.75508865925606 -178.71275813167816 357.06977900961772
97.324296951800505 -178.71916928412128 356.65219380644135
96.9016968955642 -178.71063596022876 356.22635771725629
96.464261175032931 -178.67230953758448 355.81747989231269
95.993300450504464 -178.67751486021646 355.44576911688654
95.586041586735391 -178.64581950156943 355.00629713584368
95.160952100203104 -178.62480255415682 354.58338199499246
94.722085078518518 -178.60941089660054 354.17453136926792
94.283218056833874 -178.59401923904429 353.76568074354338
93.858448108766311 -178.58954452142464 353.3419467844123
93.433678160698733 -178.58506980380497 352.91821282528127
93.041617011904123 -178.57000630353974 352.46427324057242
92.608230079706445 -178.58098995247616 352.04947795798557
92.167508605735094 -178.56152758510237 351.64280142972666
91.751610303378555 -178.50657650027239 351.21383875026265
91.332110890281868 -178.487259227572 350.78529810413096
90.903982434644021 -178.46067124599153 350.3657756318978
90.471853932429809 -178.45375474593811 349.94958202358418
90.034981665368008 -178.42508887824818 349.53931273360274
89.606046855565936 -178.38735335288342 349.12147190378175
89.163590099201443 -178.34216326576308 348.71874386307258
88.717821567311233 -178.30777027337822 348.31860946308768
88.272053035421052 -178.27337728099337 347.91847506310285
87.840393700138875 -178.16167171169951 347.51698772326199
87.395582302593752 -178.32561715342172 347.14920420982992
86.962091484509827 -178.21820095209566 346.74852045631644
86.550350341928237 -178.22561163821331 346.31215557088586
86.08949868222075 -178.18256643781609 345.9303665473825
85.689869679782788 -178.31371425077799 345.50246829830252
85.247733113913881 -178.18016002352041 345.11948197282436
84.812408181802454 -178.11209883829389 344.7122229906671
84.374508750004722 -178.11185049071025 344.30204738686467
83.933725731122735 -178.10923519025158 343.89498045076101
83.500376290660796 -178.05162338641307 343.48401920865933
83.057564091575742 -178.02411157129208 343.08008795662471
82.614751892490688 -177.99659975617107 342.6761567045902
82.181680655345616 -177.98786926128992 342.26097833085572
81.74860941820053 -177.97913876640877 341.8457999571213
81.315538181055373 -177.97040827152759 341.43062158338694
80.865980262973821 -177.99254249962823 341.03387512248707
80.416422344892254 -178.0146767277289 340.63712866158721
79.995310157310797 -177.96878318385501 340.21220712988867
79.532413089567228 -177.92763030741995 339.8326906672213
79.099825558066001 -177.89058064843954 339.4185706962478
78.60806305019743 -177.86996999392252 339.07543102093297
78.191716486252702 -177.93326073823346 338.64805551815351
77.761336909896642 -177.94471201454445 338.23015327058067
77.292244399874917 -177.90468861725248 337.85819850893523
76.871662201098417 -177.90288316189012 337.43028805755165
76.423495984229291 -177.88095192632679 337.03195896877725
75.986717716900031 -177.83280005068019 336.62341748733309
75.509202298358957 -177.81390520001096 336.26062000984223
75.047398873625355 -177.82192897789454 335.8776406162807
74.540414774986999 -177.83648461524763 335.55708600759584
74.14318058260686 -177.82505334172004 335.1075592315417
73.745946390226734 -177.81362206819244 334.65803245548756
73.269778649439417 -177.84068140180153 334.29398290515394
72.858055462009105 -177.82184180272301 333.85794496364099
72.391638943288513 -177.8312344803997 333.48062890425496
71.984461819177852 -177.77941322977486 333.04299738392689
71.526221120376846 -177.78979327586364 332.65581820498568
71.087568871327178 -177.82241475706886 332.24774953016777
70.649083464915748 -177.82727365367063 331.83822915278949
70.168577199973384 -177.85176362579864 331.47974070023304
69.787262910619617 -177.79432104188834 331.02006716141625
69.324118687795661 -177.81367068685668 330.63911700705955
68.862057445140792 -177.82917173661855 330.25667861268408
68.399996202485937 -177.84467278638041 329.8742402183085
67.96217826677352 -177.84558776340026 329.46397857254385
67.524360331061118 -177.84650274042008 329.05371692677909
67.075918966502712 -177.84126910082992 328.65512822702755
66.627477601944321 -177.83603546123973 328.256539527276
66.186006087363182 -177.88450504535427 327.85311220887871
65.754349870251289 -177.87604539203215 327.43645726231705
65.283718646621352 -177.86767144096478 327.06438720401064
64.805170178938027 -177.83678301941774 326.70378039668128
64.341718963425052 -177.86760139031341 326.32396044084055
63.907271689273571 -177.91740868652562 325.91313833916348
63.455487214136589 -177.86877947704517 325.52131441440832
62.928298900161977 -177.8423204925727 325.23605592855859
62.538406434196304 -177.90660853280409 324.78455740932912
62.082651789076763 -177.97532195278924 324.40041398641796
61.626897143957208 -178.04403537277443 324.01627056350685
61.194536092291742 -178.07214199213428 323.60121160510346
60.762175040626289 -178.10024861149407 323.18615264670007
60.31125626548635 -178.13666566239868 322.792013005672
59.86033749034641 -178.17308271330324 322.39787336464394
59.403706803702995 -178.23409132711873 322.01346945590228
58.95269482499657 -178.2943737099128 321.62237582339469
58.501682846290137 -178.35465609270688 321.2312821908871
58.055680074900955 -178.38451045922267 320.83104445564334
57.609677303511788 -178.41436482573852 320.43080672039946
57.16666629164628 -178.47626199974826 320.03091925721071
56.697921648786561 -178.51016635835973 319.65791931852783
56.220906230764726 -178.57712312957494 319.3001860634929
55.74389081274289 -178.64407990079013 318.94245280845797
55.317695723364849 -178.64775750667275 318.52014460228031
54.844847999270577 -178.69013497736944 318.15323973750441
54.385740101629175 -178.72848493136593 317.76885813108731
53.926632203987779 -178.76683488536244 317.38447652467028
53.461959792272992 -178.8503789061927 317.01420642545264
52.988935584249404 -178.85117585415247 316.64508928483514
52.543150169389222 -178.88283817827445 316.24474835371632
52.097364754529053 -178.91450050239638 315.84440742259738
51.60783735714724 -178.99901384257643 315.50792499728487
51.156883899019519 -179.02425988691058 315.11295206675908
50.705930440891805 -179.04950593124477 314.71797913623328
50.248312428499567 -179.07258135231024 314.33061202395237
49.779257507889881 -179.11930045341961 313.95939132538695
49.310202587280195 -179.16601955452899 313.58817062682158
48.830324800161662 -179.20814810623602 313.23048012574384
48.350447013043137 -179.25027665794309 312.87278962466598
47.929120904889245 -179.30731227603047 312.44943250726118
47.456456295186527 -179.31402052366815 312.07991502980144
46.98379168548378 -179.32072877130582 311.71039755234176
46.970333552284487 -179.13744235368205 311.13923648244514
46.418183191361173 -179.21658012687047 310.91817723295071
45.933427004214487 -179.29000990062264 310.57231670130579
45.448670817067786 -179.36343967437483 310.22645616966088
44.92868687725867 -179.42798448568246 309.93413670456516
44.40870293744959 -179.49252929699011 309.64181723946933
43.978585457440673 -179.49818133319832 309.22352666118979
43.505666889005497 -179.50655014542673 308.85436817136309
43.032748320570342 -179.51491895765508 308.48520968153639
42.557884537513772 -179.55294353982649 308.12043780941372
42.08302075445723 -179.59096812199792 307.75566593729098
41.644166830075605 -179.59115507110602 307.34651168996504
41.176906206161576 -179.58448811049772 306.97018329484223
40.708988720614087 -179.62712094513361 306.59704033546893
40.241071235066592 -179.66975377976954 306.22389737609575
39.759439182306991 -179.73386355548553 305.87187393594974
39.29415149493407 -179.7186957543197 305.49335404771801
38.821833012420953 -179.62670215079467 305.13495144171884
38.453188375236095 -179.55490113124876 304.85521816100612
38.080468136666255 -179.50321042830291 304.57674500163318
38.080468136666255 -179.50321042830291 304.57674500163318
37.609568204281693 -179.55338938838483 304.20832224765979
37.214656016665415 -179.77857998218943 303.81674395340173
36.782203478894466 -179.9731528363906 303.44914878615452
36.349750941123489 -180.16772569059174 303.08155361890738
35.885511263765906 -180.1161206604221 302.70496572368489
35.414442830385966 -180.19232228247262 302.34125176482456
34.943374397006039 -180.26852390452314 301.97753780596429
34.475190932545431 -180.27987011275735 301.60247046912411
34.011608633058998 -180.39661588042591 301.2398937498848
33.548026333572579 -180.51336164809447 300.87731703064549
33.085280949027897 -180.53091222143956 300.49579548936919
32.622535564483186 -180.54846279478465 300.11427394809289
32.165573670921304 -180.65694032011208 299.74088614120683
31.685123020679175 -180.70658206181938 299.38493267491918
31.20467237043702 -180.75622380352667 299.02897920863154
30.787253331312293 -180.82921899493741 298.60420509476972
30.288758598909748 -180.89368717858181 298.27656679562796
29.828315593733855 -180.96702129043919 297.89892364790427
29.367872588557976 -181.0403554022966 297.52128050018052
28.8440594630252 -181.13467774717992 297.24429114158477
28.320246337492428 -181.22900009206325 296.96730178298901
27.761675335136271 -181.3246181677805 296.71359923631042
