57.271216220596727 149.81600918769266 418.38327029923312
133.28473611578869 8.3991847747740387 428.29003926084499
57.271216220596727 149.81600918769266 418.38327029923312
57.482955159185657 149.26036306745806 418.46342022720239
57.90837244732122 148.86365417813633 418.610533068547
58.333789735456776 148.46694528881457 418.75764590989166
58.759207023592353 148.07023639949284 418.90475875123627
58.76835855449913 147.47032470224377 418.90004653458192
59.123479901871463 147.00151634562843 419.01882175677946
59.478601249243788 146.53270798901312 419.13759697897711
59.786202573390653 146.03597371151506 419.27411248337711
60.093803897537533 145.53923943401702 419.41062798777705
60.495701603416613 145.11397487447951 419.54339955254346
60.928317748087657 144.72484249691371 419.68975276945366
61.360933892758695 144.33571011934797 419.83610598636398
61.47275828940856 143.74940235032963 419.89724929591318
61.784462361942609 143.2519765566073 420.02137886896253
62.096166434476665 142.75455076288497 420.14550844201176
62.468625359500606 142.30285335716377 420.27682410305317
62.801726654035591 141.82015844850929 420.40350935372652
63.144149765032935 141.34481929624036 420.53312070884306
63.486572876030301 140.86948014397137 420.66273206395937
63.825277801652 140.39422652374327 420.80206249789143
64.197942537593818 139.94808298424192 420.95064559500076
64.581045694545622 139.50705180191579 421.08747931653761
64.861351296084337 138.98493152558515 421.18138984198822
65.141656897623051 138.46281124925451 421.275300367439
65.473765904286822 137.98587114460651 421.42440350044154
65.887804106838885 137.57128319306156 421.55359017646197
66.151605216854847 137.03657381740501 421.62063387817477
66.486151225390202 136.55027782555175 421.72831477936205
66.820697233925557 136.06398183369845 421.83599568054933
67.155243242460941 135.57768584184515 421.9436765817365
67.610667967018998 135.20083637005055 422.04650068333405
67.978491334536614 134.7422704782569 422.16659769908176
68.088286478854087 134.15456410295391 422.21705800736981
68.392202481791657 133.66171832106713 422.37434150438986
68.711674295144562 133.18190580369543 422.54082786613282
69.031146108497452 132.7020932863237 422.70731422787583
69.397683811187136 132.23783538900108 422.80788617864016
69.593088669853358 131.6758370105693 422.8851827752643
69.788493528519609 131.11383863213752 422.96247937188838
70.195222473548725 130.70210687217033 423.12074662405968
70.553270079845021 130.23828973567498 423.24988056815937
70.854504839052296 129.7327787891499 423.36699718862229
71.155739598259572 129.22726784262483 423.4841138090851
71.464273798625769 128.7341660262548 423.63127781928114
71.772807998991951 128.24106420988477 423.77844182947717
72.129004090787433 127.7842819864956 423.93488461322022
72.485200182582901 127.32749976310643 424.09132739696327
72.703914284562401 126.77531065417881 424.17648213598011
72.922628386541916 126.2231215452512 424.26163687499695
73.306558037808216 125.79627459142731 424.43599197497906
73.690487689074502 125.36942763760339 424.61034707496128
74.074417340341554 124.94258068377808 424.78470217493839
74.251222199167017 124.37203686331665 424.84144537566755
74.566197672903414 123.87722211768275 424.9677340071741
74.82962503109519 123.3492090246549 425.07639955160857
75.129941287326488 122.84517662629351 425.20194431512056
75.398150234513963 122.32473355016808 425.33310438969238
75.666359181701409 121.80429047404263 425.4642644642642
75.969150394786254 121.30377109039595 425.59767296426537
76.281112352532716 120.80233643253057 425.70370607612392
76.54371111982708 120.26983637406229 425.79022529449048
76.806309887121458 119.73733631559404 425.87674451285721
77.173090856001608 119.27803705954859 425.99722652090594
77.514512215743693 118.7951368236734 426.09841356208983
77.85593357548575 118.31223658779818 426.19960060327367
78.049675933705174 117.74913407934449 426.27294542998095
78.243418291924584 117.18603157089076 426.34629025668818
78.693885758691096 116.81611511940631 426.48856070444918
78.957930938875236 116.2835661793974 426.5702416037887
79.221976119059377 115.75101723938849 426.65192250312828
79.500037197911894 115.2280867598206 426.74797327077886
79.964225604454811 114.87961982586876 426.89995984641416
80.197534493348002 114.32971941788909 426.95632032607165
80.434400784168233 113.78067723685051 427.00578792873705
80.637047246760176 113.21888676937897 427.06345838787411
81.023608314827115 112.78106527117563 427.20087336655524
81.410169382894068 112.3432437729723 427.33828834523638
81.584555318383366 111.77157994190827 427.39110888817879
81.880211744451984 111.26103132346907 427.5003214604136
82.181741839627051 110.75345733751689 427.60731795796528
82.518765044865873 110.2679039327281 427.71053254137558
82.904878197475938 109.83927033830003 427.87542606795921
83.196289415959342 109.32293256431267 427.96748477149021
83.418095439014394 108.76710081827314 428.01053309586121
83.639901462069446 108.21126907223361 428.05358142023226
83.945788003422919 107.7011640033024 428.13248796286007
84.322407310176786 107.25402224251764 428.26747738297337
84.699026616930638 106.80688048173288 428.40246680308672
84.987228675599098 106.28833146020438 428.49216900847267
85.275430734267587 105.76978243867589 428.58187121385856
85.563632792936062 105.2512334171474 428.67157341924451
85.838090644094819 104.7256065823935 428.76316664237754
86.187284163425389 104.25006195828095 428.87235087445896
86.53647768275593 103.77451733416845 428.98153510654049
86.725979858934608 103.20713211787583 429.02804254203346
87.015087352927395 102.68881147296968 429.11613661664279
87.329955379049522 102.19206128338314 429.23486898489881
87.674521368747349 101.71700543866984 429.3597538244403
88.010070042913014 101.23286232498498 429.47382631339877
88.363358887606452 100.76230735498891 429.59115070313584
88.451616201337742 100.16899733645926 429.60507436950923
88.713118541961961 99.637858334346916 429.70258276034383
88.974620882586194 99.106719332234576 429.80009115117844
89.334738782090511 98.639320470261396 429.9089644825446
89.567921699549714 98.090483838570862 429.97532771573754
89.801104617008903 97.541647206880327 430.0416909489303
90.164920567893745 97.080354983057106 430.16354101303358
90.354426219458475 96.513177479884519 430.21250312001376
90.621541151011897 95.982291721022904 430.29502538597364
90.888656082565319 95.451405962161317 430.37754765193347
91.323469554853645 95.053890459915905 430.49120797830619
91.477754025251045 94.476065713847149 430.53932102253293
91.632038495648445 93.898240967778392 430.58743406675978
91.786322966045788 93.320416221709607 430.63554711098624
92.169302632328737 92.867415816229808 430.72564265942754
92.552282298611715 92.414415410750038 430.81573820786889
92.724172271460532 91.843526719548592 430.88311728097267
93.027464783818601 91.330293892108429 430.95098271241829
93.330757296176685 90.817061064668266 431.01884814386392
93.611676407741129 90.292944591303907 431.09876294290609
93.892595519305573 89.768828117939563 431.17867774194826
94.262186890501908 89.302201075473718 431.25392016068133
94.43849530877273 88.72980370994712 431.28964966648607
94.749212111872822 88.222251168800341 431.36610544616752
95.059928914972915 87.714698627653547 431.44256122584892
95.276114838221517 87.159007773997374 431.50942916848226
95.492300761470105 86.6033169203412 431.57629711111565
95.852116642087793 86.133237776995287 431.67406280574568
96.211932522705496 85.66315863364936 431.77182850037559
96.442085723806343 85.112109403475344 431.82991679478738
96.672238924907191 84.561060173301343 431.88800508919911
96.902392126008024 84.010010943127313 431.94609338361079
97.230191983263168 83.513964476467052 432.02662385298333
97.370942408500113 82.931065158238013 432.04706162692639
97.748245406997398 82.475148234921576 432.14596666400047
98.026810983732503 81.948434783813383 432.21649438819412
98.316625197616546 81.427283258427536 432.28289325127764
98.606439411500588 80.90613173304169 432.34929211436122
98.784748190520332 80.334008515272316 432.37897380928763
98.963056969540105 79.761885297502943 432.40865550421387
99.263191875126807 79.242871871329697 432.43198149616217
99.563326780713538 78.723858445156466 432.45530748811041
99.710531059178436 78.143332438379204 432.49164556534197
99.99649193800856 77.617815821636938 432.53701803834565
100.28245281683868 77.092299204894672 432.58239051134922
100.56089295171623 76.561661941934105 432.61231017790999
100.83933308659375 76.031024678973537 432.64222984447071
101.1160688394031 75.49885500328773 432.65681611875544
101.39280459221246 74.966685327601937 432.67140239304018
101.55019681843154 74.387703942011768 432.67427332771319
101.85683474066926 73.87205936138318 432.68343035310926
102.18660320922152 73.37104031048213 432.69868380461719
102.30086529442298 72.782041204943027 432.70360615766759
102.67364138055575 72.314818517787245 432.75596024265104
103.04641746668854 71.847595830631477 432.80831432763455
103.45461066230175 71.415150916133058 432.88812479674442
103.60814164293274 70.835236434794126 432.89941338921091
103.92100898924301 70.324425738469088 432.93385836174258
104.21203456535468 69.800074889957187 432.95283997689313
104.52446017555799 69.287913318448332 432.9618267871536
104.8368857857613 68.775751746939449 432.97081359741395
105.23487816860377 68.327029904174239 432.98664934888831
105.43779162268746 67.762390540501883 432.9895681060728
105.79560569795856 67.281194866813308 433.01005739989375
106.15341977322964 66.799999193124705 433.03054669371477
106.42836372871616 66.269168607284399 433.0817786220199
106.70330768420267 65.738338021444108 433.13301055032514
107.11087008992642 65.303130983055027 433.20000099126463
107.47494406955039 64.828706376861817 433.24869832588575
107.77333812342991 64.308558322281201 433.26887231719513
108.15904065270988 63.849122457133561 433.28121106604056
108.4235441654176 63.310744196368567 433.29487635421737
108.68804767812526 62.772365935603567 433.30854164239406
109.13306576940018 62.373706436910119 433.36358255935147
109.4520918618296 61.871098519757503 433.43846669628795
109.71935351934954 61.336452433854937 433.49066601858959
110.09279848794183 60.869254401926142 433.53825650498072
110.46624345653416 60.402056369997354 433.58584699137202
110.71382101455188 59.85551721422771 433.58529565065999
111.02996422245685 59.346258206051935 433.61191772209287
111.34610743036185 58.83699919787616 433.63853979352552
111.70220935443982 58.356340485497626 433.68500076513163
112.05831127851775 57.875681773119084 433.73146173673774
112.31700698003336 57.335949379194219 433.77347931598132
112.66307641320218 56.847677031130843 433.81621175732135
113.00914584637103 56.359404683067474 433.85894419866133
113.20240839213918 55.791426682174084 433.86605608338698
113.54232692335145 55.297217613832842 433.88064336921332
113.88224545456372 54.803008545491608 433.89523065503971
114.22216398577598 54.308799477150366 433.90981794086628
114.52384627849123 53.791276023381251 433.94383659840815
114.82552857120649 53.273752569612135 433.97785525594998
115.21752121043259 52.824307933357872 434.04374372030327
115.6095138496587 52.37486329710363 434.10963218465656
115.35803654863 51.832341779384002 434.06034151740084
115.88026985551051 51.543946120547432 434.12437523624402
116.23217249901151 51.057981650020452 434.1226251269818
116.62366860220331 50.603636735015499 434.10526138905504
116.76771542459024 50.021324357318782 434.0925017753687
117.08449521480534 49.512347219041487 434.0681535265129
117.40127500502042 49.003370080764192 434.04380527765727
117.81446340408613 48.572159645438155 433.98607394003682
118.22765180315189 48.14094921011214 433.92834260241642
118.23396492655267 47.541151884835692 433.94260139143046
118.61431895331168 47.080154779505349 433.88956854118408
118.89967045243982 46.552810979646893 433.8675903998577
119.18502195156798 46.025467179788436 433.8456122585315
119.55193769267638 45.554190811346366 433.78841589960075
119.88275060822275 45.055516423158565 433.74498009094913
120.15459989917728 44.521750360705461 433.71045830680015
120.42644919013181 43.98798429825235 433.67593652265123
120.72506444601518 43.468753174250907 433.64089413657518
121.02866460689532 42.951983152810186 433.61304297405513
121.33226476777543 42.435213131369458 433.58519181153514
121.75533491522131 42.009765228870485 433.58758609626028
121.98640665400089 41.45604889765788 433.58556716440773
122.21747839278048 40.902332566445267 433.58354823255513
122.42880975272101 40.340783762859125 433.58496156077797
122.76926654116137 39.846730247465182 433.58550849017399
123.10972332960171 39.352676732071231 433.58605541956996
123.43593115039982 38.849110095844004 433.58907212786528
123.76213897119794 38.345543459616771 433.59208883616054
123.80089951781277 37.746824453445903 433.58632935042925
124.16792337384427 37.27231504818441 433.59791871719983
124.3649430436321 36.706825330325486 433.63539709379938
124.64071753171977 36.17526604903923 433.67272218185582
124.91649201980745 35.643706767752967 433.71004726991225
125.33609918142795 35.226232903155108 433.80825827894125
125.5357750950855 34.66113253320291 433.83638480352056
125.72129504363613 34.091058329369488 433.86083374651315
125.74127071457217 33.491412573363583 433.86592686684997
126.01072746688767 32.955490197195914 433.87935316024686
126.18823179033043 32.382393079937444 433.88655797455112
126.21154364491352 31.7832394268207 433.90827104418122
126.41775641765169 31.221608173889564 433.95351071803771
126.46141898467434 30.623285441907818 433.96368365443249
126.56233635136921 30.032153248306447 433.98313654078385
126.66325371806406 29.441021054705072 434.00258942713538
127.119969899948 29.069966347796999 434.11975910617701
127.20445723070308 28.476322374811382 434.14094221925654
127.28894456145815 27.882678401825768 434.16212533233602
127.45174126680767 27.305186357492783 434.1625394089595
127.51090827489941 26.708325509666103 434.17855170064729
127.73562370044299 26.152037783383673 434.1854032048829
127.88486025699108 25.570923905170687 434.19132863633848
128.12612370922426 25.02157621954985 434.18831750373539
128.29436887850022 24.445647820047618 434.18852161669673
128.46261404777619 23.869719420545387 434.18872572965813
128.69691659708519 23.317358821625923 434.18901581349263
128.85993591062967 22.739932279444755 434.18720148270995
128.91358000498889 22.142335226321887 434.18693085520943
128.96722409934813 21.544738173199022 434.18666022770896
129.18733544103287 20.986830506919379 434.16962986752088
129.40744678271764 20.428922840639736 434.15259950733287
129.62755812440241 19.871015174360096 434.13556914714479
129.95677059670166 19.385020343250808 434.01135895345016
130.28598306900091 18.899025512141524 433.88714875975546
130.38535076927548 18.309163221312421 433.8403669470502
130.75308822611936 17.880107843471652 433.63867251088521
130.91793876464206 17.373888121007194 433.36196708532077
131.08278930316473 16.867668398542712 433.08526165975644
131.39694504578219 16.483113877398907 432.74847687736809
131.71110078839965 16.098559356255077 432.41169209497986
131.72163125014993 15.502141906503947 432.34707526274798
131.98505464951512 15.10230533917613 431.98549701105912
132.24847804888034 14.702468771848325 431.62391875937021
132.51190144824551 14.302632204520412 431.26234050768142
132.24500640259657 14.112922074277432 431.76510993902275
132.48189066098843 13.701424219569493 431.39829205001388
132.57784336504616 13.111465470196666 431.34593030231133
132.67379606910384 12.521506720823833 431.29356855460884
132.69201049716571 12.306381403225998 430.73375668233496
132.71022492522758 12.091256085628165 430.17394481006102
132.76350545014543 11.54932858320457 429.92200083259502
132.85382710042762 11.255424172320673 429.40677059594998
132.94414875070984 10.961519761436771 428.89154035930494
132.81056543368081 10.404515725299735 428.71292904628535
132.92879443764699 9.8386819135613734 428.5521372550931
133.0474416636942 9.3588495339655946 428.4647712570104
133.16608888974147 8.8790171543698175 428.37740525892769
133.28473611578869 8.3991847747740387 428.29003926084499
