138.09952417351136 -77.850895917144172 319.57752376088877
138.09952417351136 -77.850895917144172 319.57752376088877
138.09952417351136 -77.850895917144172 319.57752376088877
138.0125212352099 -77.793045156876119 318.98669063871012
137.92551829690845 -77.73519439660808 318.39585751653146
137.80982983421868 -77.361005694212452 317.94132589540931
137.83721455746056 -77.446663600658425 317.34810350878161
137.86459928070246 -77.532321507104399 316.7548811221539
137.79135272892535 -77.6002032655812 316.16325031707453
137.75925137058508 -77.354333405510459 315.61688275333972
137.72715001224478 -77.108463545439733 315.07051518960492
137.70779131713101 -77.308490528680181 314.50517065138138
137.68843262201727 -77.508517511920616 313.93982611315784
137.64566499976326 -77.550527795433965 313.34282856997538
137.60289737750924 -77.592538078947285 312.74583102679293
137.6096781224372 -77.433065760393703 312.16745173851115
137.52096448923464 -77.653602978116538 311.61654954493855
137.43225085603208 -77.874140195839402 311.06564735136601
137.35890535074071 -77.779950990470482 310.47764324385861
137.1943387894591 -77.892146315776259 309.91166616315002
137.03235163707683 -78.255124159142326 309.46221399918988
137.12205309200641 -78.179731741396765 308.87376720267383
137.04888630747439 -77.960826176783613 308.31993782874844
136.97571952294237 -77.741920612170446 307.76610845482298
136.89293020262443 -77.830214292139928 307.17844345287142
136.81014088230648 -77.918507972109396 306.59077845091986
136.72682093954865 -77.936770900934931 305.99687252186243
136.645983925302 -77.961592563090917 305.40286135848629
136.50355552699466 -77.915207925746742 304.82185996711615
136.39959014198251 -77.802737470099345 304.24173791502216
136.35442295463042 -77.902278763470306 303.65177905535421
136.26013497939638 -77.805906825132737 303.06712340693599
136.16584700416234 -77.709534886795169 302.48246775851777
136.07142851621921 -77.850338136055001 301.90691620206741
135.95503252937917 -77.708923034067567 301.33555489503181
135.83863654253912 -77.567507932080133 300.76419358799626
135.76041674930249 -77.478481710857452 300.17601334701493
135.68219695606589 -77.389455489634784 299.5878331060336
135.54601425381685 -77.399168900581344 299.0035729574218
135.40983155156778 -77.40888231152789 298.41931280880993
135.39975873556423 -77.454695082225271 297.82114917867284
135.38968591956066 -77.500507852922652 297.22298554853575
135.32438505836123 -77.133657594982509 296.75271255784219
135.24017908798368 -77.049485476221577 296.16464418683756
135.1821578387607 -77.033959185828252 295.5676580321026
135.12413658953773 -77.018432895434913 294.97067187736764
135.10751244454673 -76.993342782483168 294.37142724949405
134.99814425912251 -76.86134865771983 293.79643494428899
134.88877607369824 -76.729354532956478 293.22144263908399
134.87893991930275 -76.475100158625793 292.67806619204157
134.86910376490724 -76.220845784295108 292.13468974499915
134.84119994182848 -76.392073725781231 291.56031846376027
134.81329611874975 -76.563301667267339 290.98594718252139
134.74749326340932 -76.103834969008801 290.60573627076258
134.68169040806896 -75.644368270750263 290.22552535900383
134.81880113641031 -75.911153273202956 289.70588470370438
134.71392883867605 -75.870666485801024 289.11650993226112
134.70649398310587 -75.821582961512803 288.51856718369226
134.69905912753569 -75.772499437224582 287.92062443512339
134.69162427196551 -75.723415912936346 287.32268168655457
134.6761833740068 -75.63155037835125 286.72995721243052
134.66074247604809 -75.539684843766167 286.13723273830647
134.60001616752413 -75.598472416224894 285.54321562005356
134.53928985900021 -75.65725998868362 284.94919850180065
134.52141252693633 -75.408782795187747 284.40336016922345
134.50353519487248 -75.16030560169186 283.85752183664624
134.51467308401888 -75.177946939964556 283.25788467084567
134.52581097316525 -75.195588278237238 282.6582475050451
134.50216240802371 -75.165949079669886 282.05944681760809
134.4284864429217 -74.933830765337262 281.5110920598849
134.39513474013336 -74.843952124182323 280.91880032958198
134.36178303734502 -74.754073483027383 280.32650859927901
134.31840019122905 -74.74902951189658 279.72810030470242
134.27501734511304 -74.743985540765763 279.12969201012578
134.2222817149509 -74.486642876099779 278.59025368533418
134.19035359234618 -74.76483500935997 278.05960339373047
134.14855131618654 -74.793817862440363 277.46176347875723
134.10674904002684 -74.822800715520756 276.86392356378406
134.02826365848273 -74.85678531588627 276.27005060445532
134.20335224437335 -74.593570667766954 275.76008782531721
134.06558266009412 -74.89895491997747 275.26233286537274
134.19766887468961 -75.081742299443178 274.70632746447995
133.89860455515134 -75.111930679163521 274.1870498946688
133.8432322615798 -75.459594410150459 273.70118588153258
133.75586228621938 -75.456922803948459 273.10758723772869
133.68468823279673 -75.426837731038248 272.51258375664025
133.61351417937408 -75.396752658128051 271.91758027555181
133.58777793189327 -75.499324793016143 271.32697329734202
133.56204168441246 -75.601896927904249 270.73636631913223
133.58097928962505 -75.494871317482051 270.14629269167324
133.59991689483766 -75.387845707059853 269.5562190642143
133.43932821108427 -75.418249014416546 268.97890899713411
133.53423017154137 -75.686911469462217 268.45088049113258
133.60799805414314 -75.828586165836768 267.87253234347094
133.53896009617046 -75.834329039513307 267.27654511226467
133.58099550875474 -75.537029387087998 266.75707813472263
133.59826266080753 -75.540463884575644 266.15733648226967
133.61716778184044 -75.445002915078121 265.56528091080588
133.65494146942976 -75.579412677365866 264.98175099355433
133.65450436061644 -75.796505481671758 264.4224026912824
133.66806180112303 -75.847236052644362 263.82470493741704
133.69563190154949 -75.848721889046416 263.22534053919787
133.68650998479495 -75.705041752840302 262.64286924454507
133.67738806804039 -75.561361616634187 262.06039794989226
133.65186425386489 -75.478161543256562 261.46674292995232
133.62634043968939 -75.394961469878936 260.87308791001237
133.66442658111447 -75.242717074699129 260.29397558069479
133.70251272253961 -75.090472679519337 259.71486325137715
133.71702734236413 -75.136114317031215 259.11677783378485
133.50015905953327 -75.514014107198108 258.704273413816
133.57969963846816 -75.264893586649521 258.16426205972766
133.64065596438485 -75.238262475736008 257.56796086883315
133.56067311108418 -75.230340433569808 256.97336858463683
133.54997626017195 -75.001864936985683 256.41867540382316
133.53927940925973 -74.77338944040153 255.86398222300946
133.56010503656182 -75.173148627781032 255.41703828317677
133.51591937687186 -75.250574795105663 254.82369789512691
133.47173371718191 -75.328000962430281 254.23035750707703
133.36463005304364 -75.527098894241675 253.67457983689172
133.34605754508283 -75.369255592518257 253.09601216232886
133.32748503712205 -75.211412290794811 252.517444487766
133.29187040897892 -75.388819453765961 251.94537954670704
133.22800262537845 -75.429750714332755 251.35019424940347
133.02909484867934 -75.702696737221927 250.85427473480701
132.97621050401852 -75.651929609501309 250.25876995327053
132.92332615935774 -75.60116248178069 249.66326517173405
132.93338998552366 -75.592949659290184 249.06340579742238
132.94345381168961 -75.584736836799678 248.46354642311067
132.94748824485836 -75.95414026766079 247.99076229835913
132.90443161932217 -75.387503437559474 247.79822962640401
132.82996016258045 -75.328221615169269 247.20582801629067
132.75548870583867 -75.268939792779079 246.61342640617735
132.68101724909698 -75.209657970388889 246.02102479606401
132.66560100988832 -74.932878271810452 245.48890137238914
132.62161024018883 -74.798930143675904 244.90570096845369
132.52748264512471 -74.739005735471878 244.31616805067142
132.44550332041405 -74.729314969149399 243.72187394892711
132.36352399570345 -74.719624202826921 243.12757984718283
132.30906712258954 -74.742527236227232 242.5304953472737
132.26413031442215 -74.531680337144721 241.97056296883949
132.21261987022768 -74.367858872133809 241.39566367179646
132.16110942603322 -74.204037407122911 240.82076437475342
132.06458319821701 -74.04923657198259 240.24917064772049
132.01277664956604 -74.04043993840493 239.65147615991373
131.96097010091506 -74.03164330482727 239.05378167210696
131.76846642715105 -73.911683669893179 238.49830708081245
131.74607383121173 -73.707946464142083 237.93440130620129
131.71246387893967 -73.732330026307011 237.33583985321221
131.60860866166018 -73.588154765617588 236.76275383170324
131.5047534443807 -73.443979504928151 236.18966781019427
131.40118900399079 -73.567710521616846 235.61177072403106
131.35448949978269 -73.43635644215486 235.0281910275753
131.27787761748252 -73.217618333104937 234.47476148450801
131.19081338041136 -73.175553215867993 233.8826041198362
131.10078952579329 -73.181000784124549 233.28942115514505
131.0444359379199 -73.020760387336253 232.71396717056336
130.86855500667605 -73.009018540353722 232.14044469754748
130.81253402238829 -72.984521920374831 231.54356819027899
130.75660511308695 -72.870254225244963 230.9572109178298
130.66787431170755 -72.793804332563752 230.3687533927733
130.57914351032818 -72.717354439882541 229.7802958677168
130.52170997642583 -72.4744860240517 229.23466199617354
130.41645236072151 -72.35952584307897 228.65526145153544
130.31119474501719 -72.24456566210624 228.07586090689733
130.20997192664001 -72.16941875772801 227.48925466434434
130.10874910826286 -72.094271853349781 226.90264842179135
130.10637868420429 -71.804273815172436 226.37739084788777
129.93743494390932 -71.896925348276909 225.80917107875922
129.76849120361439 -71.989576881381367 225.24095130963059
129.76891444421071 -71.731432575041666 224.69932289644331
129.66571288494765 -71.763302492229101 224.10912483939455
129.55489160812104 -71.861088726665997 223.52761258934544
129.44407033129443 -71.958874961102893 222.94610033929629
129.39265318970428 -71.688284886946803 222.41305504167244
129.34123604811413 -71.417694812790714 221.88000974404858
129.277315726072 -71.067228205697276 221.397218536856
129.21339540402988 -70.716761598603824 220.91442732966348
129.1689130031925 -71.12116629853125 220.47343055564767
128.95532181528512 -71.312840699136601 219.94651526017705
128.97812932486096 -71.74176393374475 219.52758247759704
128.89734858963723 -71.661870471177082 218.93843775220634
128.8510964868745 -71.380395244808071 218.41058129451113
128.82464633658304 -71.205390695491218 217.83728050324362
128.71858067493343 -70.94221119994674 217.30861555401415
128.6125150132838 -70.679031704402234 216.77995060478469
128.54787470960846 -70.442972904773185 216.23213870800038
128.48980455231975 -70.491125685235218 215.63689996046605
128.4551909418912 -70.373308929668724 215.04960011364088
128.42057733146262 -70.25549217410223 214.4623002668157
128.35274007481647 -70.439164457089547 213.89514720187381
128.29700279461051 -70.180667956423946 213.35656302577976
128.25781198074614 -70.11187663763296 212.76180943430876
128.18666487573074 -70.13367222973578 212.16644144590765
128.10177161576797 -70.108884056058287 211.57299500278185
128.01687835580523 -70.08409588238078 210.97954855965608
127.9513919085028 -70.111832857475477 210.38377831414837
127.91163794979309 -70.000748374192739 209.79549278794471
127.87188399108338 -69.889663890909986 209.20720726174105
127.7108445357065 -69.320965488566486 209.10401607518003
127.7163743019685 -69.166156359351959 208.52435793869185
127.72190406823049 -69.011347230137432 207.9446998022037
127.68142478046782 -68.889155320610683 207.35867031104439
127.64094549270519 -68.766963411083935 206.77264081988511
127.57246084230965 -68.649759731717182 206.18819822201675
127.48290634805078 -68.696950263217062 205.59679899451066
127.39335185379188 -68.744140794716955 205.00539976700458
127.36164194993918 -68.776944682446342 204.40713695941287
127.3299320460865 -68.809748570175742 203.80887415182119
127.25672297816951 -68.585227136330445 203.2573031608157
127.18445990898802 -68.491158025255373 202.66914582542489
127.14329410352499 -68.210090151151263 202.14065152402969
127.09685413662399 -67.866900501042494 201.65068806260379
127.03861033299484 -68.067452471748283 201.08820555942273
127.00100153037208 -68.0000266550216 200.49319351147409
126.92668869269069 -68.058432064123778 199.90068493740674
126.86184873257844 -68.005574253967694 199.30654536501811
126.79700877246621 -67.95271644381161 198.71240579262948
126.74214714136042 -67.973036597017824 198.1152648605154
126.70077854479568 -67.760030240693183 197.55587507567517
126.65940994823097 -67.547023884368556 196.99648529083498
126.58671556702582 -67.914579444902486 196.52785063904128
126.5376800556583 -67.854244984720722 195.93290923727176
126.48864454429081 -67.793910524538973 195.33796783550218
126.46184474985341 -67.606036420017759 194.76877095228122
126.43504495541599 -67.418162315496545 194.19957406906025
126.39723198925688 -67.077699978395771 193.70697324018747
126.34475724835542 -67.227960605203421 193.12846814461898
126.29758533298907 -67.478234676083233 192.58520237186505
126.2460365512314 -67.166735383521228 192.07499563549962
126.19448776947372 -66.855236090959238 191.56478889913416
126.13503711597855 -66.79518874861499 190.97076875092674
126.10086776957056 -66.957622431074327 190.3941859255072
126.08422129012797 -66.900761694663444 189.79711829836856
126.06757481068541 -66.84390095825259 189.20005067122992
126.03883273539138 -66.605858688069461 188.65004178883447
126.01081610006915 -66.628986092209715 188.05114263929178
125.98279946474695 -66.652113496349955 187.45224348974909
125.9201854626244 -66.483328933768888 186.87988760555419
125.85757146050189 -66.314544371187807 186.30753172135931
125.81206969745492 -66.103561778301426 185.74769608917916
125.76168667705852 -66.136382598109662 185.15071673857909
125.72366448192308 -66.053913819699858 184.55762887555653
125.68145163011089 -65.814487012401315 184.00909184026293
125.59304114433451 -65.822815305333322 183.41569970554792
125.52792890456931 -65.781704572390211 182.8206616362871
125.46281666480408 -65.740593839447087 182.22562356702628
125.43640729118981 -65.65194136287721 181.63279704654721
125.4178319442713 -65.5271031955197 181.04622191200971
125.39925659735279 -65.402265028162191 180.45964677747222
125.30482412930492 -65.34708930153046 179.86969919660675
125.30335836165634 -65.25490272091676 179.27682527587825
125.24988885258327 -65.02623601050297 178.72469073869732
125.19641934351016 -64.797569300089179 178.17255620151636
125.15000961963874 -65.003071035690823 177.61075982008009
125.1217162870031 -65.045346926791936 177.01292017907261
125.08981788770613 -64.720251735120073 176.50963536063065
124.8938573734353 -64.642993578984019 175.94782520216327
124.83320998027909 -64.633560581512739 175.3509726975509
124.78544219171033 -64.537304031007665 174.76067369292687
124.74552116910806 -64.542807709462835 174.16202853803304
124.53533340010991 -64.463074038643029 173.60573397262621
124.53380051758033 -64.310479900211178 173.02546448420952
124.53226763505074 -64.157885761779355 172.4451949957928
124.36961806579404 -64.233857720885041 171.87268003611902
124.28003391977877 -64.084806152434837 171.29843417350855
124.22898423653876 -64.153989724964177 170.70462649156667
124.17793455329873 -64.223173297493503 170.11081880962482
124.13604433702399 -64.178049879721925 169.51398626447579
123.99953186774935 -64.063180420534366 168.94112558937363
123.86301939847473 -63.94831096134682 168.36826491427146
123.90080593631815 -63.471193246125303 168.00642121406429
123.79453000688525 -63.456097063191137 167.41610135832167
123.68825407745234 -63.441000880256965 166.82578150257902
123.58197814801945 -63.4259046973228 166.2354616468364
123.53239911677572 -63.482804749440206 165.64022698409408
123.48282008553197 -63.539704801557619 165.04499232135177
123.40531392482694 -63.325803955034871 164.36967286663304
123.3278077641219 -63.111903108512138 163.69435341191434
134.35539440975703 -73.034330908639049 324.31850142160874
134.67965011300413 -73.448996319769691 324.03055900423402
135.0039058162512 -73.863661730900333 323.7426165868593
135.37203960680517 -74.184820779337642 323.39428574145626
135.77716721268104 -74.402485009976232 323.00893667157573
136.02881072474923 -74.840754469079627 322.68552451340719
136.28045423681741 -75.279023928183022 322.36211235523871
136.6556693156738 -75.69548456046013 322.14816332775291
137.0308843945302 -76.111945192737238 321.93421430026706
137.24743620245084 -76.387326439475572 321.44711011897613
137.38126418569726 -76.760182619446894 320.99647907260066
137.7639587006924 -76.626920835166231 320.55400172284936
137.80662721500119 -77.163149693010865 320.2882236012868
137.95307569425626 -77.507022805077511 319.93287368108776
138.09952417351136 -77.850895917144172 319.57752376088877
