-149.00608616477635 -29.404006615672102 262.00502624010073
-187.966559864294 -89.853888209088112 131.47740059797778
-149.00608616477635 -29.404006615672102 262.00502624010073
-149.09330365079694 -29.612370274300552 261.44916861813692
-149.16874977051359 -29.653962271019232 260.85538583897551
-149.24232049369567 -29.961813747900106 260.34566550695729
-149.37980403412286 -29.678240634187052 259.83509272537697
-149.51728757455004 -29.394667520473956 259.32451994379664
-149.49194144497429 -29.764822112449433 258.8529871753118
-149.46659531539859 -30.134976704424883 258.38145440682689
-149.55971950723773 -29.842908314186992 257.86567931987702
-149.6618094595363 -29.821594715511459 257.27481269182027
-149.76389941183484 -29.800281116835926 256.68394606376353
-150.1102286347658 -30.05038209336983 256.26263196373736
-149.83377467138013 -29.632627551668502 255.93239818439878
-149.73820337248921 -29.297375828207539 255.44406181595508
-149.92154109860999 -29.250842799694901 254.87465690252503
-150.10487882473078 -29.204309771182274 254.30525198909496
-150.06822024466027 -29.313011892810902 253.71632075604595
-150.11630425883777 -29.317843378899106 253.11827010240299
-150.25864677438406 -29.733857006029087 252.71001617368933
-150.24637439776794 -29.778102554166566 252.11177565329459
-150.23410202115178 -29.822348102304041 251.51353513289982
-150.23629156970634 -30.161739369714361 251.01875359172965
-150.23628678255008 -30.461651409696412 250.49908757566655
-150.33158156134434 -30.646353193048718 249.93623399225339
-150.42687634013856 -30.831054976401028 249.37338040884023
-150.29733825264466 -31.409182103929275 249.2785705554264
-150.38359195246443 -31.387732911286452 248.68519021247394
-150.46984565228425 -31.366283718643622 248.09180986952146
-150.431011207827 -31.718584684779024 247.60768600604874
-150.48591971180525 -31.998043976293303 247.0795879464261
-150.54082821578351 -32.277503267807589 246.55148988680344
-150.5957367197619 -32.556962559321882 246.02339182718083
-150.57748316869669 -32.879659625962006 245.51788870052843
-150.71259667549575 -33.04465502183929 244.95706710713193
-150.76241431266658 -33.170999668897792 244.37263983775929
-150.79365946764563 -33.524507340885826 243.88884642509646
-150.82490462262467 -33.87801501287386 243.40505301243365
-150.8451066784134 -33.962437595578095 242.81136563302303
-150.82988771573804 -34.07411646811142 242.22204720245705
-150.97801133829665 -34.442216533103164 241.77197861369172
-151.0329744019501 -34.558142907249149 241.18585564245512
-151.0330547316905 -34.852426241537295 240.6629815536848
-151.07093536846557 -35.00393184079865 240.08366202980361
-151.10881600524064 -35.155437440059998 239.50434250592238
-151.11461420182502 -35.430154720000225 238.97096009430894
-151.12041239840943 -35.704871999940437 238.43757768269543
-151.2007225966513 -35.952519198940287 237.89700286189273
-151.28103279489321 -36.20016639794013 237.35642804109003
-151.32213049800896 -36.531038913279843 236.85759504559815
-151.35974763606978 -36.845538658174689 236.34801201861904
-151.40508706160966 -36.87298372423772 235.75035734839511
-151.4504264871496 -36.900428790300751 235.15270267817118
-151.45954301913366 -37.380651323545536 234.79311512637256
-151.41736230897035 -37.626283233442891 234.24732601643146
-151.59881937962635 -37.700777773917707 233.68029524570699
-151.59093543022044 -37.926311664953687 233.12435252623317
-151.54856053075895 -38.096065561888089 232.55042920176274
-151.67493061918881 -37.842857189665928 232.02135820370404
-151.68664727491824 -38.311028898018535 231.64628758171835
-151.70373936280652 -38.683963226903664 231.17657719555405
-151.7291272750054 -38.857161989138241 230.60268030353024
-151.7545151872043 -39.030360751372811 230.0287834115064
-151.78505889827497 -39.404557332758372 229.56076204426617
-151.80132095815188 -39.551908830829746 228.97936451982642
-151.80841428979195 -39.910441735440919 228.49831998866813
-151.8581839312703 -40.073806899169071 227.92313757754346
-151.85290248678092 -40.294924740948233 227.36539300662321
-151.88362418845551 -40.473154622735294 226.79330010657605
-151.96709576095401 -40.760081832212002 226.2730066576008
-152.05056733345251 -41.04700904168871 225.75271320862558
-151.99718282920367 -41.235922453114235 225.1857371794236
-151.9437983249548 -41.424835864539737 224.61876115022156
-152.00124516031485 -41.774505134956833 224.13458012784139
-152.05869199567491 -42.124174405373921 223.65039910546125
-152.06801765919292 -42.459950440485464 223.1532396881264
-152.10504805948068 -42.606440892670335 222.57257687988636
-152.11801342983875 -42.966780791983737 222.09300722265783
-152.11755482009616 -43.218532120340392 221.54837793741166
-152.16419613612112 -43.357500944670498 220.96655987864779
-152.19762872821548 -43.742635169757094 220.50769836309783
-152.17413063921563 -43.838979165313866 219.91595038098595
-152.28064673222693 -44.273391296681204 219.51602486035682
-152.32232176115718 -44.382876586502945 218.92757251455782
-152.25557974807356 -44.728896203598772 218.44196369227967
-152.34519771526058 -44.662742484641207 217.85239409891059
-152.31633011688876 -44.882894400746679 217.29498958188611
-152.28746251851695 -45.103046316852129 216.73758506486155
-152.35901126814218 -45.07256606483179 216.14264663891831
-152.41096089719699 -44.935172776451182 215.56090415263333
-152.46291052625182 -44.797779488070582 214.97916166634838
-152.44828515268858 -45.378286330671415 214.82817191788263
-152.43365977912529 -45.958793173272241 214.67718216941688
-152.43586460969181 -46.153587976029407 214.10968756720382
-152.62177788596148 -46.612651472016253 213.77101817035933
-152.45878864703917 -47.015955425131921 213.35776228183892
-152.51509870213548 -47.402590902455273 212.90241385989148
-152.57140875723178 -47.78922637977864 212.4470654379441
-152.4653036612365 -47.991914147349334 211.8923949254044
-152.3591985652412 -48.194601914920028 211.33772441286473
-152.3839769898677 -48.175549379258094 210.73853910717216
-152.40875541449424 -48.156496843596166 210.13935380147959
-152.35548626537235 -48.487486811959371 209.64175151190011
-152.33345605307119 -48.465768860694418 209.04254954232823
-152.31151493246824 -48.551898681203916 208.4491691910815
-152.2833005041999 -48.733145678222471 207.87789563829855
-152.25859696303655 -49.127254023337251 207.42615639120476
-152.23334961849963 -49.234651756401213 206.83638669163844
-152.22798309107037 -49.365171753435007 206.25077954451876
-152.1322622051193 -49.433688859736876 205.66244042620625
-152.11457627542501 -49.681687906845625 205.11637845122172
-152.09689034573074 -49.929686953954359 204.5703164762372
-152.07197455665153 -50.165677684877743 204.01923791707088
-152.04705876757237 -50.401668415801147 203.4681593579046
-152.00899821574455 -50.775934873272732 203.00074518053486
-151.97950505021015 -51.059391480773584 202.47274659639768
-151.95001188467572 -51.342848088274444 201.9447480122605
-151.92732839495994 -51.519078405656444 201.37166133947028
-151.84160461719111 -51.563223439184 200.77945981132308
-151.75588083942228 -51.607368472711549 200.18725828317585
-151.77162675839264 -51.398342429604511 199.62506598570212
-151.78371543991176 -51.456177074776079 199.02798222474641
-151.74093928688947 -51.588072128032138 198.44422380240101
-151.71141633941798 -51.884317656121198 197.92329484115982
-151.68848489506971 -51.805732855858956 197.32890559325247
-151.66205602659699 -51.870259542372743 196.73297118273499
-151.62576475938263 -52.138937961875136 196.19771904512351
-151.55780052242528 -52.129991882628204 195.60164788312946
-151.57702362486631 -52.313507222748306 195.03072530320014
-151.59624672730735 -52.497022562868402 194.45980272327083
-151.42792454313835 -52.639544390833599 193.90181063473369
-151.40198457113735 -52.710267096940015 193.30655823726386
-151.37604459913635 -52.780989803046431 192.71130583979405
-151.35010462713535 -52.851712509152847 192.11605344232422
-151.32416465513433 -52.922435215259256 191.52080104485438
-151.25825277114649 -53.369531752380439 191.12613623765284
-151.2758337893379 -53.790748464218339 190.69920838722865
-151.28148028763553 -54.115253162822434 190.1945651294308
-151.1536423610907 -54.359583431869623 189.66168598350365
-151.02580443454582 -54.603913700916827 189.12880683757652
-151.08282574778269 -54.444016540784318 188.55332315577633
-151.13984706101957 -54.284119380651802 187.97783947397613
-151.03312986718873 -54.542733337850947 187.44705678616248
-150.92641267335793 -54.801347295050107 186.91627409834885
-150.87544767733851 -55.067041362710484 186.38072836585644
-150.83156595782549 -55.216885261763252 185.80140013366918
-150.78768423831247 -55.366729160816035 185.22207190148191
-150.68694378212609 -55.625368893550828 184.69013501693803
-150.58620332593972 -55.884008626285642 184.15819813239415
-150.69012000488271 -56.041126991282191 183.58853582609484
-150.81208179600273 -56.197621915987483 183.02228971348276
-150.93404358712274 -56.354116840692754 182.45604360087071
-151.04674462597058 -56.68113088435399 181.96577806966241
-151.24021650505404 -56.989517949961758 181.48884405979339
-151.4336883841375 -57.297905015569526 181.01191004992435
-151.68641846734985 -57.59006281062392 180.5528116641415
-151.93914855056246 -57.882220605678739 180.09371327835905
-152.0867856366512 -58.366282081941677 179.77139700819978
-152.32210055680463 -58.614792874831323 179.27857931962666
-152.55741547695808 -58.863303667720956 178.78576163105356
-152.76181420882199 -59.224988202280315 178.352858113081
-152.96621294068589 -59.586672736839674 177.91995459510844
-153.17089387899767 -59.94003084054232 177.48035959509198
-153.34342624561532 -60.460709899441461 177.23720141593031
-153.65034200263202 -60.728874311776543 176.43740883220937
-153.65034200263202 -60.728874311776543 176.43740883220937
-153.89967016978477 -61.075146801083562 176.01559035440954
-154.15499111212998 -61.36654336974614 175.55744271862864
-154.41158684485532 -61.593900418268753 175.06503292746459
-154.66818257758069 -61.82125746679138 174.57262313630056
-154.86279620531212 -62.224974680493631 174.17370215758208
-155.05740983304352 -62.628691894195889 173.77478117886361
-155.25120760807391 -62.779029727853391 173.22720382527376
-155.48444977370619 -63.218441500764087 172.89177069334036
-155.71125694983701 -63.351032460721967 172.35234679491447
-155.90556930333292 -63.755298998553315 171.95383547052239
-156.16146504472704 -63.881109045243065 171.42592524928369
-156.4155753405004 -64.12901735779468 170.94222138724641
-156.67489035057866 -64.486838661203464 170.53636471257545
-156.9342053606569 -64.844659964612248 170.13050803790452
-157.16594033655116 -65.084574427501963 169.63176967819712
-157.39767531244539 -65.324488890391677 169.13303131848971
-157.65802488032134 -65.468735635442783 168.61206013017986
-157.91837444819726 -65.612982380493875 168.09108894187
-158.08776625169824 -66.138426531132239 167.85611051420778
-158.36267001270193 -66.360275876619966 167.37112516381802
-158.59846350940816 -66.646079494184988 166.8991953818612
-158.88878874139363 -66.865622308213489 166.42221297916586
-159.17911397337909 -67.085165122241989 165.94523057647049
-159.4954785055597 -67.327844233053412 165.49687766641645
-159.76545847087837 -67.59832374709957 165.03432858706606
-160.03543843619701 -67.868803261145729 164.57177950771566
-160.29297716783776 -68.129500503372199 164.09668925355294
-160.55051589947851 -68.39019774559867 163.62159899939022
-160.80805463111921 -68.650894987825154 163.14650874522749
-161.18922257096614 -68.933921534991271 162.77962051261153
-161.5703905108131 -69.216948082157387 162.41273227999559
-161.80152684714719 -69.411086736714253 161.89418992219549
-162.05359433867935 -69.747192754355083 161.46582707994804
-162.33686446058579 -69.873570403856988 160.95222535901877
-162.59369508418092 -70.326952198675585 160.65476447266428
-162.8578443283325 -70.458800579817449 160.13242245711851
-163.18774287067819 -70.738159054740649 159.71633857825901
-163.47032700363374 -71.02637867841851 159.27240653804481
-163.71882458318368 -71.287096987578536 158.79253685133125
-164.04781527419814 -71.509646423062378 158.34282930859746
-164.32484827807838 -71.82768970817645 157.91609615596582
-164.60188128195858 -72.145732993290522 157.48936300333418
-164.87891428583882 -72.46377627840458 157.06262985070251
-165.23840561437035 -72.52767017618099 156.58651688665134
-165.60206794734091 -72.846245075042205 156.2311864187852
-165.90218170989544 -72.974585456087055 155.72773783539398
-166.17869174222909 -73.318026948368669 155.32081014722544
-166.48801523445056 -73.627185313021911 154.91003030019681
-166.79733872667202 -73.936343677675168 154.4992504531682
-167.12693267166338 -74.224217777723979 154.08876740364468
-167.43006994097661 -74.451032100389142 153.62329661080452
-167.7964428870398 -74.661470678642942 153.19728432321705
-168.162815833103 -74.871909256896757 152.77127203562961
-168.52918877916619 -75.082347835150557 152.34525974804214
-168.7033131861362 -75.583675477247553 152.06534675054687
-169.02008672318479 -75.770902598770419 151.59142636568038
-169.33686026023338 -75.9581297202933 151.11750598081392
-169.6321638602214 -76.24899208156026 150.68369165344296
-169.92746746020941 -76.539854442827249 150.24987732607198
-170.23443827594221 -76.87870267209 149.86135345831889
-170.55347257650152 -77.097302629487587 149.40262568099075
-170.87250687706086 -77.315902586885187 148.94389790366262
-171.15175340698065 -77.632547842437063 148.51756803411999
-171.42235115606621 -77.998591721559123 148.12668603562545
-171.7643169771581 -78.084869428538269 147.64128358972783
-172.10628279824999 -78.171147135517415 147.15588114383024
-172.39258870808618 -78.508759810513311 146.75085446856673
-172.67889461792231 -78.846372485509207 146.34582779330324
-173.02489303100529 -79.048782327818927 145.8993803116436
-173.37089144408824 -79.251192170128661 145.45293282998398
-173.75593621605395 -79.428765745062321 145.02842352611992
-174.10355450458104 -79.680637671408476 144.6092313766226
-174.48772807625414 -79.778443086141309 144.1588484643392
-174.85116595248894 -80.019562804316593 143.74681182564672
-175.19925757765188 -80.300479618883969 143.34691438406358
-175.57428303141734 -80.459644507619032 142.90643459199367
-175.94930848518283 -80.618809396354081 142.46595479992374
-176.32813086273023 -80.721978644854204 142.01224816295081
-176.70695324027761 -80.825147893354355 141.55854152597792
-177.10670858846345 -81.158895104507636 141.26053404176952
-177.51378140470865 -81.311645531197115 140.8470621208119
-177.92085422095383 -81.464395957886623 140.43359019985425
-178.22595924137966 -81.827925552908056 140.06649735048981
-178.69935405266642 -81.984970478596125 139.73297936902196
-179.17274886395319 -82.142015404284209 139.39946138755411
-179.53987999027203 -82.433376483695099 139.02486365999511
-179.95348325721312 -82.701138977546847 138.68246683690538
-180.36708652415425 -82.968901471398596 138.34007001381568
-180.83570354416869 -83.115478079176185 137.99523181029815
-181.22211608941245 -83.45630938912231 137.68779179494777
-181.62678141824969 -83.745380091322829 137.3521072692896
-182.02598750106074 -84.062431716782712 137.0357012481081
-182.44907150903518 -84.346862834971859 136.71931720742029
-182.87215551700962 -84.631293953160991 136.40293316673245
-183.27979024267546 -84.893552396144997 136.04930279541952
-183.6874249683413 -85.155810839129003 135.69567242410656
-184.10065446299086 -85.153017044547525 135.26066256276602
-184.45042390597703 -85.527655228151758 134.94872095262258
-184.8231796020529 -85.827484846631336 134.58656713043459
-185.19932256527071 -86.068093811872998 134.18578814262827
-185.57546552848851 -86.308702777114647 133.78500915482192
-185.9494825429469 -86.573417262997822 133.39766239304478
-186.32349955740526 -86.838131748880983 133.01031563126764
-186.50545924562698 -87.230861494266023 132.59479906246196
-186.76253790852087 -87.739344466270524 132.40676813876547
-187.11755775851958 -88.087811623932808 132.07131091923117
-187.32538791866642 -88.624715995559256 131.90237211296764
-187.53321807881332 -89.161620367185691 131.73343330670414
-187.68690242223997 -89.558645494712977 131.60850798546329
-187.966559864294 -89.853888209088112 131.47740059797778
