167.47916720670156 22.553843434295498 135.98415547196839
167.64390647487991 36.701926044576091 68.73383519693661
167.47916720670156 22.553843434295498 135.98415547196839
167.06877320307572 22.980511235264867 135.88652684192627
166.98222428610433 23.217362956196553 135.3420908518753
166.89567536913296 23.454214677128231 134.79765486182436
166.8595532815514 23.557406503995338 134.20770008249241
166.82343119396984 23.660598330862445 133.61774530316049
167.09291185935595 23.66641830120367 133.08169838457192
166.80292903597189 23.528849861094752 132.57476161688959
166.83679120751506 23.882476334080835 132.09123119288114
166.69683610323767 24.110233852883304 131.55407285364058
166.70508161370725 24.004203292557115 130.96357346174079
166.7133271241768 23.898172732230918 130.37307406984101
166.7663340217195 24.033637049807513 129.79097469045945
166.68193941065579 24.122598976316301 129.20363890468161
166.63990559600722 24.278464652856549 128.62576430816199
166.67729641644075 24.326843491790264 128.02888792691479
166.67357217247442 24.335224328752112 127.42895802136022
166.66984792850809 24.343605165713967 126.82902811580566
166.61663295721391 24.444446361743008 126.2399617188574
166.56341798591978 24.545287557772049 125.65089532190913
166.60124572891982 24.531431206815594 125.05224929678437
166.57855039070992 24.879906019352962 124.5643453854959
166.55874288838712 25.156401951590084 124.03221977785419
166.54641453363519 25.100525970809407 123.43495443779091
166.55249403700986 25.221181266732788 122.84724248521179
166.4507573926806 25.459643646485329 122.30614605328549
166.5575525512416 25.306020629732476 121.7360629340549
166.532406661566 25.350496592765637 121.13824224777457
166.52908487830769 25.512377213731302 120.56050214157476
166.42478408658639 25.835202686136263 120.06562330871482
166.32048329486514 26.158028158541224 119.57074447585485
166.57023631567148 25.620738412113617 119.47617620960311
166.506169838202 26.063225948054942 119.07605089548113
166.50914662881092 26.039895498727372 118.47651204865647
166.49990865773913 26.343803280294605 117.95925512971448
166.49067068666733 26.647711061861827 117.44199821077248
166.46458147606205 26.583431442301656 116.84602213440766
166.47061883369594 26.645482303422718 116.24926989021671
166.47444182365376 26.710984589431234 115.65286831805629
166.47094275322542 26.838148010894439 115.0665090248342
166.47809362810872 26.889741524584547 114.46877415523606
166.46643260567166 27.089258447481722 113.90303833523403
166.45477158323462 27.288775370378893 113.337302515232
166.48426703899253 27.592265928185419 112.82055934942146
166.45869209190406 27.375470029201171 112.26168059668073
166.47873839935235 27.660903569250348 111.73430422275723
166.47447273754071 27.566052797796949 111.14186423821533
166.47678994886306 27.636606924115561 110.54603142123469
166.47961917145346 27.703024449727074 109.94972553681698
166.48113457855251 27.870309720915106 109.37351954796847
166.47404155073215 28.186871105721963 108.86387400584582
166.46694852291182 28.503432490528844 108.35422846372316
166.46986230121755 28.663852868245868 107.77607899143325
166.47961209163225 28.597645024245328 107.17982278561257
166.48936188204698 28.531437180244787 106.58356657979191
166.54300819126476 28.709609453610664 106.01314856244767
166.59665450048257 28.887781726976538 105.44273054510343
166.53151678184832 29.085818941278937 104.88011314458825
166.46637906321408 29.28385615558134 104.31749574407306
166.45250481374336 29.177301368589536 103.72719617387945
166.4386305642727 29.070746581597739 103.13689660368584
166.48412255368657 29.401845905991241 102.63859577458224
166.53419872624903 29.597507180215409 102.07360989625388
166.58427489881146 29.793168454439588 101.50862401792553
166.41103897555772 30.002788499979751 100.97378876160619
166.52207918493653 30.031898651704687 100.38487223868664
166.63311939431529 30.061008803429623 99.795955715767064
166.61200026855101 30.165884787816161 99.205570239636501
166.59088114278677 30.270760772202703 98.615184763505937
166.5879096714182 30.745794822639965 98.248668977647995
166.63764138463236 30.673206375508947 97.655155983650474
166.61172219068828 30.810953296676594 97.071757336845295
166.58580299674421 30.948700217844241 96.488358690040101
166.64960987548096 31.09986835481979 95.911230561641204
166.66264808156888 31.180227155088033 95.316779160430428
166.67568628765679 31.260585955356269 94.722327759219652
166.6955269936191 31.342517343247692 94.128279281345073
166.71034017362788 31.554706473562874 93.567247782519814
166.72723846811328 31.668276246837756 92.978336622630849
166.74457995368618 31.706402368321069 92.379800348259124
166.76192143925908 31.744528489804384 91.781264073887414
166.7784081295089 31.632865937520602 91.191976653809519
166.8057821891905 31.903398906857269 90.657128475951126
166.81933359390646 31.989463332474429 90.063487781529489
166.86540573012172 32.155181169294337 89.488670456786835
166.86433528843574 32.329778460695977 88.914636799245926
166.90487116359304 32.500854143564339 88.340973175197504
166.92952694993491 32.68982564700736 87.772042719793376
166.95418273627678 32.878797150450382 87.203112264389247
166.94761148238442 32.865350833063061 86.603298947455556
166.99990057080873 33.007072788576743 86.022626287037355
167.05218965923297 33.148794744090438 85.441953626619167
167.05573299756185 33.479632968611249 84.941420397003583
167.06116526009916 33.459477116554197 84.341783646835978
167.06659752263653 33.439321264497146 83.742146896668359
167.07775429963172 33.654943358362594 83.182341002662085
167.15663701072464 33.843348299734309 82.618176934365152
167.16772767118729 34.198472310820947 82.134685534234549
167.18905765306775 34.253030483962462 81.537552016822872
167.21038763494821 34.307588657103992 80.940418499411209
167.1765550265257 34.389689999662934 80.347025944556194
167.23301203444399 34.390364631420304 79.749688392472862
167.2250864451035 34.201811696158309 79.180140347407573
167.28235916409176 34.229635147424524 78.583528504397961
167.27367528556252 34.198738160512121 77.984387480553465
167.26499140703331 34.16784117359974 77.385246456708984
167.29567823971155 34.51587373260061 76.897464070623258
167.32636507238973 34.863906291601481 76.409681684537532
167.35177576081188 35.110104293063991 75.863109785342402
167.3680986780289 35.308013101630564 75.296924598442132
167.38442159524593 35.505921910197131 74.730739411541876
167.36642155263729 35.820469582582525 74.220116497579895
167.34842151002869 36.13501725496792 73.709493583617927
167.46405187875843 36.138164541214394 73.120749401127185
167.44059541396535 36.109523399563152 72.521892590809117
167.41713894917231 36.08088225791191 71.923035780491048
167.52752191662756 35.954521089902883 71.346972888338485
167.54384764281636 36.221834170868931 70.810058381727941
167.56017336900516 36.489147251834972 70.273143875117384
167.55808060364546 36.680633537998418 69.704523947094742
167.60099353926267 36.691279791287251 69.219179572015676
167.64390647487991 36.701926044576091 68.73383519693661
