-50.963749791605302 32.274257825732391 275.02048128345507
-42.944140404206799 27.886726798017207 277.45389416285695
-50.963749791605302 32.274257825732391 275.02048128345507
-50.967919660894822 31.952707779170289 274.51393594516242
-50.972089530184356 31.631157732608177 274.00739060686976
-51.167510899583398 31.532439347096847 273.44876267278102
-51.362932268982448 31.433720961585522 272.89013473869227
-51.45654400418006 31.06645594795857 272.42499685290045
-51.550155739377658 30.699190934331625 271.95985896710863
-51.607489388691477 30.527054925309471 271.38794809376009
-51.79759563422899 30.353608973737391 270.84593691556273
-51.987701879766504 30.18016302216531 270.30392573736538
-52.073910754984411 29.883737049776762 269.7894360166448
-52.258237207077073 29.645870969103647 269.27035655574872
-52.431667051665457 29.54485903063458 268.70491984196656
-52.515015935376439 29.212555970603898 268.21234737026481
-52.503115956952627 28.809689661246381 267.76787338081419
-52.664654769572827 28.531706712802816 267.26128608094189
-52.786159019117349 28.213217221718516 266.76752382903163
-52.907663268661885 27.894727730634212 266.27376157712138
-53.000986579012874 27.619498310713034 265.74884298709532
-53.094309889363863 27.344268890791863 265.2239243970692
-53.152772288496031 27.064420857526489 264.6964139932237
-53.203080769370999 26.67778276774596 264.24036570161098
-53.393917925949872 26.340729328925157 263.78213414546497
-53.466777694746078 26.049003094377277 263.26291621610636
-53.697257252373845 25.661687274648624 262.86685355780133
-53.927736810001612 25.274371454919969 262.47079089949631
-53.966465940064396 25.149714293843438 261.88516247918449
-54.005195070127186 25.025057132766907 261.29953405887261
-54.33734220370404 24.695773468984413 260.92370091714258
-54.669489337280901 24.366489805201912 260.54786777541261
-54.78113140230505 24.00810753391422 260.07978851188579
-54.833093558468612 23.645658195560433 259.60446713486414
-54.995616060007194 23.492953533624053 259.04745032837036
-55.158138561545776 23.340248871687681 258.49043352187653
-55.320661063084366 23.187544209751302 257.9334167153828
-55.473177714769463 22.743696474378037 257.55960144180131
-55.757715245305363 22.481778215830982 257.10086707470396
-55.879250395641009 22.129602027762065 256.63054682233314
-56.000785545976669 21.777425839693144 256.16022656996233
-56.155630278155186 21.550039063106535 255.62701145131874
-56.310475010333711 21.322652286519929 255.09379633267514
-56.672089248181081 21.143643042823758 255.53785807799596
-56.503948279790677 20.998857258810354 254.98039445452233
-56.63697982895652 20.737882775118667 254.45675820120482
-56.80841257686366 20.476671379491798 253.94452835070834
-56.979845324770778 20.215459983864942 253.4322985002118
-57.145431600528283 19.886119810648982 252.95888933723876
-57.319496812852847 19.559123255094448 252.48689934315638
-57.348172239945413 19.157601595226417 252.04197454441183
-57.341927066973597 18.988432668250788 251.46635064640162
-57.407544870328707 18.733814007499138 250.92703289082533
-57.473162673683817 18.479195346747499 250.38771513524898
-57.783474557519853 18.291575132923597 249.90969297037083
-58.167007339007604 18.18077862196191 249.46177920781938
-58.384100367912062 17.92479170391654 248.96444499967487
-58.60119339681652 17.668804785871178 248.46711079153039
-58.762841723952235 17.390756228884044 247.96059443612654
-59.000411011053394 17.180689418069313 247.45124900440032
-59.23798029815454 16.970622607254604 246.94190357267408
-59.407061368141989 16.631021211577682 246.47705684113112
-59.564598070111501 16.332026505916257 245.9812904107236
-59.849756686277772 16.033573689150703 245.54584755592995
-60.085953423387124 15.883720523076144 245.01504144255492
-60.318137802883641 15.596352502802784 244.5422729634428
-60.533340373495037 15.350256850178795 244.03915788380215
-60.74854294410644 15.104161197554806 243.53604280416147
-60.961971999062747 14.883132735274719 243.02068423252172
-61.198910402798639 14.61947742522732 242.53659119361402
-61.417914112809001 14.397368345376226 242.0240437015224
-61.636917822819342 14.175259265525142 241.51149620943079
-61.808251895520165 13.901457954336902 241.00585060475956
-61.979585968220988 13.627656643148669 240.50020500008833
-62.193608955596495 13.325158289430245 240.02830574508522
-62.328136843429789 12.98518001939722 239.55257785721182
-62.545681183309831 13.02477717812352 238.99480861710714
-62.783582476338211 12.651528165306999 238.58973066262561
-62.771602186821312 12.451937174131414 238.02402764079821
-63.012385874871164 12.213926683021997 237.52867501721479
-63.218401836648447 11.876118233626176 237.07762859498115
-63.362094667959333 11.640884187658395 236.54469584702184
-63.505787499270227 11.405650141690616 236.01176309906251
-63.814344855348807 11.281080963493904 235.51248874777534
-63.842068013507209 10.829051614101193 235.11891423921398
-64.026204486205899 10.760787575654252 234.55196293576984
-64.251104747197743 10.596448300974183 234.02053798772596
-64.476005008189588 10.432109026294111 233.48911303968208
-64.573713810711752 10.12636248162868 232.98218894246943
-64.812755616035957 9.9033565768278482 232.47907128055394
-65.051797421360192 9.6803506720270143 231.97595361863847
-65.129811102801824 9.3180292781881686 231.50410928723812
-65.27770351402755 9.0392229132253856 230.99382030483889
-65.425595925253305 8.7604165482626186 230.4835313224396
-65.601338506967792 8.5281336055105132 229.95897514863287
-65.749731418173809 8.316590789633068 229.41746874889742
-65.895287581122531 8.1021249444230108 228.87634232682399
-66.04084374407141 7.8876590992129554 228.33521590475061
-66.2363202302041 7.6302747271081923 227.82970405685242
-66.444725630010652 7.3646182702296912 227.33372639984532
-66.627312593172206 7.1389733310550145 226.80861082941504
-66.762349983002522 6.9630652664969377 226.25109737112794
-66.932397964555662 6.6374483009074865 225.77669535206601
-67.146186814255969 6.5453006218743228 225.22370065679974
-67.243291230260894 6.2112555544662884 224.7348401190871
-67.458359050971296 5.9475351165781181 224.24067682306546
-67.62296228637733 5.7114144834889888 223.71422376578167
-67.787565521783364 5.475293850399864 223.18777070849788
-68.070496214500011 5.2667078989324221 222.70151756046766
-68.181161773791757 5.1343054528150098 222.12686747019637
-68.291827333083532 5.0019030066975887 221.55221737992511
-68.491108592882213 4.6131946597112679 221.14088685531479
-68.65885496553048 4.4871602610600085 220.57876899861571
-68.826601338178762 4.361125862408751 220.01665114191664
-68.97646532018473 4.1015975005588787 219.49685712858749
-69.115983524190341 3.9149981569945451 218.94394180439002
-69.244639933051658 3.6295751181077036 218.43210079652576
-69.436176820809351 3.3620500866972165 217.93035984922636
-69.61107683963057 3.0120022626005056 217.47552306062909
-69.793580756353066 2.7683395626368448 216.95849229846172
-69.976084673075604 2.5246768626731955 216.44146153629436
-70.119912445556764 2.1787220701708341 215.97281577091525
-70.263740218037938 1.8327672776684678 215.50417000553617
-70.502520337292026 1.5821176930428551 215.01410996801422
-70.741300456546085 1.3314681084172602 214.52404993049225
-70.958861179146382 1.1203116200928966 214.00628524511853
-71.176421901746664 0.90915513176853335 213.48852055974481
-71.351536949828784 0.60227889000229873 213.00358582993613
-71.589760515571754 0.33272820626814842 212.52338591154466
-71.788263233395668 0.065658132800484201 212.02411619798846
-71.986765951219596 -0.20141194066718365 211.52484648443223
-72.23673814662807 -0.45438875896949132 211.0416108991073
-72.452906831615067 -0.80317212744829691 210.60386524064387
-72.669075516602064 -1.1519554959271123 210.16611958218044
-72.855529217311656 -1.3109089070015691 209.618425479054
-73.106490044487018 -1.6626678601197225 209.20215116790246
-73.305662528834475 -1.9222875484569806 208.69923175198522
-73.504835013181918 -2.1819072367942338 208.19631233606802
-73.703397526785764 -2.544090184370035 207.76111532243323
-73.942087445462477 -2.7382410856803787 207.24601091530539
-74.216060104237073 -2.8805419892513702 206.73153114399571
-74.40387665309018 -3.3246532930289314 206.3744735942451
-74.601313173493935 -3.4820012922242176 205.8301754888285
-74.860467683979337 -3.7596342591005225 205.36567696848797
-75.119622194464711 -4.0372672259768265 204.90117844814745
-75.324854456020248 -3.966422288718912 204.34183891469598
-75.528141923615692 -4.4045845398824337 203.98590627054267
-75.778080342045854 -4.6963805749403287 203.5250528655242
-75.993169342559867 -4.9199996126713632 203.0115051580791
-76.230706696908811 -5.2094877635024943 202.54270603711441
-76.482166341657646 -5.5563779858637954 202.12266410981081
-76.774920651608255 -5.6956584095846496 201.61779196998381
-76.976156243992151 -5.9908307044135034 201.13573642056718
-77.177391836376046 -6.286002999242343 200.65368087115056
-77.440696089240262 -6.6459195025852651 200.25226963433096
-77.690117462527255 -6.8934454232476181 199.76593652097358
-77.939538835814261 -7.1409713439099765 199.27960340761621
-78.186518629511781 -7.4988999539053696 198.86621727861345
-78.433498423209301 -7.8568285639007582 198.45283114961066
-78.59638219439077 -8.0249204171787287 197.90036938084535
-78.927108987866575 -8.2723820019617342 197.46518832411851
-79.257835781342379 -8.5198435867447309 197.03000726739168
-79.463616335264419 -8.8285307992251649 196.55844966912969
-79.706571450799203 -9.108140825798781 196.08644220639741
-79.974093771037531 -9.2777698076455124 195.5768759038499
-80.241616091275873 -9.4473987894922367 195.06730960130238
-80.376386661518367 -9.8779523945871954 194.67175873663865
-80.541071291260522 -10.345674161270686 194.33394914278853
-80.934574443643953 -10.599943345951868 193.9591125773552
-80.9900026352352 -11.12803077986257 193.67973581074327
-81.240762706120265 -11.207980839070094 193.1405444023525
-81.554198516982538 -11.491730111781454 192.71481638741233
-81.749480397890295 -11.648780003346783 192.16965556843462
-82.054724087974847 -11.87932377690154 191.7074047078203
-82.305388979810061 -12.201484481312821 191.26765524217598
-82.559956440983669 -12.479912253518908 190.80110044006159
-82.814523902157276 -12.758340025724989 190.33454563794723
-83.075293946961636 -13.0222560946127 189.86300847894958
-83.336063991766011 -13.286172163500405 189.3914713199519
-83.589650423553763 -13.655730278465786 188.99257193254149
-83.847781870649072 -13.977634497221842 188.55697368878066
-84.00985643086014 -14.107830865837991 187.99414090497044
-84.265824747726853 -14.497502978135529 187.61646926762128
-84.521793064593581 -14.88717509043307 187.23879763027213
-84.641680739372177 -15.343255534870547 186.86782920353218
-84.946121084420469 -15.554554787114771 186.39595135672442
-85.115800818723642 -15.988283756326458 186.01768165263306
-85.341902570876044 -16.296948763964451 185.55550862147109
-85.550200814979661 -16.576646103065876 185.06726560820522
-85.750765958743216 -16.907284456884575 184.60851523807875
-85.951331102506771 -17.237922810703271 184.14976486795229
-86.07126316189148 -17.795991458544599 183.96489819862467
-86.477610614556937 -17.845270766174977 183.52620320486275
-86.670048914630314 -18.324992667560718 183.22151582738263
-86.819642210330926 -18.697907935574957 182.98466490457639
-87.026792898623427 -19.00358485956837 182.70652119061145
-42.645500705386851 28.103262191960539 277.50431965974371
-42.944140404206799 27.886726798017207 277.45389416285695
