-1.0946086585903658 112.47797069608069 81.461365016879142
81.831552177527797 167.87967969942412 52.619400172301553
-1.0946086585903658 112.47797069608069 81.461365016879142
-0.61555111548490504 112.72311447489213 81.196019208350336
0.82162151383147619 113.45854581132645 80.399981782763902
1.3006790569369364 113.70368959013788 80.134635974235081
1.7797366000423984 113.94883336894932 79.869290165706275
2.2587941431478606 114.19397714776073 79.603944357177454
2.673301520633022 114.58613826720769 79.41849007600689
3.0878088981181895 114.97829938665464 79.23303579483634
3.6576035957882298 115.16032047942568 79.186106866726476
4.0728922789361786 115.59100172810318 79.140841298279426
4.488180962084134 116.02168297678068 79.095575729832404
5.0004854748274719 116.26849260055239 78.90418843705551
5.55087693782255 116.41993291241086 78.719431652589137
6.0888699091859424 116.63610594736602 78.565052956773101
6.5740407711088169 116.96244370633239 78.430468775630516
7.0798891283470242 117.22429328883352 78.241915770819134
7.5815741237959617 117.52848463947831 78.116298146521018
8.0832591192449019 117.83267599012306 77.990680522222874
8.5769683943635293 118.13936467080062 77.84170668288823
9.0706776694821656 118.44605335147814 77.692732843553571
9.5629831042721669 118.76083938600928 77.556552406851395
10.075105438882263 119.03244431779008 77.401757460467977
10.565159301188737 119.34959767674411 77.262973603544069
10.965230477913295 119.78047771555639 77.143451866159836
11.47515502295164 120.05169357102625 76.98091289203613
11.955651991656207 120.37373954079146 76.821510707535083
12.408331571353386 120.741471776324 76.680605771229025
12.861011151050562 121.10920401185658 76.539700834922968
13.418093225248432 121.28928609902194 76.408437723236673
13.91345666328121 121.59518168033314 76.263375813713111
14.396404797583426 121.91015458929823 76.097384349498626
14.893240990904477 122.21980392871873 75.965964854739667
15.34783027718685 122.5700247012466 75.790767847666842
15.767364057208241 122.96302055290502 75.618879314017192
16.263610357022451 123.25414547984307 75.448626893076934
16.733479378073785 123.59589447937799 75.298857989852152
17.184192563737845 123.96618155026472 75.158340697668308
17.666709329889009 124.26382070298806 74.96190112642779
18.13729222704951 124.60479578652273 74.812610372164357
18.633111413012138 124.91499913987582 74.678680486030373
19.095196727620497 125.2601047853007 74.513213705318421
19.557282042228856 125.60521043072556 74.347746924606469
20.019367356837186 125.95031607615051 74.182280143894602
20.512880984560415 126.25554710359177 74.029707803221029
21.006394612283643 126.56077813103302 73.877135462547443
21.453175729193926 126.9372588879052 73.740574584996978
21.97108768546612 127.1737220244848 73.55122730989315
22.397306038361485 127.57123346342341 73.40867005273617
22.843737120361133 127.9453780874517 73.264742677524353
23.290168202360782 128.31952271147998 73.120815302312522
23.74665530136738 128.66900753211326 72.949118218506598
24.238289107140428 128.97673934274349 72.795503981707554
24.68099331949167 129.35838675860634 72.660011434563188
25.143411150668523 129.71165691390718 72.513826802048627
25.622647362106154 130.027445398168 72.338868844655522
26.125585041073663 130.30790631357257 72.170359598602971
26.603980717094636 130.63165402922598 72.0081098103947
27.057850589134432 130.99084579917195 71.850048393035323
27.537815746365748 131.3023258681699 71.669455994355459
28.017780903597064 131.61380593716783 71.488863595675582
28.446331250199723 132.00459656369608 71.335151895911352
28.941454300253231 132.28794366416463 71.149228293424258
29.407552693286782 132.61694957335084 70.963466618872985
29.873651086320336 132.94595548253704 70.777704944321712
30.34772938322299 133.26651636104322 70.597453754097543
30.789116626519434 133.63238345786914 70.420483222891576
31.256650258420983 133.96413112368839 70.243407563173946
31.716486789085785 134.2973293689476 70.04968277275637
32.151800931222994 134.65020746059753 69.835256444874616
32.644952908834846 134.95029997188868 69.671715588681195
33.122527953501411 135.27094360455357 69.50109982873154
33.591237895659667 135.5830882129498 69.294032850265197
34.053980882426508 135.90453362551449 69.087776274759761
34.516723869193349 136.22597903807917 68.881519699254355
35.005673184562582 136.5135123429875 68.68593553433179
35.494622499931822 136.80104564789582 68.490351369409225
35.884631746348006 137.22846332888545 68.331584516170579
36.380109207197407 137.49770989117329 68.126625070214985
36.840579994064043 137.8201909134537 67.916928516329648
37.301050780930687 138.14267193573411 67.707231962444297
37.751894612463474 138.50110338959115 67.539104830622051
38.246265625875466 138.7884461077696 67.357359229828461
38.719467824184434 139.11088510312987 67.178158856540307
39.190052622209322 139.4413742158842 67.006907888021232
39.642227905995782 139.80059525212462 66.84412656275633
40.094403189782234 140.15981628836502 66.681345237491428
40.568508185019283 140.49426825188465 66.528484720715042
41.002584974699424 140.87554568890837 66.366605578520563
41.436661764379572 141.25682312593204 66.204726436326098
41.964633205003423 141.49822911177722 66.053170150136083
42.413477549638621 141.8650710680958 65.898361450854182
42.866146963265258 142.23135051060243 65.753690196059239
43.318816376891888 142.59762995310908 65.60901894126431
43.797409753322952 142.92737646207325 65.459969889397982
44.260997928070218 143.28036832542588 65.316851935802546
44.734652538362319 143.61510833367169 65.163227598444664
45.20570476283897 143.95797798797309 65.019874182110016
45.676756987315599 144.30084764227456 64.876520765775368
46.171608224243037 144.60786625995627 64.732084545566607
46.666459461170476 144.914884877638 64.587648325357861
47.157506521194037 145.22845564260834 64.444309006962186
47.648553581217591 145.5420264075787 64.300969688566539
48.133162978652777 145.87718964762476 64.18774718886209
48.61777237608797 146.21235288767082 64.074524689157656
49.097241234158545 146.5203211434046 63.886734466832912
49.567439521482278 146.86514273253516 63.745271954953196
50.03589554963763 147.21589157732032 63.612892962787612
50.504351577792981 147.56664042210551 63.480513970622027
50.959123938134908 147.93553069097575 63.349739088470031
51.454893693325729 148.25207595504904 63.231369136071592
51.950663448516551 148.56862121912232 63.112999183673139
52.400422583369711 148.93080450832448 62.950088209092485
52.850181718222871 149.29298779752668 62.787177234511816
53.281884644204354 149.69147606521088 62.665358991965562
53.774375696813479 150.01112021828843 62.541745972815896
54.26686674942259 150.33076437136597 62.418132953666223
54.697822184026371 150.72503800660803 62.280926124614361
55.128777618630146 151.11931164185012 62.143719295562505
55.59770784304645 151.46765231207127 62.006740384416467
56.066638067462762 151.81599298229241 61.869761473270422
56.48985298694231 152.21293561883252 61.717034019201051
56.944859912516378 152.5503481077981 61.51924243705033
57.311531857084091 153.00287094996398 61.375107908275822
57.769089693032882 153.35845967542505 61.219552499861848
58.226647528981651 153.71404840088613 61.063997091447881
58.695183849408181 154.06035875114819 60.920669293228102
59.160922842355774 154.40897069514287 60.77384660100239
59.626661835303381 154.75758263913752 60.627023908776664
60.090855214858266 155.10583773051667 60.474567693075493
60.555048594413144 155.45409282189581 60.322111477374314
60.986682207751052 155.84940656762262 60.19012865168736
61.510382653253217 156.07407090052476 60.002342121546178
61.959488481859623 156.43528110690301 59.835515440466864
62.408594310466036 156.79649131328125 59.668688759387543
62.857700139072449 157.15770151965947 59.501862078308214
63.358950633872936 157.41555453038927 59.296290274989175
63.867470145851868 157.6666557895042 59.100443233633925
64.320412089826149 158.02052725457219 58.928342735088862
64.808105890570516 158.31361109826088 58.737931030395679
65.295799691314869 158.60669494194963 58.547519325702503
65.782953897081342 158.89877998094263 58.354213583934481
66.273078942667297 159.18939693076896 58.166279478027647
66.753303747533607 159.50279862503368 57.98974756923171
67.237182893185761 159.78936783362977 57.780608713235118
67.721062038837928 160.0759370422258 57.57146985723854
68.216437181533735 160.35655952773794 57.382117042038637
68.678398369520565 160.6696712583111 57.161769804771509
69.140359557507395 160.98278298888431 56.941422567504375
69.607323530021375 161.2813851054172 56.711680485212014
70.074287502535341 161.57998722195012 56.481938402919639
70.578121803237451 161.81856056811702 56.260051594085169
71.062495134782864 162.1001840562227 56.045410762380712
71.546868466328291 162.38180754432838 55.830769930676261
72.048612409860652 162.66336069676206 55.660532339400888
72.559827437650185 162.9181878776912 55.476896005245997
73.047013043830461 163.22035240954091 55.29984578405778
73.527568741265654 163.52107955928983 55.103302142424511
74.008124438700875 163.82180670903873 54.906758500791241
74.561129549755691 164.0153812432192 54.777474909937361
75.069834690081763 164.29352275857573 54.623019810827621
75.578539830407848 164.57166427393224 54.468564711717875
76.092396594026368 164.84908072565696 54.33075564526731
76.59683419862921 165.13630010279132 54.178940848685798
76.999297414866632 165.56340155259497 54.054010023220414
77.485587145164757 165.88377917180148 53.909509229734212
77.983640983807135 166.18082739356319 53.755545832259997
78.481694822449498 166.4778756153249 53.601582434785804
78.962729827170676 166.771627063919 53.395875335536026
79.443764831891869 167.06537851251309 53.19016823628624
79.994529614287643 167.25313526625044 53.043861859465039
80.545294396683431 167.44089201998773 52.897555482643824
81.188423287105621 167.66028585970591 52.758477827472689
81.831552177527797 167.87967969942412 52.619400172301553
