12.901072322238827 72.12849564615 433.58040710140438
-61.513201552222839 -102.83410072027525 437.58058534234323
12.901072322238827 72.12849564615 433.58040710140438
12.563893638673136 71.665011219565471 433.75786898931983
12.518297403384057 71.066759371948848 433.76183259257493
12.47270116809498 70.468507524332239 433.76579619583015
12.195542552718839 69.94829198421958 433.87786266605247
11.712698994231118 69.599929770721687 433.952064190523
11.474738301070207 69.050961448846948 433.99688037162315
11.266853369992401 68.490031282634419 434.04315351786971
10.983183164329997 67.96347160461174 434.09075729818295
10.699512958667594 67.436911926589062 434.13836107849602
10.52226345497974 66.876790338007808 434.26020696249554
10.345013951291884 66.316668749426555 434.38205284649501
10.067473058450494 65.853208977141236 434.6431583659197
9.701232502403295 65.435311944383173 434.41681807980547
9.5588508959808163 64.852770704710252 434.39750015463517
9.4164692895583375 64.270229465037318 434.37818222946487
9.1145947170371961 63.834206423899403 434.09754785868682
8.8175991631455712 63.313866828807306 434.065293452042
8.4029026272941714 62.841589081113646 434.20667537828712
7.9882060914427715 62.369311333419979 434.34805730453229
7.9882060914427715 62.369311333419979 434.34805730453229
7.8225058607895068 61.804100992609698 434.23368639825537
7.6145268552653196 61.401206865665984 434.62665084414766
7.4930972271631102 60.941947786935089 434.99316952583001
7.3716675990609088 60.482688708204208 435.35968820751248
7.3956568825585904 59.993326331779997 435.70602471846348
7.419646166056272 59.503963955355786 436.05236122941449
7.6038555046434766 59.173727931621215 436.51820571870815
7.1533650256572461 58.777588713247937 436.50671450426552
6.779345531335311 58.324650754177981 436.62901177774575
6.5362730040369099 57.789613668535296 436.75005335514686
6.2932004767385088 57.254576582892618 436.87109493254803
6.0985017472575302 56.699133962604321 436.98761059804309
5.9038030177765526 56.143691342316039 437.10412626353826
5.5989955559543709 55.647806357645933 437.249695811165
5.1735422378050204 55.438701693717476 437.61747932574809
5.1465637374049589 54.839502321255601 437.63271981647028
4.896126436357533 54.299178271965999 437.70573406167887
4.9648590410178448 53.716232961871889 437.58143364134213
4.6623455381072896 53.209461146085019 437.68945172909071
4.3598320351967335 52.702689330298142 437.79746981683928
4.0573185322861738 52.195917514511258 437.9054879045878
3.865007628161917 51.633007987076915 437.98390588772025
3.672696724037658 51.070098459642573 438.06232387085265
3.4476426566174374 50.525147223172098 438.17358400120901
3.2225885891972168 49.980195986701624 438.28484413156536
2.9310818358437709 49.467607848664066 438.39564671949785
2.6897229463699821 48.920940576834738 438.44950561275289
2.4483640568961897 48.37427330500541 438.50336450600798
1.9800117771102514 48.002192753304698 438.45643684822062
1.5116594973243134 47.630112201603993 438.40950919043325
-0.83010190160536723 45.76970944310046 438.17487090149626
-1.1962907429647021 45.314270148362205 438.31081493877718
-1.4230286901052107 44.761761775618723 438.36847256077863
-1.6497666372457183 44.209253402875262 438.42613018278018
-1.7513346527445794 43.62072002320663 438.48368362962253
-2.0848404768569901 43.139169555548122 438.61361827619913
-2.5034837486547916 42.72968128279917 438.74422135985151
-2.4952480249855968 42.129747482636297 438.74081426757476
-2.7714373294577954 41.608648819829291 438.85115760319547
-3.0476266339299967 41.087550157022285 438.96150093881624
-3.1482853194412419 40.497072359422162 438.9961967537289
-3.2489440049524867 39.90659456182204 439.0308925686416
-3.5455150887729112 39.395224248575673 439.13358626354
-3.8420861725933371 38.883853935329299 439.23627995843844
-3.9461467594335757 38.293193230148525 439.25334822202348
-4.2876911766204699 37.812558532535597 439.36442341519904
-4.5397890502955152 37.275080866374786 439.4513970920608
-4.5692551356979747 36.675831465392292 439.44574862030504
-4.9551967607788265 36.237482144904519 439.5832220186694
-5.1810709987768888 35.684818490083508 439.64275111448552
-5.4309706704734619 35.143816091383755 439.7125118390162
-5.4883741305590181 34.546743350160313 439.72696813377445
-5.5457775906445734 33.94967060893687 439.74142442853224
-5.9872008693835239 33.561005852095107 439.86010549600508
-6.4286241481224637 33.172341095253358 439.97878656347791
-6.4526174852895553 32.572850548644666 439.98473671460158
-6.6912914391933684 32.027403492533196 440.05904857574944
-6.9313354296768477 31.482116194157811 440.13004607474232
-7.2252970912685202 30.965690998982115 440.21306149079265
-7.5192587528601935 30.449265803806419 440.29607690684298
-7.6788186166165744 29.872267010321671 440.33623960340572
-7.9920377643443006 29.362915225207281 440.38578276133393
-7.9467770322504121 28.765108884651831 440.36171940076184
-7.9015163001565227 28.16730254409638 440.3376560401897
-8.4686534389118897 28.028136755554414 440.47545425913279
-8.5757250537915048 27.437961338183669 440.49057530467661
-8.6827966686711182 26.847785920812917 440.50569635022032
-8.978242617824268 26.343002178015986 440.63950615605273
-9.2736885669774161 25.838218435219051 440.77331596188515
-9.4352754441314435 25.265386128920788 440.84916337444895
-9.5968623212854691 24.692553822622525 440.9250107870127
-9.7925720441520774 24.129173204340901 440.99058504507246
-10.099250657618439 23.621727613216407 441.08249369586582
-10.194312324361938 23.029940618867606 441.10990597113721
-10.497272783870336 22.519780774820482 441.19907936120552
-10.800233243378731 22.009620930773373 441.28825275127394
-10.817538468369422 21.409871073986697 441.28905179594011
-11.071700355757114 20.87118432732597 441.36128976359987
-11.325862243144808 20.33249758066524 441.43352773125952
-11.57706847165851 19.791442232549013 441.4979834604909
-11.797111495876468 19.235933730080735 441.55267688951551
-12.017154520094429 18.680425227612446 441.60737031853995
-12.043716204043358 18.081025750817794 441.61121013156873
-12.070277887992287 17.481626274023146 441.61504994459744
-12.096839571941215 16.882226797228494 441.61888975762622
-12.653828358408466 16.747875434163841 441.79697176961065
-12.88450362404366 16.201652962838995 441.88878643970156
-13.115178889678853 15.655430491514153 441.98060110979247
-13.036616850284171 15.061424588413558 441.94921651089754
-13.248808607447264 14.505250524673823 442.0243501852072
-13.461000364610362 13.949076460934084 442.09948385951674
-13.658238693669258 13.384852427473984 442.15190791521707
-13.993137856490772 12.897816660536723 442.25505204963719
-14.028876463462595 12.29894563469829 442.26378396712073
-14.303149816375415 11.774004633592963 442.35975830348463
-14.450514766893312 11.193454178841437 442.3950391884884
-14.597879717411207 10.612903724089914 442.43032007349228
-14.803415676225072 10.057457162306857 442.52641422855834
-15.008951635038937 9.502010600523791 442.62250838362422
-15.174153831976909 8.9274068234945716 442.67289423035356
-15.345670890291993 8.3554133010759468 442.73124925599893
-15.517187948607074 7.7834197786573158 442.7896042816443
-15.728705336034048 7.2267877045118869 442.86323259718
-15.940222723461023 6.6701556303664491 442.93686091271564
-16.269976890991011 6.1834920855501068 443.05694747792342
-16.054197875852829 5.6293626627927509 442.97707257910906
-16.29369228737178 5.087014675500753 443.0692739214611
-16.533186698890734 4.5446666882087525 443.16147526381309
-16.719180002400172 3.9777696589973255 443.22499100454644
-16.905173305909614 3.4108726297858993 443.28850674527973
-17.035091511034707 2.8281859405011502 443.34848575917175
-17.177193024559308 2.2499099952344865 443.4219982817782
-17.672287957645842 1.960403761754272 443.59825703477537
-17.680890049912222 1.3610338390120866 443.62436641471186
-17.72233463481194 0.7625087396642114 443.63144114672843
-17.943537275580539 0.21019968305120224 443.70905620776841
-18.164739916349134 -0.34210937356179832 443.78667126880845
-18.378276982576232 -0.89914211299162827 443.85083082421863
-18.591814048803336 -1.4561748524214664 443.91499037962865
-18.698429312882237 -2.044474805064552 443.96535257959579
-18.889882414800098 -2.6078608425773759 444.04243618681301
-19.08133551671796 -3.1712468800901976 444.11951979403028
-19.272788618635822 -3.7346329176029949 444.19660340124773
-19.475521704833888 -4.2944092890220187 444.27109977539811
-19.678254791031961 -4.8541856604410363 444.34559614954861
-19.862835550234173 -5.4159274995809046 444.44745904510972
-20.047416309436393 -5.9776693387207827 444.54932194067078
-20.4073618266859 -6.4459048318175034 444.65512717502361
-20.49097463373629 -7.0387231503565459 444.69481772429788
-20.574587440786676 -7.6315414688955823 444.73450827357226
-20.850350916995382 -8.1609958584465154 444.79477895114059
-20.942260929555896 -8.7520103567081708 444.84225960441802
-21.115807081507388 -9.3225559865940806 444.9082854884403
-21.421093016621139 -9.8242957064314691 445.03099551801904
-21.580653458910554 -10.399172747342901 445.09468894852273
-21.740213901199972 -10.974049788254334 445.15838237902636
-21.921232651004406 -11.541863860082371 445.22780422035385
-22.07749411451433 -12.118984578482937 445.27794433816933
-22.287235836931448 -12.676719331161264 445.34823200090148
-22.496977559348565 -13.234454083839594 445.41851966363367
-22.836867023362259 -13.718585144696954 445.51897994516628
-22.966198085856277 -14.302691045288952 445.56473771136808
-22.95431813053758 -14.902406951273869 445.55060622983513
-23.379931208872023 -15.290451694224023 445.71875730779601
-23.593632004072486 -15.845736672027352 445.79615603877176
-23.693750385429823 -16.436272337167185 445.83142554276935
-23.761063719832055 -17.032240063088004 445.84849553610337
-23.828377054234299 -17.628207789008819 445.86556552943739
-24.085225379762246 -18.164681184287367 445.9444656804626
-24.397187690775127 -18.668811194963659 446.03683693596469
-24.434168282998179 -19.267650314469591 446.04175066654233
-24.638028223035402 -19.828223906132202 446.10654552111043
-25.207691617011065 -19.775849809737423 446.28748908024136
-25.216015558751927 -20.375784985711725 446.28457418357459
-25.213735932011673 -20.975324354640787 446.26117870524939
-25.44143316433631 -21.525813846681118 446.33269995764948
-25.513106814054119 -22.121022421950869 446.35698245878677
-25.584780463771924 -22.71623099722062 446.38126495992401
-25.656454113489737 -23.311439572490364 446.40554746106147
-26.157339246378672 -23.619528076145134 446.52469257244502
-26.41536239338123 -24.136403012683182 446.36262975872859
-26.673385540383798 -24.653277949221241 446.20056694501216
-26.741375496261913 -25.178821920727181 446.48195795395429
-26.809365452140032 -25.704365892233152 446.76334896289637
-26.916291495263117 -26.272934649868727 446.60430057672795
-27.214803203056952 -26.786064559997634 446.69141231899675
-27.513314910850784 -27.299194470126555 446.7785240612655
-27.688542227101568 -27.872847315546863 446.79328212959206
-27.922813372117094 -28.424187814044956 446.82705616294595
-28.118995321746787 -28.990743372042949 446.85002227583163
-28.315177271376491 -29.55729893004094 446.8729883887172
-28.546003873466795 -30.11089302882171 446.88888346853935
-28.776830475557091 -30.664487127602484 446.90477854836143
-28.996186237874518 -31.222860196270471 446.91490602210541
-29.224161983577659 -31.7777962709524 446.9234507507561
-29.476981127788065 -32.321867957216881 446.93172604688596
-29.577074219771362 -32.913384941432177 446.94116163494709
-29.756997747796646 -33.485577111948238 446.9561163687481
-29.936921275821938 -34.057769282464292 446.9710711025491
-30.17615353501024 -34.607916264996454 446.98137759440698
-30.617825352985875 -35.009199998871836 447.0438065150538
-30.96722101329474 -35.494097730924565 447.09669188172029
-30.876797679005545 -36.087049058246656 447.08144904592774
-31.070972414611077 -36.654303011199495 447.10423335877459
-31.265147150216603 -37.221556964152335 447.12701767162133
-31.466860497162394 -37.786116125545817 447.15119780707619
-31.664289648947609 -38.352498837517025 447.16644095653771
-31.805614841779978 -38.935559325649322 447.17466634709518
-31.946940034612346 -39.518619813781626 447.1828917376526
-32.221655772405228 -40.051855525955887 447.19670979362718
-32.496371510198102 -40.585091238130154 447.21052784960165
-32.583185163517683 -41.178749923464302 447.20480465777854
-32.669998816837257 -41.772408608798443 447.19908146595543
-33.155626090607726 -42.124122726346194 447.2206065789137
-33.151833453559064 -42.724098578395477 447.21678651844894
-33.277977398143442 -43.31068688308941 447.21815254955953
-33.515049119287319 -43.861863207495681 447.21944035695043
-33.832507429910926 -44.370951990894923 447.22642832039367
-34.149965740534533 -44.880040774294166 447.23341628383685
-34.249802430164991 -45.471676008553757 447.23403675642948
-34.349639119795441 -46.063311242813342 447.23465722902222
-34.511955432870749 -46.640938224601797 447.23396122643618
-34.674271745946044 -47.218565206390252 447.23326522385025
-34.92822498269198 -47.76206519908785 447.22251759695052
-35.32717312675409 -48.209321657516945 447.19419730841281
-35.359954017442256 -48.808055720883033 447.17315129760738
-35.470324978140042 -49.397747994729606 447.16413613258902
-35.551406799572447 -49.99219436499353 447.15643865811688
-35.799117981991287 -50.535799298976542 447.10046682721969
-35.873497370729709 -51.130958614848929 447.08455785927043
-36.058083727631981 -51.699458952437567 447.03225830853478
-36.242670084534261 -52.267959290026205 446.97995875779907
-36.494408223456453 -52.806243214049474 446.89702308061425
-36.561771532672466 -53.401662825154531 446.86640166191802
-36.674367760885694 -53.989002127488277 446.81787709776472
-36.786963989098936 -54.576341429822023 446.76935253361154
-36.831228407568844 -55.174594675168031 446.75778898352962
-36.875492826038752 -55.772847920514039 446.74622543344788
-37.035750255146397 -56.346416343735335 446.67317188939126
-37.318277092574007 -56.85511715177374 446.52687741227663
-37.600803930001632 -57.363817959812174 446.38058293516212
-37.627498112651217 -57.96280389472247 446.35814924638163
-37.820350845900052 -58.519860103106133 446.24636282511472
-37.912962572718172 -59.108934032346006 446.1799175548116
-38.005574299536278 -59.69800796158588 446.11347228450842
-38.230920553201486 -60.237691771360119 445.97945567573686
-38.456266806866687 -60.777375581134365 445.84543906696535
-38.782211919274218 -61.225404462279968 445.61515683717533
-38.826840156973745 -61.823286339428989 445.59179915371561
-38.871468394673286 -62.42116821657801 445.56844147025583
-39.127212524941385 -62.937845229671339 445.40218924027266
-39.345525035644833 -63.478591298117635 445.26100376959585
-39.460761612318109 -64.065810591415456 445.21748328045078
-39.618192117463714 -64.627801638543062 445.07826510994846
-39.691327119433787 -65.22332533064916 445.07993951347026
-39.796574343360334 -65.806826285400945 444.98801749402156
-40.128778501543152 -66.264288318733449 444.78709739710411
-40.315976262397378 -66.823232435358676 444.67512207472811
-40.483729493275817 -67.391550073423645 444.5809206108641
-40.651482724154249 -67.959867711488599 444.48671914700014
-40.926425503194046 -68.465640698214287 444.31760334598664
-41.201368282233844 -68.971413684939961 444.14848754497308
-41.262164733012114 -69.566526359015171 444.10217667445869
-41.554416801173701 -70.057230685395638 443.91833437049473
-41.846668869335296 -70.54793501177609 443.73449206653078
-41.579300306914561 -71.060397747124881 443.89541439782107
-41.870207601399088 -71.565382770384844 443.75271516061628
-42.161114895883614 -72.070367793644792 443.61001592341142
-42.508916306867718 -72.543763978448894 443.48782660010374
-42.761795489030007 -73.061557232792495 443.32066720017303
-43.01467467119231 -73.579350487136097 443.15350780024227
-43.193926318313181 -74.141997622421883 443.04722022731312
-43.491908480261941 -74.627998098515448 442.86011018376337
-43.789890642210715 -75.113998574609013 442.67300014021373
-44.087872804159396 -75.599999050702507 442.48589009666375
-44.255723914271691 -76.168868947388077 442.39526424230087
-44.519081131774158 -76.69297465806261 442.26894646830334
-44.782438349276617 -77.217080368737129 442.1426286943057
-44.837642476880212 -77.813926575467349 442.11566372059394
-45.173515654659028 -78.289180295202328 441.96963937218987
-45.509388832437857 -78.764434014937294 441.82361502378592
-45.845262010216643 -79.239687734672245 441.67759067538174
-45.997327071071844 -79.818499025413885 441.63453597787827
-46.149392131927051 -80.397310316155512 441.59148128037486
-46.442103910535714 -80.908672421819318 441.47821781956418
-46.734815689144355 -81.420034527483125 441.36495435875338
-47.120127081290917 -81.863132170971227 441.24166766272594
-47.44145225520343 -82.355743157071004 441.12298932020337
-47.762777429115943 -82.848354143170781 441.00431097768086
-47.993686785804805 -83.396616145761129 440.926274796911
-48.224596142493667 -83.944878148351478 440.84823861614115
-48.495007888480899 -84.472728688731365 440.75740197896869
-48.965466933246447 -84.807915518201256 440.59517350875393
-49.108335860006861 -85.384596438082738 440.51134280786829
-49.395152543962055 -85.904574494373406 440.4255581310249
-49.681969227917264 -86.424552550664075 440.33977345418162
-50.04951670643635 -86.882350010163421 440.21595771564159
-50.417064184955436 -87.340147469662753 440.09214197710162
-50.648322617687768 -87.890859099117577 440.03525403045734
-50.99237129222255 -88.374955825285497 439.94992602061086
-51.208659396618394 -88.933715165566525 439.91818558038767
-51.631881693834465 -89.342467445917279 439.80069319575267
-51.736835269860435 -89.93290942099037 439.78164008705227
-52.035202559019503 -90.449303074168469 439.71595480927073
-52.391829949041075 -90.929159019208868 439.66540605364037
-52.663011518940877 -91.462944080823405 439.6262389227287
-52.934193088840672 -91.996729142437943 439.58707179181727
-53.308147899273514 -92.447862737902454 439.45809009235029
-53.572576869537158 -92.979047761027815 439.36909688534752
-53.894181068930685 -93.481952063283615 439.30861546915168
-54.215785268324225 -93.984856365539429 439.248134052956
-54.555501048718398 -94.476493041971821 439.19440727250429
-54.905049663255717 -94.960913736149379 439.13826141666823
-55.25459827779305 -95.445334430326923 439.08211556083199
-55.760060409126766 -95.746680464929938 438.9650745371838
-55.869551914620821 -96.336394263082141 438.94928699483069
-56.317797665790081 -96.723776046600435 438.85436017903623
-56.766043416959327 -97.111157830118742 438.75943336324161
-57.155225578724853 -97.556861175681817 438.66000614002087
-57.502917469204206 -98.038339777127192 438.57463222336537
-57.850609359683553 -98.519818378572566 438.48925830670987
-58.273664048998036 -98.926681531173045 438.36481110945323
-58.619182761558534 -99.407504677329399 438.26772392497026
-58.997264028475719 -99.867649470982229 438.19477651596554
-59.314727126119919 -100.37099972935093 438.11825397657805
-59.715073355845618 -100.80819838529962 438.02562443711531
-59.979434733413555 -101.34236607474284 437.95650178087817
-60.381395991928059 -101.77757085783692 437.86150734195951
-60.787642378680324 -102.20541702969179 437.75236740206645
-61.19388876543259 -102.63326320154663 437.64322746217329
-61.513201552222839 -102.83410072027525 437.58058534234323
