-67.124877812690841 105.32861740788162 466.10903319614425
74.672434529030937 127.3250209309997 473.65473807480566
-67.124877812690841 105.32861740788162 466.10903319614425
-66.525170600374693 105.31044285995335 466.11360980008078
-65.925463388058546 105.29226831202509 466.11818640401737
-65.407898871930044 105.57317122613594 466.00320586440864
-64.814418296585742 105.51788623523717 465.93447176464508
-64.220937721241427 105.46260124433834 465.86573766488152
-63.697812191746415 105.75452072120729 465.83223095786451
-63.142825082431401 105.52741878138404 465.85257837594838
-62.587837973116393 105.30031684156077 465.87292579403231
-62.235967304117437 105.78446332242565 465.91522493544653
-61.884096635118468 106.26860980329052 465.95752407686069
-61.532225966119519 106.75275628415541 465.99982321827491
-61.054019080192219 106.95307645149686 465.69784639001153
-60.575812194264927 107.15339661883831 465.39586956174816
-59.9993556496065 107.19941505271848 465.55580753680005
-59.428066162179981 107.38089177051124 465.52945374285872
-58.841275685461049 107.50545563836461 465.51677386677983
-58.257670749357224 107.64132898504495 465.48605396741266
-57.673311605344757 107.76392386227565 465.42693639907804
-57.092175206811568 107.89268353299676 465.35142856176515
-56.511038808278371 108.02144320371789 465.27592072445242
-55.929902409745196 108.15020287443902 465.20041288713946
-55.345176502528489 108.28055458135766 465.16718570048459
-54.766862122272371 108.42364995975024 465.09593831266119
-54.188547742016247 108.56674533814279 465.02469092483773
-53.590858616323558 108.5802080695203 464.97383363536454
-53.02314186574089 108.76894333466835 464.92826291233598
-52.446666461972924 108.91607451677332 464.85061934143039
-51.870191058204966 109.06320569887828 464.77297577052485
-51.345527601974155 109.27562208617921 464.57395934883573
-50.820864145743329 109.4880384734802 464.37494292714666
-50.227468452680945 109.45892233747045 464.45881069258058
-49.658300194165591 109.52183139010035 464.63794735715766
-49.075243984478519 109.60546937832717 464.5237101334925
-48.503889249989676 109.78680552417249 464.49780705284286
-47.933481747545571 109.97152513300337 464.47513664771094
-47.370643259047277 110.17664306693203 464.44138062534751
-46.781728014738192 110.28542805379107 464.40471099684584
-46.185747993839527 110.34989188197763 464.37917221173075
-45.657175161738493 110.62897153236831 464.32696771094299
-45.06305863668603 110.67249209653872 464.25533311627061
-44.475545468914589 110.77027490347432 464.18276039162174
-43.892689561395272 110.89823445768135 464.12026764358671
-43.309833653875941 111.02619401188841 464.05777489555174
-42.715970031028931 111.11075421057527 464.04452460283562
-42.127733020916345 111.22810233333966 464.03014969353274
-41.586447561418971 111.48621760894029 464.0104886702041
-40.996831221368389 111.59642652574458 463.99611625905681
-40.407214881317806 111.70663544254884 463.98174384790957
-39.831365213388061 111.87149322087498 463.94682862385798
-39.255235070623762 112.0292233161983 463.8903018547332
-38.670303057548217 112.14501179125844 463.82361175709775
-38.085371044472673 112.2608002663186 463.75692165946219
-37.498945078129246 112.387499719803 463.7497220424633
-36.934375983999765 112.58974849173892 463.73082304237789
-36.360396535477435 112.76360092327734 463.71285293602921
-35.785322973750667 112.93446131394641 463.70299770882218
-35.210249412023877 113.10532170461542 463.69314248161555
-34.622869108151185 113.22704715351206 463.68020827451448
-34.039948314809777 113.36850835314681 463.66634906500877
-33.457027521468369 113.50996955278156 463.65248985550295
-32.878311216192309 113.66827649979041 463.64735677296267
-32.299594910916248 113.82658344679926 463.64222369042244
-31.724164204572794 113.99408005481037 463.61351152397958
-31.149778261247171 114.16720609352922 463.62391165991403
-30.575392317921558 114.34033213224809 463.63431179584848
-29.990287173616281 114.47252037653618 463.64766238308403
-29.405182029311003 114.60470862082427 463.66101297031958
-28.828549534417665 114.77009744769035 463.67290842243153
-28.251917039524322 114.93548627455641 463.68480387454355
-27.682813925204918 115.12529075508675 463.69459695590558
-27.106787975165808 115.29257447022253 463.7090974225157
-26.530762025126712 115.45985818535833 463.72359788912593
-25.953785231334241 115.6244180216747 463.72782159561302
-25.376808437541772 115.78897785799109 463.73204530210006
-24.808900249707442 115.98187836521997 463.74846737570743
-24.227545591416391 116.12811061432839 463.77382266320291
-23.652856474704961 116.29582100027271 463.81389317080948
-23.082315981418905 116.46773560764295 463.88409939057408
-22.506965448199242 116.63081726487789 463.93284502624903
-21.932054440296657 116.79768465979998 463.97325053954046
-21.357143432394075 116.96455205472209 464.01365605283189
-20.780780591723786 117.12988231718677 464.03537655484809
-20.204417751053494 117.29521257965146 464.05709705686422
-19.633771787977182 117.47464372679701 464.10365506647304
-19.072072993632382 117.67907878600121 464.15562400911932
-18.510374199287593 117.8835138452054 464.20759295176578
-17.940686142371032 118.0662744370683 464.25291495380191
-17.370998085454463 118.24903502893116 464.29823695583798
-16.793401693409326 118.41062701987853 464.31468190515727
-16.215805301364181 118.57221901082588 464.33112685447639
-15.661435654853431 118.79754596589912 464.37473944835676
-15.107066008342674 119.02287292097235 464.41835204223696
-14.541628755071622 119.21082516196918 464.48874144284218
-13.97619150180056 119.39877740296603 464.55913084344718
-13.399928293848379 119.56522586649301 464.57381498966595
-12.82744571727596 119.7420832360759 464.60520241302663
-12.254963140703541 119.91894060565878 464.63658983638743
-11.685366371518253 120.09688332038931 464.69900706804674
-11.115769602332955 120.27482603511984 464.76142429970594
-10.534687598123497 120.40102768743762 464.84152952635304
-9.9601726630646521 120.56683336033811 464.89093669413614
-9.3893222652296249 120.74652897870237 464.93382384876639
-8.8269758737769486 120.92305596467557 465.04609476772305
-8.2646294823242865 121.09958295064875 465.15836568667976
-7.6699999798559872 121.17116934947391 465.19429815525001
-7.0753704773876835 121.24275574829906 465.23023062382015
-6.4986641270938934 121.40387452942976 465.268316367843
-5.9165924697191752 121.51493214039048 465.36243752767831
-5.3345208123444525 121.6259897513512 465.45655868751362
-4.7399366956859126 121.69681627475973 465.49468127660782
-4.1590215214200912 121.83429041729721 465.55500059723806
-3.5781063471542693 121.97176455983467 465.61531991786831
-2.9915957090378162 122.07818826452812 465.68372508182222
-2.4050850709213614 122.18461196922161 465.75213024577596
-1.8185744328049118 122.291035673915 465.82053540972993
-1.2253178137053307 122.37474811658437 465.85276599825795
-0.75211041544476487 122.25367708717503 466.20121479516968
1.4142260810408236 122.05096814181779 467.2140796763195
1.955810205162215 122.00029090547848 467.46729589660697
2.4973943292836149 121.94961366913917 467.72051211689438
1.9485091541255115 121.99576702373115 467.48261522252295
2.5205674537200689 122.03106853374172 467.66010636386801
3.0926257533146275 122.06637004375227 467.83759750521301
3.6646840529091884 122.10167155376284 468.01508864655807
4.2367423525037529 122.1369730637734 468.19257978790313
4.8088006520983297 122.17227457378397 468.37007092924807
5.3878407796439749 122.31946911541452 468.42526420425594
5.9668809071896218 122.46666365704509 468.48045747926369
6.5519168652073905 122.55212305526977 468.5825829857805
7.1369528232251565 122.63758245349445 468.68470849229726
7.7231579410020199 122.76536716386303 468.69059302186452
8.3093630587788816 122.89315187423162 468.69647755143188
8.8916160672462592 123.02579887727879 468.75466867372126
9.4738690757136474 123.15844588032594 468.81285979601051
10.068405272718554 123.21639474005515 468.86915047114445
10.662941469723471 123.27434359978432 468.92544114627827
11.255384845095559 123.35049593066385 468.98211273950926
11.84608626757062 123.43584669173526 469.04365197147126
12.433237315524213 123.50536079526769 469.1457374077346
13.019298733757546 123.57837362252603 469.25157285129706
13.601022744171683 123.72152641635375 469.28480616781843
14.191020934960729 123.80598928331919 469.35385802492328
14.781019125749776 123.89045215028463 469.42290988202814
15.367883951024742 123.96918489616766 469.51981618512912
15.938110409784652 124.14746775903753 469.57510638803217
16.526256082430301 124.25793632513953 469.61848107709812
17.114401755075953 124.36840489124154 469.66185576616397
17.703196561477622 124.38359931155426 469.77626645423891
18.28413205045609 124.51183357678397 469.85417621528552
18.857026318679978 124.68705634833343 469.88717830259441
19.429920586903872 124.8622791198829 469.92018038990318
20.010329628876313 124.97854707278393 470.01819624129894
20.586468555072862 125.12485210826124 470.09979755449342
21.164482983972388 125.273470404751 470.16153831843786
21.742497412871924 125.42208870124072 470.22327908238219
22.331867162516467 125.49933254274808 470.30499008013101
22.92123691216101 125.57657638425545 470.38670107787993
23.479989410927846 125.78749327218873 470.44423117006102
24.070873136519591 125.86590037577044 470.5128514945921
24.656516832082577 125.9722017434494 470.58849196707149
25.242737989189386 126.06757628375006 470.67362980838072
25.828959146296182 126.1629508240507 470.75876764969007
26.407002629632075 126.32019075857072 470.79255129018441
26.990450359486299 126.44397860119761 470.85786068113032
27.573898089340524 126.56776644382452 470.92317007207623
28.149873417122535 126.70183889084583 471.02454561516288
28.739045419749914 126.8068269885292 471.06760198129922
29.322877926993094 126.93602575479454 471.11707199526381
29.906864188064084 127.04468087601208 471.20165397628534
30.490850449135042 127.15333599722968 471.28623595730704
31.072284254345977 127.28603971202702 471.3519965400061
31.653718059556912 127.41874342682436 471.4177571227051
32.241089533188905 127.52793018855459 471.47319179620683
32.823811154522566 127.64110683340724 471.56052196905767
33.394748447431724 127.79436668650308 471.66319633292034
33.979496226641395 127.92130444533822 471.70743251823581
34.565297313989518 128.03938102269575 471.76123779624169
35.151098401337656 128.15745760005322 471.81504307424746
35.740252428207576 128.24114406819677 471.89181616636063
36.326910377893007 128.36161516674096 471.92813647041282
36.913568327578432 128.48208626528518 471.96445677446508
37.509797874101665 128.50515206503081 471.90138303401153
38.088894839265471 128.64431709396851 471.9740452639445
38.672098184303287 128.78049466063067 472.01050796645922
39.261865580674552 128.88798055288163 472.03543187354614
39.852939950231978 128.9868727278087 472.06461110229668
40.444014319789417 129.08576490273583 472.09379033104699
41.033741866443442 129.19046834459988 472.12926722464317
41.623469413097475 129.29517178646398 472.16474411823935
42.220705644777837 129.34412191384186 472.1949561787107
42.8179418764582 129.39307204121977 472.22516823918215
43.408609896348068 129.49699318614154 472.24282286796699
44.00004448663465 129.59708763610701 472.25646935098121
44.599923094386654 129.58826289425647 472.26470220545468
45.182348734139239 129.4443445081148 472.27294066946052
45.764774373891811 129.30042612197309 472.28117913346631
46.364339865080318 129.32321908843366 472.27987435156444
46.964315317360786 129.31780056269855 472.28018457681208
47.564306411774616 129.32106425841866 472.27999772301547
48.142048078898291 129.48297338745286 472.27999985647619
48.741962236768003 129.49312243605161 472.27999998903363
49.34196146565364 129.49408438025029 472.28000000379706
49.941961453287519 129.494206197099 472.28000000532768
50.541961452985284 129.49422524136887 472.28000000606346
51.092520243197846 129.73273104532274 472.28000000170698
51.643079033410416 129.97123684927658 472.2799999973505
52.212545320554135 129.78227085284669 472.27999999576741
52.782011607697847 129.59330485641675 472.27999999418432
53.372053741360546 129.70216385008644 472.279999973597
53.96519393312154 129.61169444687337 472.27999999324277
54.558334124882535 129.52122504366031 472.28000001288854
54.746302443554612 130.09102142060175 472.28000000233067
55.342763572425874 130.15607011513106 472.27832994674719
55.939224701297135 130.22111880966037 472.27665989116377
56.539207517471745 130.21942790540183 472.27244549464996
57.138851936923615 130.23935675283977 472.26702227973499
57.738044527695692 130.26885474994472 472.2571173652658
58.337237118467769 130.29835274704965 472.24721245079672
58.935947888075383 130.2655416245814 472.22555963115963
59.476242244691868 130.01340864488753 472.15839588529133
59.973816137172875 130.34869327375245 472.1605028186583
60.568199646482881 130.30503027127233 472.22979773964641
61.162583155792881 130.26136726879218 472.29909266063453
61.76156885461986 130.23683418016813 472.27430838813541
62.361183197936519 130.21645018216708 472.28117365684255
62.960797541253179 130.196066184166 472.2880389255497
63.560411884569838 130.17568218616495 472.2949041942569
64.131642778597211 130.00074027535362 472.35049730129697
64.702873672624577 129.82579836454227 472.40609040833704
65.288954365625614 129.70991228673157 472.46158669885347
65.875035058626651 129.59402620892084 472.51708298936984
66.460261834747939 129.46273825948805 472.50055740785501
67.048531800858001 129.34695724880777 472.47746618574109
67.63298729281037 129.21814712700819 472.43480788703266
68.217442784762724 129.08933700520862 472.39214958832406
68.807516696413586 128.98552618043107 472.35996121389996
69.397590608064448 128.88171535565351 472.32777283947587
69.979704003783539 128.73630583940519 472.32803189318065
70.56181739950263 128.59089632315687 472.32829094688543
71.14670397849639 128.46252175950082 472.36607535000456
71.699562630248337 128.22955124234574 472.3575871629472
72.220581293171165 127.96429852600576 472.49242243044199
72.786104578500598 127.82110784959627 472.63270729755033
73.351627863830046 127.67791717318676 472.77299216465855
73.873814611405265 127.44973767263889 472.96075562272893
74.396001358980442 127.22155817209099 473.14851908079936
74.672434529030937 127.3250209309997 473.65473807480566
