-79.231429696208991 -141.1491952479285 259.07562595875498
-33.345850840227165 -53.777575092062861 257.69823166523054
-79.231429696208991 -141.1491952479285 259.07562595875498
-78.931100819994043 -140.6302867328119 259.09878883964063
-78.854989836876513 -140.03515601793993 259.10394155396091
-78.778878853758997 -139.44002530306796 259.10909426828118
-78.702767870641495 -138.84489458819598 259.11424698260157
-78.59513124277909 -138.25464413060621 259.11857753193055
-78.487494614916685 -137.66439367301646 259.12290808125954
-78.379857987054294 -137.07414321542669 259.12723863058852
-78.177178623889105 -136.50953929778606 259.11525981880231
-77.974499260723931 -135.94493538014544 259.10328100701616
-77.731723526152578 -135.39680380879912 259.07854796844953
-77.385902252170666 -134.90926992551672 259.02641008286599
-77.13085746405082 -134.36732085178687 258.99114880755923
-76.875812675931002 -133.82537177805702 258.9558875322524
-76.607160179109457 -133.28890715401968 258.96150385738679
-76.451708364821116 -132.70940253791298 258.95848171485278
-76.296256550532775 -132.12989792180628 258.95545957231877
-76.079415196704218 -131.57122556841796 258.98487094476815
-75.662901164012467 -131.15757751999934 259.10901341377178
-75.617906340395024 -130.55953020448081 259.12675811012593
-75.572911516777566 -129.96148288896228 259.14450280648009
-75.253319757446235 -129.47270609318321 259.28219213531668
-74.93372799811489 -128.98392929740416 259.41988146415321
-74.603561390473871 -128.49808222480823 259.5421215281616
-74.494413044672896 -127.90872737115663 259.56946188452741
-74.385264698871907 -127.31937251750503 259.59680224089323
-74.144520195097343 -126.77157255306449 259.64104343053901
-73.903775691322778 -126.22377258862393 259.68528462018475
-73.997986264103915 -125.63147197123487 259.66783908732396
-73.880123121172943 -125.04316350566089 259.66664373281208
-73.762259978241971 -124.45485504008691 259.66544837830008
-73.531642014101365 -123.90142433099842 259.6884658684645
-73.196394837955324 -123.40383456274772 259.68475730832489
-73.159560803276094 -122.80563593616235 259.65644375961381
-73.001872630547723 -122.22715870475977 259.63411590861125
-72.739947126136457 -121.68980938980538 259.58263053343597
-72.478021621725176 -121.15246007485098 259.53114515826076
-72.5509796376937 -120.55770803973743 259.50036944325296
-72.231339287282765 -120.05164236579326 259.45880527545677
-71.911698936871844 -119.54557669184905 259.41724110766052
-71.747810596286826 -118.96857383525662 259.40280797548252
-71.581196938901115 -118.39455645138128 259.35042541940265
-71.414583281515405 -117.82053906750593 259.29804286332268
-70.93677425695725 -117.47217335796191 259.19635771954705
-70.720657567991339 -116.9177637621091 259.11939294333899
-70.23496741160119 -116.56879267308977 259.07118245677873
-70.216653511691305 -115.96963596920673 259.04518543267773
-69.883225722025628 -115.47785036192472 258.96168198634803
-69.571817428815649 -114.96950733764031 258.89376847825548
-69.323883750052232 -114.42540127662519 258.84399413444817
-69.069012326224623 -113.88283400554251 258.81827811481105
-68.674818156171185 -113.43181271012864 258.78377090717169
-68.382918618591646 -112.91113534776018 258.72302764188339
-68.109667414969891 -112.38055337313706 258.66124942627067
-67.767738522268303 -111.89134985966209 258.59989345883781
-67.385751532134719 -111.43439642230575 258.52723332219529
-67.230896322569947 -110.85485734406916 258.51481072716308
-67.076041113005175 -110.27531826583257 258.50238813213093
-66.556771291293018 -109.98404846695129 258.42808633862165
-66.440232335540799 -109.39605875785928 258.40187996928017
-66.131086758610238 -108.88601883181698 258.33639496254546
-65.821941181679691 -108.37597890577467 258.27090995581068
-65.614869389214761 -107.81324133142668 258.24975114718848
-65.326970153256539 -107.28722280151003 258.22929299187075
-65.039070917298304 -106.7612042715934 258.20883483655308
-64.583869800057045 -106.37188217907196 258.17390274332848
-64.574400257193446 -105.77196845478622 258.17018102711387
-64.257272096875624 -105.26339070712649 258.14228112534357
-63.826627641180792 -104.84802972923583 258.09732992040966
-63.690771727903424 -104.26379253134283 258.08283621744249
-63.554915814626099 -103.6795553334498 258.06834251447538
-63.042255414541934 -103.36783159676793 258.06558096153714
-62.72434616959741 -102.8591359750498 258.07832758554565
-62.406436924652894 -102.35044035333166 258.09107420955411
-62.049216896877695 -101.86918610660017 258.11914914070593
-61.691996869102489 -101.38793185986867 258.14722407185781
-61.505612071384164 -100.81766720644545 258.15490080525069
-61.319227273665831 -100.24740255302223 258.16257753864357
-60.912808449543476 -99.806070977040321 258.15549379384731
-60.618058048928205 -99.28346158995204 258.15677045525263
-60.420228723348558 -98.717028989104847 258.1525672852357
-60.222399397768903 -98.150596388257654 258.14836411521873
-59.727582614984897 -97.811261698936761 258.14547965707555
-59.356199835363441 -97.340024987552269 258.14876490351537
-58.984817055741999 -96.868788276167777 258.15205014995524
-58.818524308799681 -96.292422670175625 258.16427351052801
-58.652231561857356 -95.716057064183502 258.17649687110071
-58.191985386822047 -95.331539347249389 258.19437377601037
-57.9146818386847 -94.799513678432291 258.2015452410036
-57.7598937078238 -94.21983243558806 258.19833724487484
-57.334394444140571 -93.800125349240005 258.25121765972051
-56.927269860603339 -93.36597400673439 258.32712671899679
-56.745697686590617 -92.795375603248829 258.36519255097272
-56.41007724302635 -92.302235389950155 258.42978084627043
-56.074456799462084 -91.809095176651482 258.49436914156814
-55.802235697317315 -91.274854629951037 258.51633979946212
-55.460368650947544 -90.78180319059949 258.52155523422562
-55.118501604577759 -90.288751751247943 258.52677066898917
-54.862376655578501 -89.746207866582196 258.53356358529408
-54.548906400365773 -89.234647644085726 258.54008569049313
-54.344176242388528 -88.670827467462757 258.55395547230307
-53.98594010738325 -88.191807570480236 258.6009321672841
-53.588398843188223 -87.743876405274619 258.63724489920787
-53.41223383607727 -87.170431269273621 258.64849506660175
-53.072085195672059 -86.676914437171945 258.67569872192263
-52.788417945812263 -86.149147503840439 258.70724163616393
-52.515576516428098 -85.614957703866537 258.7213417076336
-52.242735087043933 -85.080767903892635 258.73544177910333
-51.958787054203505 -84.552361414419863 258.72278885338989
-51.674839021363063 -84.023954924947105 258.71013592767633
-51.41962730955445 -83.481625412375536 258.68282875005559
-51.164415597745844 -82.939295899803966 258.65552157243485
-50.720333143159309 -82.538940108314563 258.60546147106362
-50.276250688572773 -82.13858431682516 258.55540136969245
-50.184973498097932 -81.545630782955655 258.56403740875413
-49.926488112266505 -81.004652470090221 258.54106415646265
-49.742805848311015 -80.433556145932897 258.53058491783696
-49.475729729048247 -79.896488487004063 258.51546287259652
-49.208653609785486 -79.359420828075244 258.50034082735613
-48.877468412293879 -78.861106123063522 258.45563266555627
-48.546283214802294 -78.362791418051785 258.41092450375641
-48.479828285228599 -77.766483609561547 258.41006434741337
-48.092705338010546 -77.311703741432012 258.35252222995757
-47.7055823907925 -76.856923873302478 258.29498011250172
-47.488779829325573 -76.29758578198674 258.30670823872208
-47.224892733006385 -75.759237210583706 258.28337551353764
-46.961005636687197 -75.220888639180671 258.26004278835313
-46.697118540368017 -74.682540067777623 258.23671006316869
-46.342851737659771 -74.217946747482046 258.37326803340699
-45.988584934951525 -73.753353427186468 258.50982600364529
-45.670514916007491 -73.274812436466959 258.33711241631022
-45.330349992538956 -72.78062792909904 258.32877589910152
-44.990185069070421 -72.286443421731121 258.32043938189275
-44.876786218512478 -71.816544001797396 257.96500269858882
-44.35150861590602 -71.667309664130272 258.21362400230407
-44.07562751844597 -71.142180261216808 258.12346453103243
-43.820938402840142 -70.60319736329528 258.05541388709696
-43.639274705059087 -70.033164568478099 258.01001659927675
-43.203125376145962 -69.626199717475259 257.94556993189309
-42.895581843815663 -69.111082103742731 257.93715448512523
-42.588038311485349 -68.595964490010203 257.92873903835749
-42.247634200304752 -68.102178628584539 257.91140225239667
-42.010337933711412 -67.551303991380522 257.89631530617788
-41.734378722122997 -67.018646843779877 257.88523033213858
-41.396435700694838 -66.524308048641316 257.8474987818264
-41.112557296888426 -65.99687108412833 257.81252307143131
-40.746707170975185 -65.524044420520681 257.76164447523485
-40.380857045061944 -65.051217756913019 257.71076587903838
-40.047663150260988 -64.552971570612584 257.68369991693783
-39.714469255460031 -64.054725384312135 257.65663395483722
-39.412204233926886 -63.53667213176616 257.64061258522963
-39.057455288833225 -63.052843694820389 257.63266088367931
-38.702706343739564 -62.569015257874618 257.62470918212898
-38.369896419233122 -62.083556874757321 257.7411897058708
-38.092183498239415 -61.568179798877466 257.60980476316172
-37.736991840454586 -61.29600184353454 258.00950220731841
-37.633307349145376 -60.813050715785799 257.66890312559894
-37.289386322244056 -60.323932254180093 257.71871735821975
-36.945465295342736 -59.834813792574366 257.76853159084055
-36.607874806138447 -59.368125388347622 257.60050006118286
-36.294653863417906 -58.859271657107612 257.54608938902754
-35.981432920697365 -58.35041792586761 257.49167871687234
-35.671867414796786 -57.836700899969443 257.50792725092521
-35.362301908896214 -57.322983874071284 257.52417578497796
-35.101634322918827 -56.782861031728444 257.54205663507571
-34.744121477814708 -56.302568789263866 257.58083713808821
-34.404647044231396 -55.808657620273245 257.60927770927822
-34.065172610648098 -55.314746451282609 257.63771828046805
-33.825398687174456 -54.802355998209364 257.65788940872221
-33.585624763700807 -54.289965545136113 257.67806053697643
-33.345850840227165 -53.777575092062861 257.69823166523054
