44.989500993554756 46.682535564595426 138.5155548333947
99.200780984365181 74.552669006611509 113.46682679108849
44.989500993554756 46.682535564595426 138.5155548333947
45.466889390903944 46.920618586726789 138.24093365313146
45.944277788253125 47.158701608858152 137.96631247286822
46.366680407281663 47.537015681778975 137.77021430952169
46.82748941001482 47.844916704618605 137.54031863071413
47.305042308315407 48.115689053602928 137.2981914650548
47.80836333770803 48.342897439256788 137.06357626763628
48.246425591772855 48.696163316525215 136.85547849849542
48.684487845837687 49.049429193793642 136.64738072935455
49.105794042279271 49.366628210085601 136.36122365202931
49.650154824067343 49.576427668687167 136.22102548363335
50.032850507692601 49.884764624033934 135.87682737831889
50.415546191317866 50.193101579380695 135.5326292730044
50.819157811290985 50.59843823115866 135.35152195965648
51.315790178609781 50.793796296789694 135.07731124155043
51.787871167862235 51.062318965754024 134.82229140734395
52.236626316820228 51.377766525759377 134.5791625255336
52.685381465778235 51.693214085764723 134.33603364372325
53.172338349769078 51.931528320501492 134.0789746647792
53.659295233759927 52.169842555238233 133.82191568583511
54.103509952859852 52.480857130296883 133.56512157095693
54.54772467195977 52.79187170535554 133.30832745607879
55.002658922684532 53.070529478127568 133.03376476161498
55.487545300362356 53.290445207769309 132.75713816745127
55.972431678040188 53.510360937411043 132.48051157328754
56.460627643425958 53.842033620469429 132.37253967558311
56.928389972841387 54.085168455659868 132.0860368743808
57.417824556966892 54.327234170109136 131.83732423346748
57.87794812944194 54.62310996248037 131.5908616327722
58.355067067573302 54.887311313257882 131.34075132685953
58.832186005704692 55.151512664035337 131.09064102094686
59.310184721678183 55.425947867470811 130.85357025800249
59.769062273109341 55.724145288462992 130.60758308169818
60.246639146990276 55.99566570283033 130.36634255003756
60.734068953410031 56.261040239127269 130.13833259565226
61.225723041192325 56.514566445152909 129.9059520439161
61.721791264263629 56.787580244880211 129.70750864337748
62.217859487334934 57.060594044607512 129.50906524283883
62.618920539021374 57.396548665005596 129.21532296489207
63.098331828257301 57.653930887554942 128.96250048316091
63.577743117493227 57.911313110104302 128.70967800142975
64.015327337742391 58.255303833500491 128.48564578855334
64.489792880868592 58.530897008728232 128.24288901696119
64.961986196004602 58.816151182886429 128.00695782091836
65.440043695426311 59.068679341047769 127.74678373192735
65.918101194848063 59.321207499209109 127.4866096429364
66.393672488018041 59.606664636167217 127.25781679323975
66.877639283704227 59.854366582489703 127.00400606363738
67.361606079390427 60.102068528812211 126.750195334035
67.835056372238867 60.377382227547436 126.5051500576258
68.324690131405617 60.619342696511353 126.25672720573209
68.814323890572354 60.861303165475306 126.00830435383844
69.322065957332356 61.079797084006927 125.77494111507323
69.829808024092344 61.298291002538555 125.54157787630803
70.337550090852375 61.516784921070169 125.30821463754287
70.840849201783726 61.741593939734301 125.0712528050403
71.354484240028768 61.948532570607917 124.8402648171726
71.856142729007033 62.172770278144938 124.59931625221614
72.347537081419404 62.426530253647151 124.36664166131644
72.838658418413488 62.671963666864293 124.12464523153758
73.33827842499926 62.925648599691215 123.91011363974785
73.837898431585046 63.179333532518136 123.69558204795814
74.314694558006792 63.421585560751154 123.42359048807771
74.80200318065225 63.671582279471409 123.17857631109095
75.289311803297693 63.921578998191663 122.93356213410418
75.750750935279669 64.199631665027582 122.66943973455966
76.251296281580963 64.440966469480173 122.44313934026937
76.713622578951657 64.699519361785661 122.16135077300666
77.17610782226707 65.042122251599565 121.99184956473175
77.647410734667034 65.33463353642631 121.76313421104445
78.118713647067011 65.62714482125304 121.53441885735711
78.560160733278835 65.88511959392585 121.22045470854471
79.001607819490658 66.143094366598689 120.9064905597323
79.458232274898521 66.442850668323103 120.65821598129146
79.937987223113709 66.717907352934134 120.42545213119047
80.434313172481751 66.961051058106008 120.19191050616573
80.930639121849794 67.204194763277869 119.95836888114097
81.421408786699914 67.473402760750361 119.74233140716998
81.872132507676582 67.766145193807105 119.47559184273128
82.358669010152695 68.015166503168288 119.22806281566099
82.845205512628795 68.264187812529457 118.98053378859069
83.328810218370307 68.523062279006894 118.73740727997699
83.812414924111835 68.78193674548433 118.49428077136331
84.285564638645923 69.048252107267075 118.23892714261517
84.758714353179997 69.314567469049834 117.98357351386703
85.260724945902425 69.536253464315209 117.74100252570547
85.762735538624867 69.757939459580598 117.49843153754394
86.255174598953687 70.032305688325238 117.29293958055555
86.751471978027865 70.297933106100686 117.08525957080488
87.247769357102044 70.563560523876149 116.8775795610542
87.728244319138597 70.855305760588365 116.66774980217403
88.208719281175163 71.147050997300568 116.4579200432939
88.718130403135973 71.376728982190585 116.2394061259351
89.230324008774787 71.598085734146991 116.01881850455524
89.7425176144136 71.819442486103384 115.79823088317539
90.261042601745558 72.039458164401893 115.59153076509305
90.76931219658141 72.272668879057662 115.37410311842606
91.270204935870652 72.520313541525553 115.15551998806492
91.771097675159893 72.767958203993459 114.93693685770377
92.286161569003909 72.965691946832692 114.70111796066405
92.801225462847938 73.163425689671925 114.46529906362437
93.330245366185849 73.358832426383444 114.26047194354479
93.847076271540701 73.587701931798136 114.05921448464865
94.363907176895538 73.816571437212843 113.85795702575254
94.918364484265751 73.975534868185022 113.69270654340126
95.472821791635951 74.134498299157187 113.52745606104995
96.051849694237262 74.282881901648324 113.47540805896638
96.630877596838573 74.431265504139432 113.42336005688284
97.207308928896538 74.573502740826157 113.33678357092045
97.80669263137095 74.59989001049766 113.33023458570476
98.503736807868066 74.576279508554578 113.39853068839662
99.200780984365181 74.552669006611509 113.46682679108849
