55.506314197540554 -138.78214413808428 383.43267465860379
121.91809663793654 -151.32878602740013 366.10184360724799
55.506314197540554 -138.78214413808428 383.43267465860379
56.074303627942335 -138.84358204134782 383.2493351075122
56.642293058344116 -138.90501994461135 383.06599555642072
57.217969945919307 -139.01721052710531 382.93946732118678
57.786509261253478 -139.14411014390745 382.79573307274609
58.360990155470006 -139.23848467692153 382.65059469154193
58.932584957590493 -139.3521735614155 382.50792647598098
59.504179759710993 -139.46586244590947 382.36525826042003
60.075406026483641 -139.577168750374 382.21927381352435
60.646632293256289 -139.68847505483853 382.07328936662867
61.229538740545323 -139.77300518734188 381.95894457921861
61.812445187834342 -139.85753531984525 381.84459979180855
62.389758666209858 -139.9803880265726 381.73682057240273
62.964190461975519 -140.11654037851545 381.62962612723948
63.542563087662941 -140.22544734922053 381.51290261809379
64.120935713350349 -140.33435431992558 381.3961791089481
64.696666386258357 -140.49679235116702 381.34983174355045
65.264187726421042 -140.63644041707448 381.2141190096296
65.854673707433562 -140.69576125165264 381.12575982893719
66.427325309433996 -140.85899600171166 381.05210822271226
66.999976911434402 -141.02223075177073 380.97845661648739
67.572628513434793 -141.1854655018297 380.90480501026207
68.142846119119909 -141.33833999084305 380.79765430902478
68.713063724805011 -141.49121447985641 380.69050360778743
69.282560783156057 -141.61699823977159 380.54960809234746
69.866971320674125 -141.72385218730025 380.46566431631027
70.451381858192178 -141.83070613482897 380.38172054027302
71.00825735825849 -142.01712799935325 380.25868978861644
71.578220854944149 -142.17021781059077 380.15049957583767
72.148184351629808 -142.32330762182829 380.04230936305896
72.706638206782728 -142.51636123691304 379.93809999031561
73.284549974606819 -142.65330474232707 379.85286815978645
73.845615456920626 -142.82306200412651 379.72485254893246
74.42538654854684 -142.93102660840526 379.61435763711523
74.990714579596712 -143.11836923024242 379.54150875687367
75.5560426106466 -143.30571185207953 379.46865987663205
76.132193950093068 -143.3535215929914 379.30814862242232
76.703583918803105 -143.50753967171156 379.20919441541275
77.274973887513141 -143.66155775043171 379.11024020840313
77.857276480740282 -143.75494351712683 378.9997739760073
78.436061070565657 -143.87469433060156 378.89648728154566
79.009959119873912 -144.01111866947275 378.78680852898287
79.583857169182181 -144.14754300834397 378.67712977642014
80.143305294836111 -144.29392720392394 378.51716271110138
80.702753420490041 -144.44031139950391 378.35719564578255
81.270729974463706 -144.50635384822499 378.17542373072649
81.841953115906179 -144.65679080215961 378.070196141324
82.424140768035301 -144.7496800106189 377.95871012130277
83.001125821575727 -144.84986080195534 377.82812659616212
83.552637079304702 -145.08032216868548 377.77594526767109
84.113958193729459 -145.27729513519319 377.69771319645906
84.680698417662072 -145.39329808540074 377.53850002451674
85.26868522016899 -145.48112719095388 377.45752121064896
85.842482512343707 -145.57906315487523 377.3120385159263
86.410556206838237 -145.73226176402048 377.19446954136538
86.977651325807443 -145.91763243697662 377.13090194231449
87.551890356931452 -145.93126028447796 376.95751273588502
88.118435809474647 -146.07243395214388 376.81932356930395
88.69602364204593 -146.17328505874661 376.69196050573129
89.266495726554666 -146.3003224333406 376.55622876201403
89.836967811063388 -146.42735980793461 376.42049701829677
90.421778096546859 -146.50967169122023 376.31456456877009
91.006588382030344 -146.59198357450583 376.20863211924342
91.570526962733339 -146.72849812908743 376.05586741919109
92.101675336712916 -146.93694114737187 375.87030634313436
92.632823710692492 -147.14538416565625 375.68474526707763
93.222537765845075 -147.20338916175794 375.59054997216992
93.812251820997659 -147.26139415785966 375.49635467726227
94.383788514401061 -147.37056301949815 375.34997172831652
94.95878444920605 -147.4544900423052 375.20051962963447
95.533780384011024 -147.53841706511227 375.05106753095237
96.105380304355791 -147.64774064970192 374.905047378527
96.683771596764132 -147.73845502512393 374.77376746780948
97.264809658902067 -147.83491684653421 374.65935642220109
97.824218014213429 -147.97405197867957 374.49291211616827
98.402324435137672 -148.00702499681933 374.33573149980316
98.980430856061929 -148.03999801495908 374.17855088343811
99.554699251413695 -148.08044301500135 374.00949464406284
100.13433116946729 -148.1314147195977 373.8631091089029
100.70993119054268 -148.16170718637952 373.69647483213402
101.28553121161806 -148.19199965316133 373.52984055536513
101.85369683786807 -148.24698225436504 373.34500350628457
102.43306993555173 -148.25193886761662 373.18911173079425
103.01244303323537 -148.25689548086822 373.03321995530388
103.59089160911378 -148.35001990643519 372.90389444959413
104.15853820280613 -148.38756874808263 372.71319198720732
104.72618479649846 -148.42511758973006 372.5224895248204
105.28555300837634 -148.4915731333254 372.31587184826304
105.84492122025408 -148.55802867692086 372.10925417170529
106.41847000419268 -148.56333023996325 371.93314714211283
106.97299334971092 -148.65112126137305 371.72149507896415
107.52751669522915 -148.73891228278288 371.50984301581548
108.08231964540028 -148.82789430095656 371.29942465415672
108.6485943682389 -148.85600124441052 371.10310109977843
109.20405786102042 -148.90569307137417 370.88176192448412
109.73912002597476 -149.03372781241572 370.64235518957298
110.27418219092911 -149.16176255345724 370.4029484546619
110.82286824667487 -149.24077536767507 370.17338236958062
111.35690549430926 -149.28271368365833 369.90311325223354
111.8931059962712 -149.41468576351099 369.66843817508396
112.42930649823313 -149.54665784336365 369.43376309793445
112.96550700019509 -149.67862992321631 369.19908802078498
113.51328788792057 -149.75044025865219 368.96503808003024
114.06106877564605 -149.82225059408808 368.73098813927561
114.61047600799922 -149.91993623625953 368.51051317844883
115.15988324035243 -150.01762187843102 368.29003821762205
115.73327782234631 -150.11395490942078 368.14192137023326
116.29369534174305 -150.21950357186603 367.95539608023427
116.87273493733798 -150.31288438247341 367.82893197092432
117.4517745329329 -150.4062651930808 367.70246786161431
118.01717937852042 -150.56857132760351 367.58425585172341
118.58258422410795 -150.73087746212622 367.46604384183252
119.14876716825816 -150.84196678685956 367.30143510669461
119.7061266778456 -150.99352534936656 367.13901472865285
120.24335655529646 -151.07286429572935 366.88388850427725
120.78518690655582 -151.17057082398432 366.64540725807421
121.32701725781519 -151.26827735223932 366.40692601187129
121.91809663793654 -151.32878602740013 366.10184360724799
