-109.7961875871141 -163.65841522205309 227.64649107921213
-18.313256346535749 -192.85774752415961 168.75177587460203
-109.7961875871141 -163.65841522205309 227.64649107921213
-109.47334323524032 -163.51337402614797 227.16199693481653
-109.0992875359821 -163.71562486325053 226.73870397155852
-108.72523183672388 -163.91787570035308 226.31541100830049
-108.2595657710375 -164.1787739505325 226.04139053767557
-107.81796195585484 -164.51304755441259 225.81063692846192
-107.37635814067217 -164.84732115829269 225.57988331924827
-106.94719575270862 -165.02324772288165 225.19926607235925
-106.51803336474509 -165.19917428747058 224.81864882547023
-106.13379427409738 -165.46859335877593 224.44478563493766
-105.74955518344969 -165.73801243008137 224.07092244440514
-105.31472934176638 -165.82666229691986 223.66710603994153
-104.8836275781196 -165.96496018396488 223.2733739434349
-104.45252581447282 -166.10325807100992 222.87964184692828
-104.01961488157505 -166.19790272024247 222.47512915918014
-103.5867039486773 -166.29254736947505 222.070616471432
-103.15379301577957 -166.38719201870759 221.66610378368381
-102.72931754742464 -166.53303166959304 221.26791868477318
-102.28718571750105 -166.69046587501543 220.89410868499868
-101.85422727814904 -166.78012545964822 220.48851264374906
-101.42126883879705 -166.86978504428095 220.08291660249944
-101.05079503570467 -167.07107006760285 219.65602844313148
-100.64174402831011 -167.19490934662622 219.23490956879732
-100.24365739455877 -167.3068049267666 218.80016089292403
-99.78101633694331 -167.38599206191256 218.42640609437848
-99.360237119684797 -167.4976957729825 218.01352944057436
-98.940318990359643 -167.59431141527449 217.59599599002391
-98.520400861034474 -167.69092705756643 217.17846253947346
-98.046391207634173 -167.78364285317983 216.82248693676016
-97.572381554233885 -167.8763586487932 216.4665113340468
-97.098371900833513 -167.96907444440669 216.11053573133364
-96.659425037763995 -168.07931064797884 215.71661488798637
-96.184806656040649 -168.20586055461052 215.37205355402415
-95.712854076836692 -168.2993668913885 215.01356041885265
-95.258254523603256 -168.37718811215706 214.62978561014575
-94.826933685061107 -168.49427055960066 214.22946819266318
-94.342334443857069 -168.6076978204438 213.89435950593287
-93.87108893072336 -168.74464167381365 213.54914356282544
-93.388604388161269 -168.80849722732626 213.19824310047997
-92.927385588105636 -168.96343835197754 212.84714415948611
-92.443227286593753 -169.03372395800045 212.49979610254158
-91.952536059677882 -169.09369859039629 212.15975909970695
-91.461844832762011 -169.15367322279215 211.81972209687228
-90.990724992026628 -169.24889023117672 211.46058449513757
-90.519605151291231 -169.34410723956128 211.10144689340291
-90.005112999182103 -169.41618703602978 210.80127639458738
-89.496720968296742 -169.49587756598444 210.49275255050424
-88.988328937411382 -169.5755680959391 210.18422870642115
-88.495073405666545 -169.6879934540537 209.86164612899967
-87.972826335811163 -169.82030215658142 209.59753932245559
-87.451404546012 -169.93444606634529 209.32351289127337
-86.929982756212851 -170.04858997610913 209.04948646009112
-86.407076605744393 -170.16303066885243 208.77842837471698
-85.884170455275964 -170.27747136159567 208.50737028934276
-85.346666680819226 -170.38680126793531 208.2641899775893
-84.815083815376425 -170.49040593475902 208.00595417414607
-84.297137564473147 -170.57909061098141 207.71635667868287
-83.782442102856777 -170.71293539204186 207.43855430940857
-83.257329355555825 -170.80167890711292 207.16218283628791
-82.732216608254845 -170.89042242218403 206.88581136316733
-82.216502327528531 -171.01545832059031 206.60580278336187
-81.700788046802202 -171.14049421899657 206.32579420355643
-81.256696232040724 -171.28343885046496 205.94850215169708
-80.759261517762781 -171.34077538700868 205.61794016566665
-80.210381970015845 -171.48313568641669 205.42181574796814
-79.717542294515127 -171.62790956553289 205.11173579347579
-79.20702234254631 -171.68168364552037 204.80112715392556
-78.739449703714655 -171.78975635825461 204.44099368397551
-78.271877064883 -171.89782907098885 204.08086021402545
-77.770780138736853 -171.96415916642576 203.75759223069548
-77.224423264405445 -172.00188106126433 203.51249791309388
-76.685767353545486 -172.04304599768642 203.25143229355544
-76.215839683836265 -172.13720477086059 202.89045845700215
-75.745912014127043 -172.23136354403476 202.52948462044887
-75.23083149444237 -172.28624553848198 202.2266975254021
-74.715750974757697 -172.34112753292925 201.92391043035531
-74.200670455072952 -172.39600952737638 201.62112333530865
-73.680779152758817 -172.45052831420551 201.32660553336657
-73.160887850444681 -172.50504710103465 201.0320877314245
-72.640996548130516 -172.55956588786373 200.73756992948245
-72.119018562438271 -172.6399219905789 200.45282112929343
-71.597040576746025 -172.72027809329404 200.16807232910438
-71.101351504193445 -172.86088888514493 199.86062973516684
-70.605662431640866 -173.00149967699585 199.55318714122933
-70.081250016609687 -173.04849759594518 199.2654671131194
-69.577158956747397 -173.14696822782622 198.95531273539137
-69.073067896885121 -173.24543885970724 198.64515835766332
-68.587511324372855 -173.34360618893024 198.30663510829427
-68.081897712956788 -173.48017897634432 198.01388478858695
-67.546699194075217 -173.65663641877509 197.80791072129264
-67.011500675193645 -173.83309386120587 197.60193665399831
-66.627629194672295 -173.86548348831164 197.14194361220498
-66.128693648803335 -174.01267298977706 196.84294767289006
-65.629758102934389 -174.15986249124248 196.54395173357517
-65.140536740298771 -174.33449663614684 196.24367623711484
-64.663601404200534 -174.54255246672011 195.94493645646065
-64.151650588098875 -174.6707065488298 195.65948437093408
-63.656185383152888 -174.85861649299559 195.37805217026855
-63.160720178206908 -175.04652643716139 195.09661996960301
-62.665410644941446 -175.15681898497846 194.77645747936975
-62.193144885490312 -175.34674588650736 194.45882117079393
-61.690889714147815 -175.4738607577012 194.15619672964436
-61.192711208379798 -175.60738135041021 193.8496181463849
-60.706597919578925 -175.84595943703246 193.59121077993638
-60.220484630778074 -176.08453752365475 193.33280341348782
-59.720012365829028 -176.1806445066367 193.01611593372445
-59.219540100879989 -176.27675148961865 192.69942845396105
-58.752279814785936 -176.50611727981192 192.40100064136928
-58.285019528691905 -176.73548307000519 192.10257282877745
-57.809576708059218 -176.91165973415576 191.78176773636523
-57.334133887426525 -177.08783639830631 191.460962643953
-56.858865904850504 -177.2873395276529 191.15384890912657
-56.383597922274511 -177.4868426569995 190.84673517430014
-55.918286857909116 -177.74134345541569 190.5661733148383
-55.452975793543736 -177.99584425383188 190.28561145537648
-54.963877405151081 -178.16458229003794 189.98178544989139
-54.494560853109661 -178.41105698946788 189.70072994554948
-54.025244301068234 -178.65753168889779 189.41967444120758
-53.531341854188121 -178.8208874458372 189.12071747166081
-53.033587827052543 -178.97109082973321 188.8212514937326
-52.557688019727948 -179.16426256809279 188.51108371189903
-52.081788212403339 -179.35743430645235 188.20091593006549
-51.585415519686741 -179.5258417404784 187.90893461886554
-51.089042826970143 -179.69424917450445 187.6169533076656
-50.637186752825777 -179.91312378897658 187.28844152492636
-50.18533067868141 -180.1319984034487 186.95992974218711
-49.733474604537065 -180.35087301792075 186.63141795944779
-49.255864227975188 -180.57101183962374 186.34258024137819
-48.78122844983217 -180.77512454512424 186.03752470289405
-48.306592671689152 -180.97923725062472 185.73246916440991
-47.783157087119584 -181.01215127706965 185.44103845966265
-47.374240931360859 -181.34736191944558 185.15745178367553
-46.904970072890919 -181.5753392643274 184.86112225154699
-46.435699214420978 -181.80331660920919 184.56479271941842
-45.98051404905685 -182.00532641971159 184.23013094733616
-45.525328883692723 -182.20733623021397 183.89546917525394
-45.017551121777181 -182.4366031192333 183.67276210732962
-44.522312512010842 -182.59562222593632 183.37367743186115
-44.015923514812073 -182.76212429617641 183.09827364807853
-43.538561478406606 -182.99519209163074 182.81933837078128
-43.039800755195159 -183.15674364181695 182.52755276864502
-42.542487118459611 -183.38604466903135 182.28239937659163
-42.062567267554968 -183.58289196834389 181.98085654802327
-41.566087269280395 -183.78635314679278 181.71232133584903
-41.043841666803857 -183.93467559291236 181.45686100101983
-40.562174154986153 -184.11957073797535 181.15057650354817
-40.080506643168455 -184.30446588303832 180.8442920060765
-39.595586203718298 -184.51402054394651 180.55979418271903
-39.091211309698316 -184.63323074928491 180.25747829953474
-38.62108174074389 -184.86187081512799 179.96302642114713
-38.150952171789456 -185.0905108809711 179.66857454275953
-37.650169940186956 -185.25088825340305 179.3796173574828
-37.171112583209386 -185.4587043769879 179.08412369003148
-36.692055226231808 -185.66652050057272 178.78863002258015
-36.205232390703024 -185.82793667626137 178.4772647306259
-35.713658619039812 -185.95116196273472 178.15606268239711
-35.234799342017794 -186.17424882645417 177.8715876500203
-34.755940064995762 -186.39733569017358 177.58711261764353
-34.258649893570094 -186.56867167439538 177.29841473764753
-33.779565822066807 -186.75589343254595 176.98950299344403
-33.300882563862601 -186.90321768014746 176.65911246031143
-32.822199305658394 -187.05054192774895 176.3287219271788
-32.36399054939325 -187.33702851250592 176.06801102898652
-31.830685168245498 -187.50358805308531 175.84927993864764
-31.367259080841631 -187.80113208842698 175.61115432359094
-30.903832993437767 -188.09867612376866 175.37302870853424
-30.380863374061239 -188.17964250978071 175.09027931146093
-29.857893754684703 -188.26060889579279 174.80752991438763
-29.374366066838185 -188.49731072277265 174.5426276301578
-28.890838378991674 -188.73401254975255 174.27772534592793
-28.380265743447172 -188.94661060024677 174.04509333446092
-27.872677055256059 -189.0781472596189 173.75345686407073
-27.357976211741896 -189.24569074044351 173.49458967086349
-26.880698892531239 -189.51962181148596 173.25549109519937
-26.36481344245442 -189.65164686536167 172.97902846201333
-25.878537301228267 -189.88293816115234 172.71437803037628
-25.374777658114919 -190.09882645525602 172.47020910024941
-24.861149214928858 -190.287992961931 172.22444121157667
-24.347520771742793 -190.47715946860595 171.97867332290394
-23.855783441022638 -190.67002127433648 171.69407057965191
-23.364046110302475 -190.86288308006701 171.4094678363999
-22.846959902720148 -191.02444295323318 171.15155261523091
-22.331877529633374 -191.18842909766377 170.89117079295812
-21.816795156546601 -191.35241524209437 170.63078897068539
-21.346404788630839 -191.62633026426914 170.37839352223381
-20.901841935656883 -191.85911548089933 170.04949397423459
-20.456887286842289 -192.06246841372359 169.70212825167397
-19.902305909965616 -192.19893554009411 169.51823638170211
-19.377308180651131 -192.41436675609975 169.32338573278102
-18.852310451336642 -192.62979797210539 169.12853508385996
-18.313256346535749 -192.85774752415961 168.75177587460203
