-16.514715148358274 -58.225349998694 266.14440290996606
-36.715383235067023 -33.308850960651704 224.83872180595048
-16.514715148358274 -58.225349998694 266.14440290996606
-16.656627036425004 -57.978150050610601 265.61643207583518
-16.777686831702677 -57.840632289267184 265.04508857908172
-16.933735653559541 -57.501637158587336 264.57526832986673
-17.082947294670671 -57.336580184390947 264.01805016664332
-17.232158935781793 -57.171523210194565 263.46083200341997
-17.267109583851298 -56.74068557340528 263.04471016678394
-17.431340342604688 -56.517982089924473 262.51232739440604
-17.601921889338691 -56.294557230679231 261.98224884533516
-17.7725034360727 -56.071132371433997 261.45217029626428
-17.967623257013823 -56.019025547153639 260.88718079694655
-18.162285412752098 -55.774544728083754 260.37499355166386
-18.332257869790062 -55.591411762312859 259.82949224030301
-18.50223032682803 -55.408278796541957 259.2839909289421
-18.668386959391405 -55.159975128960426 258.76366673949792
-18.834543591954777 -54.911671461378901 258.24334255005374
-18.972910986756968 -54.745317933184367 257.68371681108806
-19.159721515074967 -54.504903559634059 257.16670350806777
-19.282517845137853 -54.310007468310324 256.6126849389658
-19.491567458008284 -54.121992661555382 256.08263900529624
-19.631026019743835 -53.825734538116009 255.57986427059404
-19.770484581479401 -53.529476414676637 255.0770895358919
-19.924841930571198 -53.260935203347699 254.56322240656823
-20.079199279663005 -52.992393992018755 254.04935527724456
-20.275345290378045 -52.685011942615986 253.57286496445158
-20.471491301093089 -52.377629893213211 253.09637465165866
-20.218726749882112 -52.071347608329958 252.64659554629935
-20.422510069437028 -51.657662733447786 252.2627502871585
-20.19556190688008 -51.557955102291679 251.71635032394357
-20.151397698605145 -51.233721587437287 251.21343666281214
-20.207803941104622 -50.917361126722696 250.70674701943707
-20.67849550296053 -51.015553045242235 250.34784898275385
-21.127836367120928 -50.995988469741832 249.95072177998242
-21.577177231281308 -50.976423894241435 249.55359457721093
-21.785205878116273 -50.668664635947607 249.0824169875163
-21.993234524951227 -50.360905377653793 248.61123939782163
-22.190419516751525 -50.01706035079355 248.16080774205997
-22.438162277523741 -49.968220015293113 247.61653010508309
-22.611774653599618 -49.729298188215822 247.09425134482248
-22.904932881528133 -49.38526156419853 246.69966668377674
-23.079245132646445 -49.312092486781644 246.13022702479606
-23.288009112583381 -49.026385762916441 245.64567644062646
-23.496773092520325 -48.740679039051237 245.16112585645683
-23.663990814751848 -48.2430605982657 244.87058477371315
-23.908416120477103 -48.061438790998359 244.35360335330614
-24.15284142620235 -47.879816983731025 243.83662193289911
-24.400432677280129 -47.599223394529233 243.3676168049009
-24.663117394084626 -47.54051825536844 242.83137950090813
-24.915664326106743 -47.291759336670786 242.34729371564421
-25.175274975600047 -47.009859906496054 241.88562822859021
-25.467689896766291 -46.781003353964294 241.41433406117181
-25.755943477171435 -46.644058687947179 240.90624348673344
-26.044197057576575 -46.507114021930072 240.3981529122951
-26.276007398090133 -46.175942283907844 239.95476905380866
-26.507817738603688 -45.844770545885609 239.51138519532225
-26.829808157595203 -45.630066303797435 239.05288300502539
-27.160182497057427 -45.336081676935962 238.64738844896573
-27.511659423667197 -45.022182499909974 238.27599744648538
-27.863136350276996 -44.708283322883972 237.90460644400505
-28.131429240329538 -44.425468022602992 237.4484985279652
-28.399722130382077 -44.142652722322019 236.99239061192534
-28.70707857998546 -43.85788685421015 236.562925347619
-28.98630013563842 -43.603823200552647 236.09657035113142
-29.21356796784368 -43.230475735303784 235.68552168900374
-29.440835800048927 -42.85712827005495 235.27447302687602
-29.703759488671192 -42.548167407919507 234.83241610788278
-29.938835829124706 -42.318934214384463 234.33022963142139
-30.173912169578216 -42.089701020849418 233.82804315496
-30.400970251802335 -41.756804928517674 233.38349302392081
-30.62802833402646 -41.423908836185923 232.93894289288164
-30.827742163516241 -41.082010611547318 232.48814361349059
-31.027455993006022 -40.74011238690872 232.03734433409954
-31.24915936643368 -40.399286173196622 231.59611298179388
-31.470862739861342 -40.058459959484523 231.15488162948822
-31.724371910111824 -39.759422241718809 230.70066852537039
-31.907961876022732 -39.293529763869863 230.37015540384476
-32.189250422223324 -38.976684459449729 229.94531919206042
-32.470538968423924 -38.659839155029594 229.52048298027609
-32.743213463718696 -38.316516589741994 229.11087556361949
-33.059533796003919 -38.007711883050838 228.70518960070194
-33.351342987187472 -37.645309048111919 228.32636037642138
-33.68574869661969 -37.412108099795127 227.88614436217009
-34.003316425464277 -37.02987731063935 227.54991473614368
-34.294560378621249 -36.659229858335614 227.1787039794969
-34.588922740821189 -36.257509816269611 226.84408209210375
-34.97377260510212 -36.012515735882282 226.45437902239797
-35.258523159038148 -35.562895415777461 226.177325435917
-35.598409884907298 -35.253314056751343 225.7917915259668
-35.892801888367735 -34.817983411245841 225.50227368993191
-36.105587511239221 -34.266228860000794 225.40083802618602
-36.409037324618538 -33.918443228278235 225.01748001449536
-36.715383235067023 -33.308850960651704 224.83872180595048
