-155.55278451257271 86.925753779492126 128.62000000000396
-172.61972511523609 46.732369255781137 78.91663244808754
-155.55278451257271 86.925753779492126 128.62000000000396
-155.89462177517751 87.112970630756138 128.16382334946425
-156.23645903778231 87.300187482020149 127.70764669892451
-156.56361057153399 87.341800956756373 127.20640804051486
-156.89076210528566 87.383414431492582 126.70516938210521
-157.08998632734659 87.201590360209906 126.16921255880095
-157.24026196402173 86.972913894494155 125.63524223467269
-157.31679259333572 86.741157081006435 125.08712560276044
-157.39332322264974 86.509400267518714 124.5390089708482
-157.6196895630797 86.523409198003435 123.98352537092197
-157.61147083817633 86.110933484543324 123.54786926988979
-157.78260271952061 85.976166600530064 122.98880597637023
-157.91497261301441 85.825746284305751 122.42325143455892
-157.97413409297786 85.510892705643073 121.91593778079842
-158.03329557294137 85.196039126980409 121.40862412703791
-158.22380995717276 84.943363271574597 120.89886027828452
-158.38441521615755 84.672976951466325 120.38788357755861
-158.54502047514231 84.402590631358052 119.87690687683269
-158.64888585560777 84.166312799877304 119.33525683382382
-158.79507935552647 83.83997796863467 118.85345496738974
-158.8521452773779 83.523024639446788 118.34720990056937
-158.90921119922933 83.20607131025892 117.84096483374898
-159.19980626877151 82.967007386696508 117.37362882399933
-159.24222813947776 82.645617884351012 116.86874351755053
-159.28465001018404 82.324228382005501 116.36385821110173
-159.40841072945685 81.926768483724118 115.93175994262194
-159.52469137309581 81.556685921164231 115.47402889844425
-159.64097201673479 81.186603358604344 115.01629785426653
-159.75725266037378 80.816520796044401 114.55856681008886
-159.89056980224834 80.516162862922116 114.05655918893865
-160.06246762017707 80.146354211316122 113.61645385905874
-160.23436543810578 79.776545559710144 113.17634852917884
-160.26508408298525 79.529902394370367 112.6302500821494
-160.41219745462857 79.014109528476723 112.36133489965323
-160.59078464052465 78.751076271936356 111.85249295662231
-160.76937182642075 78.488043015396016 111.34365101359137
-161.01551098239347 78.1277708508579 110.93180215374585
-161.08918262499259 77.690703296676389 110.52739587021583
-161.2411335007227 77.307652541462829 110.09129605332161
-161.39308437645278 76.924601786249241 109.6551962364274
-161.51850597557876 76.537577725472062 109.21419533070018
-161.64392757470472 76.150553664694897 108.77319442497294
-161.80263056773509 75.768592097948215 108.33854661175906
-161.96133356076547 75.386630531201533 107.90389879854517
-162.02909249714449 75.026898164440354 107.428502804825
-162.09685143352351 74.667165797679175 106.95310681110485
-162.24040228493143 74.173390822256437 106.64394758561362
-162.38395313633936 73.679615846833713 106.33478836012236
-162.52400781819716 73.41522643976262 105.81470862823667
-162.6691852430958 72.93258728212632 105.48915838815699
-162.90374473993842 72.503647644696926 105.14131843949831
-162.97729918631893 72.081821629526317 104.72101788472477
-163.05085363269944 71.659995614355708 104.30071732995125
-163.2106511239752 71.248218466991929 103.89463317279792
-163.37044861525095 70.836441319628165 103.48854901564457
-163.51760697558441 70.287124723207427 103.29724900550161
-163.6443452964607 69.845374527411309 102.91151054159691
-163.77108361733696 69.403624331615191 102.52577207769221
-163.94061794617622 69.034759278340374 102.08396138993376
-164.03327378094843 68.545021019594046 101.74993843532917
-164.20346575538369 68.195777653753638 101.29270352496658
-164.35939008989567 67.812610985177216 100.85811072014918
-164.45486906860825 67.387893705272532 100.44519547851434
-164.57251825671398 67.082225218811146 99.942477421426204
-164.75906642350395 66.606001557396297 99.628772455294126
-164.85516406311689 66.217212650835393 99.18199686308256
-165.02049659789617 65.838002924999657 98.74741069582106
-165.18582913267545 65.458793199163921 98.31282452855956
-165.29308072401329 65.045110791298868 97.891678518750041
-165.41932390590944 64.599375258381755 97.51038795537373
-165.43147284248948 64.15142176304866 97.111401653154189
-165.62336296499163 63.793091092273244 96.670065827203302
-165.8152530874938 63.434760421497842 96.228730001252416
-165.93692446096716 63.018774998023389 95.813817716144001
-166.08513907577992 62.541374843956774 95.48197208809826
-166.24163341690596 62.163727405486249 95.042777446268261
-166.31111741291355 61.598314116061395 94.85441665830912
-166.46103929430768 61.276631267435732 94.370636156036326
-166.61096117570187 60.954948418810076 93.886855653763533
-166.75629391551325 60.630405146251846 93.403585481938165
-166.89661752991964 60.168345275461249 93.047481622025217
-166.82592625629951 59.875736798846219 92.528460405457921
-167.18226228518245 59.522482267996466 92.199468200452898
-167.34085422070581 59.219377421455121 91.706542191816595
-167.49944615622914 58.916272574913783 91.213616183180307
-167.67294048302216 58.444984519592573 90.885306439977029
-167.91148112691761 57.983431989984446 90.58519375510302
-167.99922137995938 57.640952417293668 90.100416084117953
-168.19710167538804 57.257163318885262 89.683823577435547
-168.33762770981102 56.875797553730322 89.24244778877339
-168.5351923364903 56.51549393952795 88.805241288504021
-168.73275696316955 56.155190325325563 88.368034788234667
-168.84983733035455 55.703903830152626 87.990367359278508
-168.96691769753954 55.252617334979696 87.61269993032235
-169.16293820017557 54.990471608723034 87.109852457671153
-169.35895870281155 54.728325882466365 86.607004985019955
-169.49156461154109 54.230984142762566 86.298675831486889
-169.65759668970608 53.868030511881727 85.850682515855254
-169.7807908776152 53.513754695421596 85.382375097659761
-169.9039850655243 53.159478878961465 84.914067679464267
-170.05373374862396 52.720243192779435 84.533742366220295
-170.20348243172356 52.28100750659739 84.153417052976323
-170.38981608441355 51.910500315693639 83.719822551899782
-170.50760318150887 51.417411514159781 83.39890257190514
-170.64275636911111 51.075961844164688 82.924407325626319
-170.77790955671338 50.734512174169595 82.449912079347513
-170.93579291221974 50.481455772841471 81.929301568695919
-170.85338969107096 50.197836970050155 81.407027613910188
-171.20434483423188 49.729357694370194 81.275279157572839
-171.20537183803168 49.13687513987712 81.180604092827423
-171.50553920677595 48.762806316023806 80.820087705180271
-171.70082580799439 48.340082953260463 80.441712095555914
-171.89611240921286 47.917359590497121 80.063336485931586
-172.14171353798503 47.543850082561292 79.663123126550175
-172.18217729563472 47.281768220140734 79.124907759148755
-172.61972511523609 46.732369255781137 78.91663244808754
