-3.6616103655263301 -195.41683230036796 416.60022833319806
-69.305961575071294 -119.92244420600953 408.56329543542779
-3.6616103655263301 -195.41683230036796 416.60022833319806
-4.2350558130181133 -195.25228142141515 416.53632741781496
-4.6040601980378408 -194.78304904236381 416.47585644720903
-5.0411280958874176 -194.37975407385915 416.39632770367444
-5.4720542320015673 -193.97049193798497 416.31382213202357
-5.8351347813622363 -193.49755006342053 416.2467512891825
-6.2715660017670194 -193.09285725033075 416.17091253332853
-6.6689356221410332 -192.65212292037319 416.082308723023
-7.0663052425150514 -192.21138859041559 415.99370491271748
-7.4636748628891523 -191.77065426045795 415.90510110241269
-7.9037623463044966 -191.36953733738511 415.83142464100382
-8.3438498297198453 -190.96842041431228 415.75774817959501
-8.7268940505896797 -190.5089633079636 415.71109743164925
-9.1069228995857223 -190.04673828729136 415.66721002804286
-9.5571180624632603 -189.65840753685734 415.58644157139668
-10.007313225340797 -189.27007678642329 415.50567311475061
-10.421929877303464 -188.83897291936631 415.45831820239954
-10.881794588615662 -188.45975013894522 415.38965576653072
-11.213420516860186 -187.96094721485628 415.35472889097247
-11.660118963258308 -187.56826950048372 415.27557896601576
-12.038951573892025 -187.10524021851296 415.22986532299655
-12.417784184525754 -186.6422109365422 415.18415167997745
-12.898060287727954 -186.28776436897863 415.12330354578
-13.317387113946651 -185.86181208712995 415.07105733633614
-13.736713940165339 -185.43585980528124 415.01881112689233
-14.147030292502313 -185.00158979536451 414.96358387373039
-14.557346644839289 -184.56731978544781 414.90835662056833
-14.949415094566955 -184.11728267574995 414.84712810904841
-15.353478234146886 -183.67594699735818 414.80290370163237
-15.680997661156209 -183.17483994021899 414.76262042697937
-16.099217761884063 -182.749245714083 414.6996799628335
-16.517437862611903 -182.32365148794702 414.63673949868752
-16.907526680413618 -181.87331563205905 414.56582877222309
-17.324590722033992 -181.44541580967606 414.51142907376908
-17.741654763654363 -181.01751598729305 414.45702937531513
-18.071457507330457 -180.51931487124142 414.40202211916983
-18.499587641684897 -180.10837309816102 414.31352665490658
-18.842116227229326 -179.61914501440825 414.25582006817223
-19.176788453858613 -179.12339349458861 414.20865089052893
-19.602054386945873 -178.70600290810677 414.13840856374691
-19.984768190678263 -178.25012929619012 414.06284802913541
-20.367481994410653 -177.79425568427354 413.98728749452386
-20.681945565656441 -177.28455334500387 413.95100819322943
-21.125361308247609 -176.88313420518872 413.90362514338693
-21.568777050838762 -176.48171506537355 413.85624209354438
-21.861567375134531 -175.96202487152667 413.79146610711302
-22.256539171578364 -175.51587317906012 413.72113867773317
-22.651510968022205 -175.06972148659361 413.65081124835325
-23.053734497358683 -174.62631080427494 413.61077127765145
-23.358357997943699 -174.11173058269523 413.56166202750126
-23.735687682664341 -173.6504170548279 413.49229245178384
-24.183279821837274 -173.25882697377057 413.41280355087247
-24.630871961010211 -172.86723689271321 413.33331464996115
-24.979590496092428 -172.37940532029967 413.31292494062944
-25.328724196550464 -171.89235976576998 413.28305376694379
-25.677857897008494 -171.40531421124032 413.25318259325803
-26.117437390902989 -171.00662273407224 413.16478024837397
-26.441084257837076 -170.50427969713718 413.11088981539552
-26.764731124771156 -170.00193666020212 413.05699938241708
-27.242858147213905 -169.64333223897256 413.00410874539449
-27.597661051274912 -169.16267090787377 412.94861474521224
-27.952463955335919 -168.68200957677499 412.89312074502993
-28.324158206606675 -168.21613013477409 412.82384066785636
-28.695852457877436 -167.75025069277316 412.75456059068267
-29.113759670349037 -167.32158150297823 412.71460702407387
-29.496849895873812 -166.86046331181913 412.68987055525696
-29.879940121398562 -166.39934512066 412.66513408644033
-30.217124011909981 -165.90350974934373 412.643819571873
-30.654686447817568 -165.49372596079306 412.61899294657496
-31.092248883725141 -165.08394217224242 412.59416632127687
-31.342559061291542 -164.54084538593398 412.54527158016765
-31.756792790937158 -164.11191579271912 412.4787146775322
-32.144050707616842 -163.65660390030388 412.42653818288028
-32.481184947154773 -163.161780163635 412.38793799945807
-32.818319186692705 -162.66695642696612 412.34933781603593
-33.240118874175778 -162.24521717973232 412.2843683541185
-33.661918561658851 -161.82347793249852 412.21939889220118
-34.104762019354496 -161.42142715057301 412.17201914199859
-34.547605477050148 -161.0193763686475 412.12463939179605
-34.81636809872402 -160.48307158804343 412.11264624824634
-35.085130720397878 -159.94676680743936 412.10065310469673
-35.607128350701672 -159.65943017821695 412.03025327895591
-35.970829044574124 -159.18701106328393 411.9628590275496
-36.346115409768217 -158.72413583684749 411.89281140909753
-36.781061849419508 -158.31348782376219 411.84601606762243
-37.093143094432158 -157.80194044861932 411.81560916880318
-37.448932067634658 -157.31992436625495 411.78282650738583
-37.838481602746626 -156.86546331999574 411.741398049449
-38.228031137858608 -156.41100227373653 411.69996959151212
-38.61293654783826 -155.95295023849954 411.65484577979743
-39.085887443222383 -155.58645213011192 411.61016259388072
-39.45721605799104 -155.11734627514289 411.56483316979683
-39.798178992088751 -154.62441457008407 411.53721774441073
-40.133765170876664 -154.12754761252091 411.51474235590575
-40.555577894888202 -153.70401056530375 411.46287333339188
-40.977390618899747 -153.28047351808658 411.41100431087807
-41.384937796454452 -152.84700832759583 411.33345931297362
-41.695857237392737 -152.33480565850351 411.30219388444118
-42.169347470508029 -151.97159378203349 411.23987108014319
-42.642837703623329 -151.6083819055635 411.17754827584514
-42.903220343105247 -151.06849262940105 411.15070706608839
-43.155160262703845 -150.52462352835107 411.12363904370494
-43.407100182302457 -149.98075442730112 411.09657102132132
-43.958873048871226 -149.76520529378095 411.00125431367161
-44.27704774452576 -149.25826632916142 410.95909095048017
-44.631537994895993 -148.77487123947341 410.93328688766087
-44.996256388719068 -148.29909464282011 410.9084449214721
-45.491031082385192 -147.96112474384478 410.87723034324034
-45.713905489207214 -147.40435031160959 410.8590856362178
-46.120713768157806 -146.9649980459173 410.8206589422627
-46.544521736527109 -146.54370205863975 410.76683982808856
-46.968905361379051 -146.12109208236237 410.73079337322332
-47.434735983430024 -145.74699788866766 410.67551800978242
-47.900566605480989 -145.37290369497296 410.62024264634164
-47.834592602221292 -144.77745969872004 410.65331647618069
-48.334496474214134 -144.44724967162844 410.62079791571523
-48.834400346206984 -144.11703964453687 410.58827935524988
-49.102495937044282 -143.58167477052922 410.54943085653548
-49.370591527881572 -143.04630989652156 410.51058235782114
-49.832279109317504 -142.66947123964638 410.4410323482428
-50.293966690753415 -142.2926325827712 410.37148233866435
-50.659933879814432 -141.81818641638012 410.34035595552115
-51.042832481737399 -141.35746814538595 410.30678013955787
-51.425731083660388 -140.89674987439182 410.27320432359454
-51.816149902061866 -140.44246923078555 410.23853094644909
-52.268261607032571 -140.05253736423532 410.17896463317459
-52.721317464269205 -139.66374834421845 410.1191023901668
-53.174373321505847 -139.2749593242016 410.05924014715913
-53.478650661423458 -138.7586891058281 410.02956925176943
-53.784511668301221 -138.24313382311809 410.00403897677069
-54.090372675178983 -137.72757854040808 409.97850870177189
-54.584503144913455 -137.39942393779995 409.8882333692215
-54.979567413874847 -136.95343190956788 409.81741434534058
-55.392176560566114 -136.52214946470599 409.75618408467926
-55.749970743751362 -136.04099633422862 409.73438987648876
-56.1665777460409 -135.60959190937348 409.71625626519096
-56.492311668648597 -135.10597071738795 409.70003570275594
-56.818045591256293 -134.60234952540245 409.68381514032109
-57.357910459183792 -134.35226016858206 409.60634748266449
-57.702218245585911 -133.86427811621576 409.54867890550804
-58.046526031988051 -133.37629606384948 409.49101032835165
-58.515470623814714 -133.00373527999534 409.4551016646268
-58.919277982268433 -132.56077260179276 409.4282003081882
-59.323085340722137 -132.11780992359019 409.4012989517496
-59.62912511194817 -131.6045691050528 409.34722936126656
-60.13909180885954 -131.30389515004765 409.24961204301383
-60.323008045649338 -130.73280567968101 409.24398757135839
-60.740933135396347 -130.30347577427636 409.21213711319501
-61.158858225143355 -129.87414586887175 409.18028665503164
-61.56832598002778 -129.43610345589104 409.15895587586289
-61.824566132283813 -128.89433158789467 409.13024651468049
-62.260839735190963 -128.48274961885951 409.11394847272544
-62.640979956821262 -128.01864311085859 409.10402067689608
-63.021120178451568 -127.55453660285764 409.09409288106673
-63.351338600070804 -127.05374776866908 409.1069900736054
-63.832519806920651 -126.7152849923589 408.98905960584187
-64.176488888739414 -126.23203479478207 408.89875723989991
-64.444125076841772 -125.69592634810492 408.86779590563498
-64.903021726755043 -125.30974782309656 408.85106236085983
-65.23632508368415 -124.81157421844746 408.82400812106795
-65.616888502228591 -124.34795695661974 408.80882526886074
-65.997451920773045 -123.88433969479203 408.7936424166536
-66.340291572830296 -123.39285737302751 408.7635409155248
-66.815054117080805 -123.02970458338982 408.71138175568541
-67.136224618247411 -122.52416337654158 408.67563826174847
-67.605324634535776 -122.15319845906865 408.62736606765554
-68.074424650824156 -121.7822335415957 408.57909387356261
-68.198528853932345 -121.19541929221316 408.59481594379815
-68.567673094311999 -120.7710942634786 408.5843091076747
-68.936817334691654 -120.34676923474407 408.57380227155124
-69.305961575071294 -119.92244420600953 408.56329543542779
