12.198553811962341 160.29756475367537 149.24174197193557
-121.28378051571163 80.068941761989336 123.41375990223462
12.198553811962341 160.29756475367537 149.24174197193557
11.762021073175669 160.50516590436703 148.88629727834891
11.350408546180571 160.71294283488311 148.50236515574645
10.938796019185475 160.92071976539916 148.11843303314399
10.51819781403548 161.15968977440954 147.76348164968678
10.080291262599383 161.31247996813138 147.38283350649971
9.622405747382512 160.96688649571041 147.20703246334412
9.1645202321656427 160.62129302328941 147.03123142018859
8.7272728262635617 160.21612242956479 147.09943329708904
8.2163408468111321 160.39382945020139 146.83987843354515
7.724423403408716 160.05174492833024 146.80832833413785
7.2425741021127212 159.69423873143552 146.80507717704364
6.7607248008167229 159.33673253454083 146.80182601994949
6.3564216276027805 158.89916391392958 146.73060350675661
5.8066615490460087 158.65919302284183 146.71726831062759
5.3311226102785616 158.29653980233149 146.66883940015649
4.8555836715111127 157.93388658182116 146.62041048968538
4.3593053968619966 157.60060360591555 146.56912372645348
3.8630271222128449 157.26732063001003 146.5178369632215
3.3788016035868038 156.91363487447717 146.49705154899669
2.9467421691333704 156.49806553217002 146.47201623725147
2.4543832948072888 156.15635722716644 146.44341251085206
1.9368388358875759 155.85537917869866 146.40391634164502
1.419294376967857 155.5544011302309 146.36442017243795
0.90224367858390653 155.27169121563949 146.47726377878053
-0.64890841656795062 154.42356147186533 146.81579459780824
-1.1659591149519 154.14085155727395 146.92863820415081
-1.6535854123588727 153.79134488099422 146.93674235821268
-2.1412117097658236 153.44183820471443 146.94484651227458
-2.6567841469305606 153.13975894827965 146.8906876268741
-3.1317459227220281 152.77541306944786 146.84990292244572
-3.6056035774798199 152.40829995242706 146.8236944822267
-4.1065474945694982 152.07895906888649 146.7994092118025
-4.6279858202085364 151.79498211686342 146.71304276418277
-5.0861083223699488 151.41428556186952 146.64097400514567
-5.591383975608359 151.09416741034195 146.59384775654607
-6.0239723660922033 150.68124700454246 146.54522653799913
-6.4565607565760645 150.26832659874299 146.49660531945221
-6.9833019751128891 149.99103973731073 146.42140102987113
-7.5100431936497145 149.71375287587847 146.34619674029005
-7.9970134774600989 149.36760882951032 146.29102209167752
-8.4839837612704887 149.02146478314219 146.23584744306498
-8.9514357716005843 148.65156431145169 146.1675667057996
-9.4408110615683736 148.30994298612484 146.10586828077217
-9.9449853995754491 147.98698544955289 146.06705247900908
-10.449159737582551 147.664027912981 146.02823667724596
-10.88821061250635 147.26231466605509 145.95168083832496
-11.40226542426503 146.9591649721595 145.88964928507374
-11.916320236023726 146.65601527826394 145.82761773182253
-12.455671214725601 146.40137923141808 145.76234135462494
-12.837125970468495 145.93927366679526 145.7315076641911
-13.392269978074514 145.71926694598045 145.67309385062416
-13.947413985680544 145.49926022516564 145.61468003705716
-14.3801911782594 145.08749091524527 145.55855573758498
-14.812968370838254 144.67572160532487 145.50243143811281
-15.257059170098909 144.27844530597645 145.43204035921732
-15.724984529903693 143.91008641382675 145.35884483868628
-16.222418934091586 143.5849377052123 145.27615668465813
-16.759122163722189 143.31865236393247 145.24388037254576
-17.191598706363731 142.90456299547989 145.20522762362222
-17.696652380240135 142.58538645390797 145.15002688255703
-18.21092487677495 142.27944124157102 145.10619394567223
-18.718231521738804 141.96260622769091 145.05870139936121
-19.170230329982576 141.57387301953071 144.99099932982355
-19.622229138226352 141.18513981137048 144.92329726028592
-20.129173877368011 140.87318576273555 144.84785388418925
-20.623341610454986 140.5386921847597 144.78530551995325
-21.117509343541947 140.20419860678385 144.7227571557172
-21.619531549888293 139.89033945637169 144.62546307553907
-22.167038844719826 139.64794866629765 144.58696025754432
-22.714546139551359 139.40555787622361 144.54845743954957
-23.124998110047812 139.03124134572255 144.50758445734624
-23.535450080544265 138.65692481522143 144.46671147514294
-23.535450080544265 138.65692481522143 144.46671147514294
-23.999869661322258 138.28414782139606 144.39355571074597
-24.142524277405485 137.93092389494424 143.93000148706537
-24.252168577368895 137.59124596553573 143.44771834226526
-24.792546538321211 137.35274696530908 143.55312178721798
-25.313649693074758 137.21701292853101 143.81774939984717
-25.801680576030538 137.04105808771084 144.11918886520192
-26.292324208808651 136.70229653434339 144.0520365340854
-26.782967841586771 136.36353498097597 143.98488420296889
-27.291857311740642 136.05311147839831 143.91655590565409
-27.756668629991402 135.68167180541087 143.83920600095502
-28.221479948242159 135.31023213242341 143.76185609625594
-28.673108531034806 134.92534526655501 143.67300946611888
-29.180413027038618 134.61204161295515 143.60605448889316
-29.698254677914509 134.31773811263301 143.53376704657938
-30.11021859610279 133.89174148243112 143.43989159096083
-30.601211813221152 133.55764540653269 143.35441953229238
-31.107533422000348 133.249150057528 143.26239210091597
-31.613855030779536 132.94065470852331 143.17036466953959
-32.072344273588115 132.56523097187122 143.07631876485999
-32.530833516396697 132.18980723521912 142.98227286018044
-32.99936904990777 131.83063704120121 142.87516905274757
-33.468692179561316 131.4686415331515 142.78192178938804
-33.939162469298154 131.10866749890417 142.68665164116396
-34.427530511535679 130.77223232567056 142.59550324824144
-34.903687952940047 130.42518695173789 142.48221777067627
-35.375282964841048 130.06552201719566 142.39144729303712
-35.870036027758765 129.73996574175908 142.29536129896209
-36.319699821854094 129.35581203569745 142.1942257345008
-36.801802741350556 129.01225801084396 142.09651490081305
-37.299609260859903 128.68869761952897 142.00992770599728
-37.77603118200367 128.34831953214021 141.87891278059087
-38.182205190387137 127.91155904692957 141.81362148352702
-38.687130044284388 127.60247992713023 141.71604592500495
-39.192054898181638 127.29340080733088 141.61847036648285
-39.595474475642121 126.8560399084995 141.54121696076507
-39.998894053102589 126.41867900966808 141.46396355504726
-40.539361674319693 126.17070661689561 141.38393579212325
-41.002781340945248 125.80062102879003 141.29294749583624
-41.440416620318203 125.39549286236256 141.22701926959536
-41.869101229851985 124.98024675685565 141.16537369059569
-42.353994739266895 124.63205724690417 141.10502180837943
-42.825986284368618 124.27182478948694 141.01867044489492
-43.297977829470341 123.9115923320697 140.93231908141041
-43.764478225644517 123.53535184829472 140.90367508137359
-44.203696562517486 123.13020212098498 140.84944454555313
-44.713102011543498 122.82878525974931 140.75118995652315
-45.22250746056951 122.52736839851366 140.65293536749317
-45.632582180780595 122.09441227345272 140.5866955183387
-46.042656900991574 121.66145614839165 140.52045566918437
-46.54631234281554 121.35326975419237 140.41390829778769
-47.021222007892412 120.99414359614966 140.33981907707337
-47.496131672969277 120.63501743810693 140.26572985635906
-48.023155229646889 120.3699703868115 140.15620254786262
-48.537534008333225 120.07859024222054 140.05367409632203
-48.997603555766617 119.69569173842669 140.01214401906628
-49.44456464488573 119.29807083805431 139.96606360673621
-49.891525734004837 118.9004499376819 139.9199831944062
-50.373570267575225 118.55423186342227 139.83185764356617
-50.836487844810684 118.196366652611 139.69904270623812
-51.318655231474239 117.84645585276107 139.6277893316765
-51.804504520667948 117.50651534758565 139.53618736045834
-52.308868055904419 117.214826113702 139.39288762158861
-52.871408175446462 117.03033677415183 139.2953566137092
-53.251737305225539 116.56800880051215 139.33538907343512
-53.792943205169912 116.31988138811857 139.26103208933637
-54.339094494922712 116.08381883773416 139.18361606381603
-54.818584599767043 115.72445139591989 139.15288690632275
-55.327556836392887 115.4094721463013 139.11122955818587
-55.853912558594708 115.12540054481515 139.0637640029432
-56.380268280796543 114.84132894332902 139.01629844770054
-56.907126353357114 114.57250408988664 138.91553253307936
-57.423586116928291 114.27422823124394 138.84995185937922
-57.944129370606184 113.97672907106335 138.82695249542545
-58.464672624284084 113.67922991088275 138.8039531314717
-59.007466246559282 113.43017858026967 138.7460867479902
-59.53444292554741 113.15524238332239 138.6641986083678
-60.059581290452364 112.87524130581782 138.58785010280789
-60.584719655357318 112.59524022831326 138.51150159724799
-61.123508842202362 112.33129220691322 138.50536530049402
-61.636418344560525 112.02667909461425 138.44106371259576
-62.171087555740407 111.76736060545591 138.35810133680462
-62.705756766920288 111.50804211629755 138.27513896101343
-63.22814875229642 111.21654197401192 138.22894068548027
-63.750540737672551 110.9250418317263 138.18274240994705
-64.319231578163027 110.73755161550343 138.14481950442891
-64.875829621427386 110.53991617005049 138.03927875905109
-65.367632908973462 110.20378465911946 137.96754917158472
-65.859436196519553 109.86765314818847 137.8958195841183
-66.409896251430908 109.64030754856995 137.8229655774949
-66.960356306342263 109.41296194895139 137.75011157087152
-67.510816361253617 109.18561634933288 137.67725756424812
-68.02229039901232 108.87555588804321 137.62975157469262
-68.559400875839231 108.61321529812135 137.57788876950212
-69.096379526017955 108.3559777887626 137.5038428848687
-69.610019302486521 108.05984742581722 137.41175060413272
-70.123659078955086 107.76371706287185 137.31965832339674
-70.694326043912781 107.578912853807 137.30599745161277
-71.208548518511719 107.29280538458238 137.18887459871368
-71.746097733713555 107.03877694898979 137.10818757902479
-72.28364694891539 106.78474851339722 137.02750055933586
-72.810905280029445 106.50885076677881 136.95082536333544
-73.333484648027024 106.21834967562168 136.90062655677823
-73.885989731576004 106.00650051978275 136.80133875378675
-74.438494815124983 105.79465136394381 136.70205095079532
-74.941841984693355 105.47275795125579 136.6470395178421
-75.445189154261712 105.15086453856775 136.59202808488888
-76.005338039133036 104.96746324892482 136.47979086408083
-76.551425415635094 104.72377858832155 136.43073616591869
-77.086196319508971 104.4598574815947 136.3646624964733
-77.620967223382863 104.19593637486784 136.29858882702797
-78.166326778855776 103.96841760521197 136.19457842029541
-78.711686334328689 103.74089883555612 136.09056801356289
-79.266024134231614 103.51475418565683 136.05096749689062
-79.820361934134525 103.2886095357575 136.01136698021836
-80.341867385267847 103.01762736988232 135.89053349886558
-80.863372836401169 102.74664520400718 135.7697000175128
-81.399461905164401 102.49180770085172 135.68214228034427
-81.948691140987606 102.27617005859079 135.57329535224244
-82.475823808127316 102.01257978562936 135.46081726889159
-83.002956475267027 101.7489895126679 135.34833918554071
-83.526008819503218 101.47959668870942 135.23067971253192
-84.080498013451958 101.306237617573 135.08071849671668
-84.635024292241852 101.11099838944561 134.96079247814001
-85.152805087817612 100.81168441390413 134.91268643092675
-85.694416630241662 100.57434219681133 134.81107142662864
-86.230435346633158 100.33390989672027 134.68910321457753
-86.751929330733731 100.05343753827833 134.5922565280213
-87.283671443120681 99.80331862094765 134.47105069850971
-87.819471269699676 99.580483166350191 134.31852887707996
-88.313430826194377 99.259146247678117 134.20562829583304
-88.83908988258932 99.002139048488715 134.07285082788457
-89.354387474311693 98.713515040150384 133.96718828118119
-89.859131488608725 98.417476370042721 133.83454369654916
-90.389296767123682 98.174700213059694 133.69317709845146
-90.912929760346088 97.908745988267455 133.57038931923833
-91.455038109815192 97.671541752561694 133.47112861201168
-91.997146459284295 97.434337516855948 133.37186790478501
-92.527251996118324 97.163060353770987 133.29840484871951
-93.052919990257166 96.919771731748583 133.14193182761849
-93.566687021382904 96.623307307740461 133.05164183356723
-94.100143842545492 96.381542842812763 132.92135843687623
-94.631182158509461 96.129518361837611 132.8010173883211
-95.156933149969916 95.878830620760283 132.65699811373639
-95.677188616959725 95.621823916083059 132.50441435700532
-96.211424911611374 95.387990418091221 132.36329923841851
-96.718634589692044 95.117115401746375 132.19193685053398
-97.216640456524843 94.818403003641265 132.04106916075779
-97.720406464417152 94.543189785142175 131.86649111615992
-98.224172472309448 94.267976566643071 131.69191307156206
-98.761247604497512 94.043947846384086 131.54575755546941
-99.251695709237296 93.760860220345464 131.34745966707683
-99.755264870580973 93.48465486663487 131.17388345233172
-100.22674668902823 93.154006282798974 131.00543046517808
-100.74269668905856 92.907344759370716 130.82389895185671
-101.25864668908889 92.660683235942457 130.64236743853527
-101.76463929534137 92.405090152234692 130.44578753625996
-102.27063190159383 92.149497068526927 130.24920763398461
-102.75810913162179 91.848889362346227 130.07031952037991
-103.26754358406288 91.582264910398919 129.89889040882107
-103.77951942458544 91.327209335478045 129.71770709716404
-104.28918432019825 91.095922260627106 129.50149427796299
-104.8075844041045 90.861535786897505 129.31090483980179
-105.33374061124172 90.647793828054404 129.11732276232334
-105.86852830935295 90.461668965179641 128.9189300876381
-106.39064918898107 90.252954536051391 128.70957853132668
-106.91277006860919 90.044240106923127 128.50022697501524
-107.42931245190263 89.819626202076151 128.29350842236232
-107.94585483519609 89.595012297229175 128.08678986970941
-108.47581404795255 89.376906648128582 127.90910149461142
-109.00577326070902 89.158800999027989 127.73141311951342
-109.50146253687653 88.900960458886345 127.51275723152503
-109.99715181304403 88.643119918744702 127.29410134353661
-110.48769847503812 88.375740465888029 127.0753041758298
-110.97573169954573 88.09122767444191 126.87312592952166
-111.44840901152551 87.783648971821066 126.66825645782413
-111.91817088115553 87.472116940228233 126.46265592491298
-112.38963912207973 87.15063418261974 126.2772737942739
-112.86110736300392 86.829151425011233 126.09189166363485
-113.26175313260089 86.414789925766883 125.92519578711706
-113.76757162793338 86.154649251991572 125.73421285691825
-114.21092299503921 85.786525022075779 125.56710775037064
-114.66691124399804 85.443451234980913 125.38170253625883
-115.12289949295686 85.100377447886046 125.19629732214703
-115.58878166792206 84.745372801710033 125.06619928125808
-116.05466384288727 84.390368155534048 124.93610124036914
-116.48059837670228 83.987486778001909 124.80856156598661
-116.95573750414158 83.667744147630771 124.62965527794852
-117.43087663158087 83.348001517259618 124.45074898991042
-117.8772653359006 82.98583136021935 124.27878997733708
-118.3236540402203 82.623661203179097 124.10683096476373
-118.70375287941718 82.178512227219073 123.97504605802958
-119.14790787395131 81.803972666979774 123.8252246355089
-119.59466264146442 81.433265152338578 123.67361290676452
-120.09576086994223 81.112869685164384 123.59457297995137
-120.59685909842003 80.79247421799019 123.51553305313821
-120.94031980706582 80.43070798998977 123.46464647768641
-121.28378051571163 80.068941761989336 123.41375990223462
