99.720125357016954 126.24455034407715 175.2743318906393
44.431491827539524 184.2524488297085 217.78596098759357
99.720125357016954 126.24455034407715 175.2743318906393
99.492043170432311 126.79741184044651 175.32252610185807
99.212768747649847 127.30222613107904 175.48735428134415
98.933494324867354 127.80704042171155 175.65218246083023
98.748745869207127 128.36469172022441 175.77421949372635
98.472303974061717 128.85853223843043 175.97347164851129
98.195862078916321 129.35237275663641 176.17272380329626
97.772219526554807 129.515793731793 176.56492346253566
97.456805103811817 129.9615581985914 176.8135351719655
97.172254073941062 130.43176281218351 177.05423899984572
96.805476789607525 130.8125166611041 177.33796585833653
96.438699505274002 131.19327051002475 177.62169271682734
96.037901980155112 131.5422780010766 177.90017990692456
95.664326096704841 131.92143449091233 178.17709400104005
95.290750213254583 132.30059098074807 178.45400809515553
94.902172251908524 132.65121864474443 178.74738057034125
94.51359429056248 133.00184630874082 179.04075304552694
94.138796743062017 133.37407037583537 179.32531594237616
93.735536764983578 133.69882558410623 179.62849154294639
93.332276786905155 134.02358079237709 179.93166714351668
92.994682219267659 134.45115818642614 180.183078121797
92.657087651630164 134.87873558047519 180.43448910007731
92.346811245238868 135.32093943224353 180.69561034608793
91.98422861638926 135.64238408400743 181.04945660240401
91.664988139728933 136.0342552407686 181.37275602176683
91.345747663068622 136.4261263975298 181.69605544112966
90.987756491116926 136.8297593778058 181.95858684503816
90.62976531916523 137.23339235808177 182.22111824894671
90.30497364570094 137.61266922176131 182.55377336994394
89.980181972236636 137.99194608544082 182.8864284909412
89.631101841078319 138.37195591643678 183.19259117706892
89.282021709920002 138.75196574743271 183.49875386319664
89.094745003930981 139.29720065275257 183.66502572917142
88.697439283712072 139.60135967321997 183.99613817978243
88.323959251571836 139.96994306164234 184.28710029307493
87.950479219431571 140.33852645006468 184.57806240636739
87.573821422115088 140.68409241188064 184.89224876787105
87.197163624798591 141.02965837369661 185.20643512937468
86.819398552793714 141.37811885502333 185.51606207155947
86.425194145579638 141.69079169854302 185.84292378277433
86.030989738365605 142.00346454206274 186.16978549398922
85.71062520715391 142.39146473970067 186.49662247747554
85.341263966001904 142.69340844898232 186.86049370464235
84.978404002221197 143.03985117557335 187.18959867859024
84.630373118419072 143.43197349362512 187.48134273012448
84.248615911081288 143.76283213928264 187.8050617305544
83.88194333170334 144.08708601090069 188.15206410269764
83.505279858677042 144.41406729041867 188.48554254417857
83.1173337689482 144.69063438639145 188.85024581108095
82.735028352129959 145.02833010636334 189.16616378933497
82.352722935311732 145.36602582633523 189.48208176758897
81.927416773643941 145.63884495023046 189.80563144613069
81.566740947592365 145.97242657477113 190.15006757703281
81.206065121540774 146.3060081993118 190.49450370793491
80.843971563897597 146.63359565169171 190.84317936891017
80.481878006254419 146.96118310407164 191.19185502988543
80.053890647917484 147.24611266147059 191.50111538690555
79.625903289580563 147.53104221886954 191.81037574392568
79.29071913245977 147.97879348037225 192.02756319438714
78.88286654520769 148.24810429316921 192.37559760817751
78.475013957955582 148.51741510596622 192.72363202196786
78.188372370438444 148.94050778527662 193.03800311640816
77.812503574510401 149.27999299669528 193.35967443853005
77.436634778582345 149.61947820811389 193.68134576065194
77.215695931302434 150.14982331169335 193.85432002715399
76.801549502435904 150.44690952416937 194.17089942922203
76.424888289224768 150.78999870921245 194.48778448972311
76.04822707601366 151.13308789425557 194.80466955022422
75.710158939257965 151.55009298399801 195.0726559118911
75.372090802502271 151.9670980737404 195.34064227355799
74.96365545679491 152.28541012282119 195.6437231337041
74.555220111087564 152.60372217190198 195.94680399385024
74.247291161530953 153.05688442725119 196.19139289865126
73.818416787487521 153.35570073204062 196.48596986190682
73.389542413444104 153.65451703683004 196.78054682516239
73.209283720495577 154.20905041461259 196.92196654281724
72.787620011599486 154.50275267077362 197.231706274408
72.365956302703381 154.79645492693467 197.54144600599872
72.041598062667234 155.23707160892334 197.78771551623896
71.675352687392802 155.62422388805726 198.06335556748604
71.3091073121184 156.0113761671912 198.33899561873312
70.905785804436931 156.32298698093743 198.65558756777475
70.582902968823987 156.75106387511849 198.92483995334425
70.260020133211043 157.17914076929952 199.19409233891369
69.937137297598113 157.60721766348055 199.46334472448319
69.516529946369886 157.86472221994114 199.80507687031499
69.095922595141673 158.12222677640176 200.14680901614679
68.721256611017793 158.52180457836062 200.39168241307306
68.394593897593424 158.93775928184931 200.67500759074684
68.067931184169069 159.353713985338 200.9583327684206
67.728723649807023 159.7369314558936 201.27151421565685
67.375146708664445 160.12977406560304 201.5555177907909
66.984062765066398 160.40860122909922 201.91511306600526
66.641719761898898 160.79766941391875 202.21748240265083
66.299376758731398 161.18673759873832 202.51985173929637
65.947696328224794 161.57725490301843 202.80936358681987
65.596015897718189 161.96777220729854 203.0988754343434
65.176366555262391 162.25971446489021 203.41298393089946
64.756717212806564 162.55165672248185 203.72709242745549
64.478533997389434 163.05504639757251 203.89801034246824
64.119389176051371 163.30486085385888 204.30862906432148
63.75330852640549 163.70729551315389 204.56167313746479
63.342183562233195 164.03320050542362 204.85281262267421
62.972240236369011 164.42779028942766 205.11250636154404
62.602296910504819 164.8223800734317 205.37220010041386
62.220355751618357 165.22151910693589 205.60631328475387
61.838414592731887 165.62065814044001 205.84042646909393
61.398227013392876 165.85149831451849 206.17650340824193
61.008456155840939 166.24027300615543 206.41510960628767
60.618685298289009 166.62904769779237 206.65371580433339
60.251893156353574 167.0015865280331 206.94812766648792
59.854798989687517 167.37155022181244 207.20394613354011
59.457704823021459 167.74151391559178 207.45976460059228
59.020463588434339 168.06341259291969 207.71511013963942
58.63454862234871 168.44093277471808 207.9769271583491
58.211738557032049 168.79421894115748 208.21445722648673
57.841117999455378 169.18383062497591 208.48062096957307
57.47049744187872 169.57344230879434 208.74678471265938
57.048282022712876 169.88247910132557 209.04043484577807
56.642037403262862 170.23870164985229 209.30133866922466
56.230174116670412 170.62148837382898 209.5107257679305
55.838782458921649 171.0197801078225 209.73021669001415
55.44739080117288 171.41807184181602 209.94970761209774
55.057996347156482 171.82442170899157 210.15767814998154
54.700765805586911 172.28371402134988 210.30409164655367
54.312652660809292 172.61928335384991 210.61515660751246
53.924539516031686 172.95485268634997 210.92622156847128
53.510553621943835 173.30183763038127 211.1874056570216
53.096567727856041 173.64882257441261 211.44858974557201
52.726881431198741 174.06661170646154 211.6694613897584
52.357195134541442 174.48440083851048 211.89033303394481
51.977325759087627 174.88223961363789 212.12996518245049
51.597456383633826 175.2800783887653 212.3695973309562
51.247822915675044 175.73257612529369 212.55126250791591
50.966124755226062 176.23868470821444 212.7077880607614
50.684426594777086 176.74479329113518 212.86431361360695
50.251891956333381 176.95546580060346 213.22282565008655
49.851699974701354 177.34771649203469 213.43726858634037
49.486582987250692 177.69589184519924 213.76202004349443
49.12146599980003 178.04406719836385 214.08677150064847
48.756349012349375 178.39224255152837 214.41152295780256
48.78450319671385 178.95925891957251 214.21735864524027
48.338612049490123 178.58210861590968 214.35497671554543
48.137323362326804 179.13376780984959 214.47808235376573
47.936034675163484 179.6854270037895 214.601187991986
47.734745988000178 180.23708619772941 214.72429363020632
47.343849650314354 180.56097083799327 214.94845985412809
46.952953312628537 180.88485547825715 215.17262607804977
46.562056974942706 181.20874011852101 215.39679230197152
46.562056974942706 181.20874011852101 215.39679230197152
46.213506133914585 181.64644908987722 215.61340986269289
45.864955292886449 182.08415806123347 215.83002742341418
45.510112627077028 182.476147358199 216.11363114973969
45.044363592646995 182.83973707382444 216.21794009287936
44.715260517404985 183.21155088472105 216.55475704003729
44.386157442162968 183.58336469561769 216.89157398719522
44.057054366920966 183.95517850651427 217.22839093435317
44.573978629152535 183.84199671524448 217.51119685586349
45.090902891384097 183.72881492397468 217.79400277737386
44.431491827539524 184.2524488297085 217.78596098759357
