-140.37033868749901 81.279543363721714 189.62548824431485
-136.47176567195254 65.545171273644215 226.04347001076476
-140.37033868749901 81.279543363721714 189.62548824431485
-140.38867377038949 81.059602785884024 190.18342190251789
-140.07958005962365 80.871457920924939 190.66202673717228
-139.77011314314876 80.683460056558076 191.14044813155283
-139.5304264152696 80.457240133184399 191.64182106535299
-139.29073968739041 80.23102020981068 192.14319399915314
-139.06928792190968 80.109903855886017 192.68751921846368
-138.84783615642894 79.988787501961355 193.23184443777421
-138.65755840940776 79.654603763532378 193.69240454021275
-138.48506038154363 79.531712965047376 194.25377988882605
-138.31256235367948 79.408822166562345 194.81515523743934
-138.13867672827013 79.142942079509936 195.32414597270375
-137.96479110286074 78.877061992457556 195.83313670796815
-137.81832793963207 78.813420792244443 196.41149502203695
-137.67186477640342 78.749779592031331 196.98985333610571
-137.5098049307598 78.552951142176454 197.53298791220789
-137.38419312338937 78.175590916015153 197.98223276032596
-137.28025587602409 78.03805734450269 198.5569340438787
-137.17572456258938 77.770787195629751 199.0838494754548
-137.07119324915465 77.503517046756798 199.61076490703093
-136.9170381869655 77.464253481275378 200.18929285728672
-136.83871755780143 77.205231598426465 200.72480526914359
-136.76039692863739 76.946209715577552 201.26031768100046
-136.64253613559075 76.789066969083876 201.82725241329936
-136.56680263524999 76.538378197252939 202.36708532875008
-136.53617811918383 76.283323696072401 202.90931161033672
-136.50555360311765 76.028269194891848 203.45153789192335
-136.2941318486528 75.902586210115388 203.99880805288291
-136.26270410225294 75.964714319841178 204.59475469037497
-136.23018933551063 75.535444054570206 205.01268988786123
-136.17816504665086 75.31429331953089 205.56801486097174
-136.12205124336501 75.186400141128516 206.15153399176262
-136.06593744007918 75.058506962726142 206.73505312255347
-135.9137727821518 74.480974373819095 206.79251637714418
-135.90929440583687 74.350937396946563 207.37823843477173
-135.90481602952195 74.220900420074017 207.96396049239925
-135.80808209785468 74.075910007517251 208.53808619878313
-135.75455377210727 73.813080220764988 209.07479396054782
-135.70102544635989 73.550250434012725 209.61150172231251
-135.64749712061251 73.287420647260433 210.14820948407714
-135.49472830602696 73.321136754424032 210.72745460784418
-135.57947976169712 72.773289143707956 210.95697625430586
-135.49464247591206 72.905901773191417 211.53595511872328
-135.40980519012697 73.038514402674892 212.1149339831407
-135.37464446112247 72.647896362255679 212.56900586030875
-135.3656322160769 72.198707470839139 212.96668427217847
-135.30432607619352 71.928260031953172 213.49875545163908
-135.24301993631013 71.657812593067177 214.03082663109973
-135.19901723151827 71.378933923898259 214.56025127149115
-135.18049362343302 71.110411801294589 215.09649071951407
-135.03148376241612 70.826978399131477 215.60389742804085
-135.04586735261586 70.620245752276759 216.1669735552718
-135.01652344931759 70.156615352713203 216.54669159268875
-135.00361707037072 69.869096888274328 217.07315769605074
-134.99071069142389 69.581578423835452 217.59962379941277
-135.14013707240321 69.445565096237331 218.16457701108885
-135.08976086553776 69.085698618228975 218.64202685744732
-135.10093326688411 68.801082685370673 219.17010729470226
-135.1121056682305 68.516466752512343 219.69818773195715
-135.19479476985387 68.310827955504891 220.25574956497485
-135.27748387147727 68.105189158497438 220.81331139799255
-135.36017297310062 67.89955036149 221.37087323101022
-135.37397448591605 67.702837618427978 221.93754210695192
-135.41287985018715 67.214049400305512 222.28333460319149
-135.45757655932249 66.819092229180484 222.73279098279846
-135.56978994496336 66.84855417702957 223.32146759156763
-135.68200333060423 66.878016124878656 223.91014420033676
-135.80239920344292 66.784096507453427 224.49038892393713
-135.96505823342349 66.436869505608769 224.95188155568303
-136.12771726340409 66.089642503764111 225.41337418742893
-136.25196141024122 65.824419462607665 225.76587695539538
-136.47176567195254 65.545171273644215 226.04347001076476
