173.18444051933199 31.208178192915653 401.95546320737537
114.66564508588074 -8.7650029046989815 398.35698255273309
173.18444051933199 31.208178192915653 401.95546320737537
172.70754298120033 31.255867450815835 401.59449995051267
172.23064544306865 31.303556708716012 401.23353669365008
171.7719633793657 31.391699313206534 400.97976932854516
171.31328131566275 31.479841917697051 400.72600196344035
171.31328131566275 31.479841917697051 400.72600196344035
170.8157170029512 31.696807422405346 400.47035430653233
170.26900667580134 31.718339852644952 400.22409393084087
169.68692006049363 31.863581278796403 400.23304381403034
169.10364757512201 31.939608689083734 400.11466712420753
168.51460045751622 32.049307374489359 400.08320775897846
167.93634898837058 32.209385832400621 400.08356236248
167.35950187504957 32.368520158702552 400.03970265379832
166.86413054205173 32.517647675619727 399.73578123937995
166.36875920905385 32.666775192536889 399.43185982496163
165.86731825720216 32.90389319961136 399.20309789078743
165.36587730535047 33.141011206685853 398.97433595661334
164.78584265566005 33.278382282241779 399.04281217700492
164.21042123831893 33.38845809974562 399.17232475116668
163.63499982097784 33.498533917249461 399.30183732532845
163.0550096678619 33.628976678116473 399.22062089579634
162.47501951474595 33.759419438983485 399.13940446626418
161.89502936163004 33.889862199850498 399.05818803673208
161.41196302864984 34.244996860748323 399.08112906046779
160.8692810232979 34.380550468057884 398.86405427931493
160.34048678803467 34.618826991848621 398.71042825625045
159.80580847509719 34.839853731368386 398.55147454571932
159.27113016215975 35.060880470888158 398.39252083518818
158.76697815488043 35.364799448842668 398.27648632137721
158.24886459080727 35.631882115802192 398.13427104887381
157.70257052520532 35.83701157701438 397.99468344902738
157.15627645960336 36.042141038226568 397.85509584918105
156.62229376122826 36.300673655896851 397.76552261971699
156.0615971746754 36.478106578425539 397.64662394087287
155.54345831006066 36.76411878676025 397.54798756999855
154.99795073221873 36.984855906639055 397.43095506842462
154.45244315437679 37.20559302651786 397.31392256685069
153.92010737781627 37.4692583618125 397.22966574541965
153.36984780778442 37.68387594455514 397.12405467229712
152.82999770137783 37.923082241709373 397.01755486002247
152.28341386802285 38.160971061253967 396.94932713361561
151.73256068540368 38.363015304115365 396.82387238031828
151.18170750278449 38.565059546976741 396.69841762702089
150.66692836325558 38.849021087811899 396.57854986307922
150.11973648810439 39.031699444138063 396.41359632447359
149.60973939658723 39.31436285280175 396.2721595398429
149.0888346991747 39.552986259668984 396.09406640154549
148.5866266893797 39.864369842288127 395.99001170740326
148.08122606850793 40.157416232715953 395.85328561084646
147.54315641331976 40.410996737085419 395.77468552198241
147.00388047437008 40.655149094554091 395.67685358439354
146.4803521489894 40.934713064639865 395.58875092181177
145.95682382360872 41.214277034725647 395.50064825923005
145.43329549822806 41.493841004811443 395.41254559664827
144.90434582306827 41.757221833796606 395.30841692590167
144.37539614790848 42.020602662781769 395.20428825515512
143.80606454473755 42.206116873503177 395.16626190572191
143.2367329415666 42.391631084224585 395.12823555628859
142.76723511817332 42.720694154748045 394.95134776856247
142.22233703800003 42.961740944531293 394.88076074880189
141.67817349011929 43.194045681192328 394.78115882872669
141.13400994223855 43.426350417853357 394.68155690865137
140.57604929636653 43.613314810519114 394.56440643475906
140.01807894740523 43.811211129186233 394.46690701559146
139.52002397673377 44.118040847916554 394.33350248083599
138.9502075426675 44.285650245094679 394.2485535464956
138.40696887685746 44.503713061454171 394.11687074545341
137.86756935720791 44.740828688184592 394.00362615281404
137.3273590671848 44.995296000809773 393.9451519759624
136.79245025910319 45.228844275417835 393.8061276239074
136.25754145102161 45.462392550025896 393.66710327185234
135.70193992481751 45.687906008919626 393.64587536716351
135.16385304868328 45.943989464715287 393.57599133894655
134.62576617254899 46.200072920510941 393.50610731072965
134.07146580321722 46.415214524154635 393.42570089966523
133.51716543388542 46.630356127798336 393.34529448860064
132.97345877640504 46.874353167360979 393.27566320758297
132.43072688893264 47.106417131542337 393.16801370758844
131.88799500146024 47.338481095723694 393.06036420759398
131.36103401949921 47.62003574604725 393.00523615328541
130.840082459081 47.899678855080083 392.90321065025665
130.31913089866279 48.17932196411288 392.80118514722778
129.7582793433337 48.385495676288464 392.74698244164335
129.1974277880046 48.591669388464055 392.69277973605892
128.69181408962356 48.886382481067685 392.56049602180252
128.18620039124252 49.181095573671328 392.42821230754618
127.63903838408812 49.417223636972793 392.35851814962558
127.09187637693371 49.653351700274264 392.28882399170504
126.57385406014961 49.934986138031704 392.17776129417479
126.06645824866885 50.240592278330126 392.08208278298406
125.54337256519361 50.48344411493408 391.91654018060837
125.00141479297459 50.730605939726239 391.84447905726989
124.48607304319469 51.003261989505255 391.70276963820152
123.96705052980128 51.282634495197897 391.59066864064215
123.45061364137675 51.575750314726974 391.50478466881856
122.93078874377818 51.837558033300944 391.35904931164077
122.42507334706406 52.135566728801486 391.23478043004786
121.91935795034992 52.433575424301921 391.11051154845484
121.40728700250267 52.728327631805747 391.00608702766374
120.89521605465544 53.023079839309574 390.90166250687264
120.37381615493651 53.292133564646271 390.77615458897293
119.85241625521758 53.561187289982968 390.65064667107316
119.37748121108082 53.92736998390842 390.66927295680904
118.85360093471725 54.19252474740712 390.54581281169658
118.3470403643754 54.49266717827436 390.43043989560249
117.8651506562345 54.843514487675385 390.3619674582722
117.3601723758668 55.142823281342352 390.23782567485301
116.85519409549909 55.442132075009319 390.11368389143382
116.33804444375782 55.733384429922054 390.02577312154932
115.82089479201656 56.024636784834783 389.93786235166488
115.31089932136948 56.30359459378387 389.78924485355054
114.80223069462406 56.593475164179132 389.65799896572059
114.29356206787865 56.883355734574387 389.52675307789065
113.78132147947449 57.184381962544236 389.44313017632891
113.25907446396282 57.425132810035372 389.27196626593468
112.81730999033425 57.80528617499526 389.12939148222682
112.33372125531616 58.017499173881369 388.84459755942055
111.86501780943573 58.365938961754026 388.70709558108183
111.39631436355528 58.714378749626675 388.56959360274311
111.04991353055468 58.555487045290377 389.03301553704233
110.69873980417678 58.877064933882458 388.66796119112854
110.21250398926898 59.199788089272701 388.5285893960052
109.68591260265362 59.474103968149564 388.44226263226108
109.15932121603828 59.748419847026433 388.35593586851689
108.64273162595975 60.02623758836647 388.4822390672856
108.12614203588123 60.3040553297065 388.60854226605443
108.04890270691173 60.472605750450271 388.03790679420973
107.63332147162332 60.657660773347473 387.64669473486504
107.26495890499523 61.071651302346822 387.41664938845264
106.71176530556595 61.297861369986698 387.46961963339118
106.15857170613667 61.52407143762656 387.52258987832965
105.79288075550394 61.947346000617244 387.30554432331786
105.30372385044464 62.212519869906643 387.08102630337538
104.77707926327984 62.495267085496309 387.02906967832803
104.25043467611503 62.778014301085967 386.97711305328062
103.85138346078216 63.165322764553103 386.75183482160242
103.41293314476654 63.522698461738209 386.55172502312348
102.97448282875094 63.880074158923307 386.35161522464455
102.49828047067838 64.214314852995955 386.20493709883169
102.02207811260584 64.548555547068602 386.05825897301878
101.57688715452852 64.908074809325939 385.87784026303524
101.15589818435242 65.307644221732261 385.7258120694022
100.68790963563775 65.65132703625973 385.57458759628219
100.21880925110182 65.980842299954503 385.39748728510119
99.790623066919935 66.365395722592297 385.2278545735939
99.362436882738038 66.749949145230062 385.05822186208655
98.880635507624021 67.088981257932844 384.9445351808327
98.419371892856532 67.448611540018902 384.81073705716005
97.958108278089043 67.808241822104975 384.67693893348735
97.446417937683179 68.08804460705997 384.53593043350685
97.064707162719827 68.531157036074404 384.40195931897165
96.577565157255052 68.838653245930942 384.23421323873242
96.112680754471256 69.187198288649967 384.08455080107905
95.656486523002243 69.546891327269933 383.93452499948904
95.174636210134011 69.871908458476454 383.7855815860359
94.713330320155464 70.219408390265826 383.62297570275524
94.283133588885107 70.611206204371186 383.47660205325997
93.852936857614765 71.003004018476545 383.33022840376469
93.37462397758911 71.325224383128855 383.16472666539045
92.896311097563469 71.647444747781151 382.99922492701614
92.434371834511609 71.995363130235262 382.83933460084961
91.972432571459763 72.343281512689373 382.67944427468308
91.507073715039184 72.688924528877379 382.52461520728491
91.041714858618619 73.034567545065386 382.36978613988674
90.578208389670394 73.376012032797334 382.20073758165387
90.114701920722183 73.717456520529282 382.03168902342094
89.662526983142953 74.088966828298027 381.89933375512084
89.177062619010897 74.399520306551722 381.73235804340686
88.72110809876753 74.758314188397733 381.5794776135948
88.261294543489669 75.114759398090058 381.43278641798258
87.794224372211858 75.460675595951272 381.28383193110915
87.31486544474356 75.782163717821803 381.11994048486309
86.835506517275263 76.103651839692333 380.95604903861715
86.374914313466533 76.455554918385914 380.80106824949604
85.915595551675182 76.815720367234405 380.66211817025089
85.447928412874973 77.164903192278004 380.52298225834818
84.980261274074778 77.514086017321617 380.38384634644547
84.527324534732728 77.879644293740995 380.23819107982092
84.099569407462752 78.2766325875197 380.09881444728546
83.634481642479486 78.627081410410412 379.9543187954568
83.237294081163355 79.053245139686993 379.81069944792722
82.803849106883462 79.431134226064188 379.63945315550461
82.366249839864878 79.793866351762034 379.44727540837573
81.930117416161806 80.157974215222154 379.25436617386015
81.507029386058349 80.548594196391505 379.08580594992094
81.107024361151701 80.968297308353556 378.93138678705958
80.689472290530134 81.347298568857667 378.72642749145206
80.258371324611844 81.717615680896728 378.53402896309137
79.869947652265154 82.092466905218288 378.27208696495944
79.481523979918478 82.467318129539834 378.01014496682751
79.156260970054205 82.948967550844458 377.86108857021554
78.715886739238769 83.320976314157789 377.69471544482627
78.313367868069378 83.739107754694174 377.54258176417835
77.910848996899958 84.157239195230545 377.39044808353049
77.508632539544521 84.569840600932039 377.22316986783699
77.10022162050339 84.969751893165551 377.04076515421343
76.680830122586201 85.357938821576312 376.85794918093484
76.261438624669012 85.746125749987101 376.6751332076563
75.842047126751822 86.134312678397833 376.49231723437771
75.448050294258749 86.560256304432727 376.33954772359209
75.061306616381131 86.991271066458893 376.18252669781134
74.667417977831164 87.407532184575672 376.00482351279368
74.249004530027108 87.786919492041108 375.80235016237236
73.830591082223066 88.166306799506529 375.59987681195094
73.483575805891235 88.62676542000159 375.4338700144873
73.110755771573892 89.061407584123714 375.2547292564816
72.679564146785793 89.419639345158458 375.04085128169561
72.276756493168563 89.822997507178243 374.85363967062568
71.880859032772349 90.19272406684756 374.59563294217287
71.563481449158118 90.666623424755443 374.40937809527298
71.251031740836964 91.130678512858921 374.19251856706342
70.76256247651591 91.461661590164823 374.08367013872942
70.375108906106931 91.886161182834769 373.91139179824415
69.993211665103217 92.297745281234228 373.69984268513218
69.611314424099504 92.709329379633715 373.48829357202027
69.243263465941482 93.138525832319189 373.28747301231294
68.84090910258611 93.517700096852906 373.05436822170532
68.43470585613656 93.895015488617076 372.82495153157208
68.087324969240171 94.342750555277604 372.62782256489902
67.739944082343769 94.790485621938075 372.43069359822596
67.336672137245415 95.170958165247683 372.20131970676459
66.933400192147076 95.551430708557291 371.97194581530323
66.551092644242175 95.9678474862108 371.77085378138935
66.169841910735457 96.373739082982638 371.54747094885607
65.78859117722871 96.779630679754476 371.3240881163228
65.434815165519268 97.224003607186475 371.1307613594978
65.081039153809854 97.668376534618446 370.93743460267268
64.668760861736047 98.02601648711169 370.68819521119269
64.281787816211349 98.425926126333962 370.46386477969833
63.894814770686672 98.825835765556249 370.2395343482039
63.539846477941715 99.283832350810826 370.08385313854495
63.119686348134863 99.633556418055932 369.83655060699664
62.699526218328018 99.983280485301037 369.58924807544827
62.364125621751931 100.43856301532746 369.38868821488506
62.028725025175859 100.89384554535387 369.18812835432175
61.599688104415677 101.22542140275485 368.93125334305472
61.251060562197623 101.66291750094838 368.71432939123656
60.881775155201339 102.07078519134991 368.47501320852814
60.604679613162645 102.57225469360807 368.29683801696876
60.211687366913146 102.95326693206111 368.05110082292447
59.818695120663655 103.33427917051415 367.80536362888017
59.44071769736253 103.7077842104691 367.52674731097522
59.062740274061397 104.08128925042402 367.24813099307028
58.954128768081134 104.67130759346632 367.2390813719561
58.517886213164772 104.95916278048253 366.94440896980774
58.13681850368831 105.34508028374721 366.6877865205397
57.755750794211849 105.73099778701192 366.43116407127172
57.445705336938296 106.18930956802475 366.19916811051189
56.98997078254299 106.48965934195004 365.94997736182097
56.742126091442472 106.99086844571011 365.73234821992742
56.424755279248643 107.44570808610891 365.5034450327733
56.012373822504649 107.8061642638343 365.25846977264831
55.64785447993664 108.20066504592486 364.99108469112036
55.283335137368645 108.59516582801541 364.7236996095923
54.988519626021137 109.00462091769946 364.39899921876912
54.693704114673629 109.4140760073835 364.07429882794594
54.398888603326135 109.82353109706753 363.7495984371227
54.019835551307153 110.28572139684123 363.69764739718909
53.649358309736556 110.74631532519905 363.59469184057286
53.27888106816598 111.20690925355689 363.4917362839567
52.931171935342284 111.58821111409358 363.18561988435965
52.583462802518589 111.96951297463026 362.87950348476261
52.296408589860661 112.46111892420076 362.68996860844106
52.009354377202747 112.95272487377129 362.50043373211952
51.612837903200599 113.21931016226168 362.13751918321657
51.271475382673103 113.65996859529204 361.91550167269469
50.930112862145606 114.10062702832242 361.69348416217287
50.532758654457091 114.47961495542981 361.45166235848455
50.220294990559822 114.92527262166179 361.1991634411155
49.90783132666256 115.3709302878938 360.94666452374639
49.571282995169447 115.81942195693473 360.73314533638825
49.204413022140464 116.21328646043705 360.46804690981696
48.885633526755917 116.64403107101873 360.19816042668521
48.53699722287346 117.05400065284286 359.9328725272361
48.18836091899103 117.46397023466702 359.66758462778699
47.853744212142004 117.90677947684928 359.43965561573395
47.497168077276044 118.32289634712865 359.19531935090015
47.172495375168225 118.75881505972737 358.94122780733312
46.813629110246005 119.18194572418786 358.71280835830567
46.454762845323806 119.60507638864837 358.48438890927827
46.114885445913984 120.04159098287025 358.25214256936795
45.722734814073121 120.4308079272615 358.01820229462771
45.364887915679333 120.83348867620994 357.75401711007663
45.021392209382057 121.25806990284948 357.50553877753913
44.677896503084774 121.68265112948902 357.25706044500168
44.35350927997959 122.14813658352993 357.06187791104327
44.01945216730563 122.59718255319675 356.84562906688927
43.685395054631677 123.04622852286352 356.62938022273522
43.271463985198196 123.37052092943347 356.34042433544664
42.912097159881078 123.82642535752618 356.18874494559111
42.552730334563968 124.28232978561891 356.03706555573552
42.251251260777025 124.71489215213694 355.75070884262948
41.913976052358571 125.15854882887815 355.52841582211551
41.576700843940117 125.60220550561937 355.30612280160153
41.173024775934735 126.00557965879696 355.12082594607512
40.842151634879563 126.3989544860879 354.8113437821591
40.511278493824385 126.79232931337886 354.5018616182432
40.13834406085077 127.18165677493418 354.23852905971398
39.784794375123127 127.59467324062969 353.98471806943519
39.401878389912063 127.99695806400459 353.75768884410934
39.059720680307947 128.44411325913205 353.55037185679532
38.717562970703831 128.89126845425955 353.34305486948125
38.343552244680538 129.28598682257663 353.0894540285272
37.969541518657238 129.68070519089372 352.83585318757309
37.579806175057804 130.06727574262692 352.59363516495273
37.247113481658232 130.52356399156449 352.3908628649707
36.914420788258667 130.97985224050211 352.18809056498867
36.495420928979129 131.2995839498461 351.90136639097523
36.197416015655413 131.79085727300384 351.72861340666395
35.844317779480093 132.2250953898816 351.51237535853102
35.491219543304773 132.65933350675937 351.29613731039808
35.171842384555397 133.12610217921232 351.09582446286788
34.82384725585608 133.53477369909893 350.82770699004089
34.425123760512314 133.89294629030854 350.55801833776377
34.107973084176976 134.3432901398869 350.32009846543917
33.721499938119777 134.74254496529048 350.09374897511805
33.3350267920626 135.14179979069405 349.86739948479698
33.029697922557503 135.60877437543374 349.64669828712482
32.724369053052406 136.07574896017343 349.42599708945261
32.335771571191685 136.45609630809949 349.17236765106441
31.947174089330968 136.83644365602558 348.9187382126762
31.663116540340702 137.34440558174305 348.77284101982093
31.173739557083639 137.47802294201028 348.452440381099
30.916603015025618 137.9966971266895 348.29477653335385
30.659466472967591 138.51537131136871 348.13711268560871
30.331622330927097 138.98685977868203 347.96328275803506
30.003778188886592 139.45834824599535 347.78945283046141
29.623940612431607 139.79620177525777 347.47073915287962
29.244103035976615 140.13405530452025 347.15202547529782
28.850380132190189 140.51853458139556 346.91294816418821
28.456657228403763 140.90301385827087 346.67387085307854
28.10234202529362 141.32258061087737 346.43215929573751
27.752524804045152 141.762080351702 346.2212851874807
27.435363869696687 142.22936107804676 346.01865827784161
27.070859872363627 142.62912962286447 345.75919354709276
26.686955446144044 143.0127194940309 345.50331036619275
26.325761968598897 143.43842747797351 345.28351049315734
25.964568491053747 143.86413546191613 345.06371062012198
25.586399358665744 144.37873042478788 344.85287093049112
11.185056235858037 -54.917702354773724 261.61401314393845
11.560909133736768 -54.576869763152352 261.93427513613364
11.846238777168454 -54.322371955578092 262.39667957006463
12.131568420600136 -54.067874148003831 262.85908400399563
12.464736902443173 -53.860991319724917 263.31317458754665
12.793248586911851 -53.526193005381842 263.68732717925303
12.992991229374869 -53.280560213240712 264.19700100456373
13.192733871837891 -53.034927421099589 264.70667482987449
13.440152778398126 -52.858587063245565 265.22406053016823
13.872223947611309 -52.752907609215015 265.62673453942455
14.304295116824491 -52.64722815518445 266.02940854868086
14.534639339494541 -52.290654450127803 266.45343299602405
14.764983562164597 -51.934080745071171 266.87745744336723
15.243811905877962 -51.739530438001211 267.18220913782636
15.610142452470308 -51.413348966245408 267.5277631540331
15.976472999062656 -51.087167494489606 267.87331717023977
16.3194671869805 -50.752540446398896 268.23439849866963
16.662461374898349 -50.417913398308187 268.5954798270995
16.94663731206067 -50.329322557367661 269.11643635085113
17.230813249222983 -50.240731716427142 269.63739287460271
17.47215203826574 -50.010742614901346 270.13625217549099
17.799045027953582 -49.737852798225305 270.55894842724564
18.182684731224768 -49.881863475896331 270.99721946529257
18.511923832605845 -49.566328704562878 271.38714179371368
18.794270114160629 -49.232848520413697 271.7983248965669
19.076616395715412 -48.899368336264502 272.20950799942017
19.469225345824857 -48.771880846480876 272.64494473678008
19.861834295934308 -48.64439335669725 273.08038147413993
20.165796431582038 -48.360290550321459 273.51269225992013
20.487546561809133 -48.056817052972157 273.91813114570374
20.83938550014701 -47.918333991907467 274.3839978683481
21.191224438484873 -47.779850930842784 274.84986459099252
21.516492333192769 -47.425532052373889 275.20855516660447
21.87443596722391 -47.269857521976299 275.66423245969906
22.201317441837254 -47.057297055323417 276.12026595580539
22.528198916450602 -46.844736588670543 276.57629945191167
22.886625619798778 -46.587232274401785 276.9827743299299
23.245052323146975 -46.329727960133013 277.38924920794813
23.557927575736286 -46.081996207042806 277.83728721395653
23.901794699011763 -45.936157387762577 278.30684705074117
24.270072274662862 -45.751758030956509 278.74315944396659
24.638349850313979 -45.567358674150434 279.17947183719195
24.952838358075802 -45.312893142364892 279.62257935418847
25.267326865837632 -45.058427610579358 280.06568687118499
25.638528427262628 -44.868110009719025 280.49695084092792
25.973298842060814 -44.541156943071499 280.87249106724943
26.253938169188871 -44.372904958218868 281.37541535346185
26.606718560560886 -44.182088837094561 281.82166102949975
26.959498951932925 -43.991272715970254 282.26790670553754
27.315932339209077 -43.775974140663536 282.6998809685507
27.672365726485214 -43.560675565356838 283.13185523156386
27.992603828306045 -43.295796660538024 283.56462159338531
28.312841930126876 -43.030917755719216 283.99738795520676
28.637677927271294 -42.715552481437996 284.39112177231766
28.990918513657231 -42.638043318267293 284.86988415362418
29.315808687115993 -42.438439411015416 285.33313857119589
29.666891033574132 -42.171399086363309 285.73987024074614
30.032600018536748 -41.946917354322011 286.15923272153975
30.348341060423053 -41.7180279934257 286.61521216727937
30.664082102309358 -41.489138632529382 287.07119161301904
31.016001640037508 -41.318215026987836 287.5260957348226
31.367921177765652 -41.147291421446305 287.98099985662617
31.600920155259153 -40.688961777730945 288.29026578455671
31.918175857061005 -40.606374663113073 288.79278761311076
32.273884740661956 -40.436069194126034 289.24496814935753
32.629593624262895 -40.265763725138996 289.69714868560442
32.851705857464516 -39.883570603405182 290.10285125345621
33.230848979963476 -39.873968302933534 290.56777951511322
33.548541060875166 -39.646199644147977 291.02296429056275
33.811880579334243 -39.268654672180212 291.4078176290692
34.165219416610675 -39.091081566821138 291.8590597573388
34.5185582538871 -38.913508461462065 292.3103018856084
34.841489410679209 -38.741953609811368 292.78599548536351
35.203295631721758 -38.528958446396608 293.2146320666032
35.565101852764272 -38.315963282981869 293.64326864784289
35.894900330690618 -38.118795399340691 294.10409159607559
36.224698808616964 -37.921627515699512 294.56491454430841
36.532896216061189 -37.608597627063148 294.97360348086647
36.838204537773564 -37.305200733751207 295.39161921480701
37.195987102870987 -37.010384938037063 295.77250670831359
37.518901013703029 -36.854169246679611 296.25346748006621
37.841814924535072 -36.697953555322172 296.73442825181877
38.165731201221959 -36.467981721097075 297.18408501109241
38.489647477908839 -36.238009886871978 297.63374177036599
38.825199645576973 -36.092458271599504 298.10936711668893
39.157589505448755 -35.815251543672602 298.52490701976257
39.489979365320522 -35.538044815745707 298.94044692283626
39.798321478090131 -35.401256845311963 299.43664667357928
40.119580025555308 -35.133356642898882 299.86678900726383
40.440838573020493 -34.865456440485801 300.29693134094839
40.759602514169785 -34.709037156183953 300.78058675270501
41.107570926682655 -34.392588957453384 301.15311664602024
41.419060122584291 -34.242874304923539 301.64358581289457
41.730549318485913 -34.093159652393702 302.13405497976891
42.026917587317087 -33.804446530692402 302.5685783768231
42.323285856148253 -33.515733408991096 303.00310177387729
42.712284079690178 -33.29617849514112 303.40369635931944
43.038101462710102 -33.107565445962408 303.8708881300106
43.347885976958402 -32.899635887466822 304.34078051496249
43.692736981398241 -32.679255567567608 304.77954047136001
44.037587985838066 -32.458875247668402 305.21830042775753
44.364052941031169 -32.265459266042619 305.68307014609394
44.690517896224272 -32.072043284416843 306.14783986443035
45.029091045068625 -31.867436511167917 306.59895436344613
45.367664193912965 -31.66282973791899 307.05006886246196
45.706237342757341 -31.458222964670039 307.50118336147773
45.98982715587384 -31.295855688920064 308.00438678521618
46.350896984110207 -31.085601979714035 308.43499328412497
46.71196681234656 -30.875348270508006 308.8655997830337
46.980104170173398 -30.64079772969572 309.34839207910142
47.426330841147163 -30.408080377044588 309.67507907285341
47.751397422178194 -30.161516702544425 310.11500869485423
48.108268898330813 -30.022499462810252 310.57687118149431
48.442175509064967 -29.791341685374807 311.01854125885876
48.77702706600391 -29.581159314288648 311.46987019178925
49.143702656516481 -29.276330449634393 311.83405197963128
49.510714815185501 -29.128759819262267 312.28518941372505
49.877726973854521 -28.981189188890141 312.73632684781876
50.207595841650516 -28.727246468516672 313.16841436768982
50.541640548954611 -28.506290967167491 313.61517246772348
50.882953668707479 -28.251549588726668 314.03779781527686
51.224266788460362 -27.996808210285831 314.46042316283024
51.583318523259138 -27.815955706775071 314.90581537617919
51.970591459943137 -27.574503226757447 315.29532837006451
52.357864396627143 -27.333050746739808 315.68484136394977
52.692362700522764 -27.114154444939565 316.13227325122324
53.026861004418365 -26.895258143139337 316.57970513849676
53.45996004611883 -26.880791252765192 316.99469420963123
53.81261439713937 -26.663430808719049 317.42873262506276
54.165268748159917 -26.446070364672913 317.86277104049435
54.510060505206141 -26.181918315381985 318.27670622760508
54.840494506601488 -25.942207863275335 318.71642462598368
55.204481063225785 -25.781997838118208 319.16569796643017
55.550069483119991 -25.582618063658856 319.61382333903424
55.89884633417612 -25.3750951345204 320.05573842369324
56.228053088006916 -25.082295515765534 320.46303597645931
56.586674521381212 -24.96497301167474 320.92954010029791
56.945295954755508 -24.847650507583946 321.39604422413652
57.286642100799781 -24.595609172932665 321.82025876208627
57.627988246844062 -24.34356783828138 322.24447330003602
57.971712459029433 -24.156177329004112 322.69915831517324
58.330158797959214 -24.041909129447106 323.16655429363033
58.688605136888988 -23.927640929890099 323.63395027208742
58.998650849660535 -23.610214083314805 324.03782135679791
59.355047401895924 -23.460533107636472 324.49670816536258
59.711443954131298 -23.31085213195815 324.9555949739273
60.045687137654134 -23.313573422975779 325.45386607367493
60.422549623721714 -23.07465640865237 325.85498117793026
60.754261514675875 -22.830935037236966 326.29152111254677
61.085973405630021 -22.587213665821565 326.72806104716335
61.431079449957529 -22.316592113712797 327.13753118490581
61.803931412822557 -22.198398761258758 327.59251661898406
62.176783375687577 -22.080205408804716 328.04750205306232
62.539794883995249 -21.936621419094358 328.50314037754242
62.902806392302907 -21.793037429384 328.95877870202253
63.238641863132806 -21.606032326514889 329.41947776652489
63.585607094472991 -21.426626559916404 329.87492117590995
63.93257232581319 -21.247220793317915 330.330364585295
64.403625678433229 -21.207336121777562 330.6998479434609
64.759367808566495 -21.057644205259269 331.15923869976461
65.113260784632203 -20.947731668937109 331.63112745344563
65.470576064310762 -20.793884143911214 332.08791704390455
65.827891343989322 -20.640036618885315 332.54470663436348
66.21926299132052 -20.551957829684945 332.99087965075762
66.610634638651689 -20.463879040484581 333.43705266715182
66.978322107559663 -20.431708386526406 333.910097035295
67.313647718565647 -20.254003951835209 334.37483122652105
67.65401956636336 -20.088010444229624 334.8402269298312
68.038484390513972 -19.966679049802547 335.2845978241495
68.423689367854934 -19.911512611987952 335.74129661938616
68.767935876387185 -19.746067518610612 336.20403008742221
69.112182384919436 -19.58062242523328 336.66676355545832
69.442542821549893 -19.42151645081471 337.14168172821405
69.772903258180321 -19.262410476396152 337.61659990096985
70.101599824045792 -19.346738312279079 338.11142045802416
70.464351833630374 -19.152650516382501 338.54815940410793
70.827103843214985 -18.958562720485915 338.98489835019166
71.175977120166422 -18.975349776117159 339.47275655847807
71.524850397117859 -18.992136831748397 339.96061476676448
71.705507423769362 -18.613157554754302 340.38926117854282
72.229620018392239 -18.498638812882657 340.90921237517534
72.753732613015117 -18.384120071011012 341.42916357180775
78.124511571956006 -16.885080468003938 348.43297957116249
78.549314963680317 -16.772746890924871 348.84154198480348
78.974118355404642 -16.660413313845801 349.25010439844442
79.241765173000232 -16.626982511917568 349.78605921231718
79.631668679534442 -16.388228337761429 350.17460998109181
80.028491410792753 -16.31535076953811 350.61870521863273
80.416291661939368 -16.117408741740871 351.03153680516914
80.763608832502527 -15.948692049729711 351.49078125082832
81.126998924343894 -15.843371825287496 351.95645849042137
81.490389016185247 -15.738051600845282 352.42213573001436
81.91316844972944 -15.674825714191945 352.84315833965536
82.287424348736835 -15.571120829072635 353.30051795621608
82.653649649108488 -15.472353300802931 353.76540934646454
83.068387958629515 -15.327024881210537 354.17390877739979
83.437139432792847 -15.301856276310266 354.64654911807099
83.84122887958442 -15.08524775346188 355.03357943577373
84.245318326376008 -14.868639230613496 355.42060975347653
84.5252117138198 -14.959552973015297 355.94348104080041
84.900887966135173 -14.858832112240901 356.40034279412532
85.276564218450574 -14.758111251466502 356.85720454745029
85.603099624312804 -14.747889514524189 357.36046406778968
85.947907574556893 -14.73371419637472 357.85128637555886
86.306336808200996 -14.594331409377954 358.31183053539405
86.646198838440156 -14.486508751245813 358.79439459828626
86.995343965583814 -14.413158099712343 359.27680247769069
87.344489092727443 -14.339807448178869 359.75921035709507
87.732255755915133 -14.248350650201695 360.20784458341319
88.120022419102824 -14.156893852224522 360.65647880973131
88.480785097490241 -14.067053209454732 361.12741293335097
88.841547775877658 -13.977212566684944 361.59834705697068
89.238159826151247 -13.853678936563281 362.03128853547179
89.562512362451159 -13.779245211734011 362.53054303250099
89.928163394328337 -13.64045015342648 362.98555430123673
90.328061599337758 -13.525046538791585 363.41771564999374
90.682616791139168 -13.462961053359672 363.89775315734636
91.063604229504236 -13.340010562377003 364.34466673800279
91.423100612090167 -13.276499263893481 364.82082707431039
91.791241172435861 -13.131224752460643 365.27179031467074
92.150437848541074 -13.029744270312857 365.74155563865503
92.552055520061302 -12.909882123310558 366.17089968675475
92.892564685454275 -12.936254576646203 366.66421297665119
93.25011587861772 -12.756100703177299 367.11109296741108
93.607797741873085 -12.658612235709768 367.58285528405895
93.966253655541522 -12.591054082936838 368.0592429979539
94.361991439505118 -12.501072650411952 368.50116487809152
94.757729223468715 -12.411091217887066 368.94308675822907
95.125197891526525 -12.387251421754327 369.41679388517161
95.516253432869092 -12.274088399982226 369.85755424419756
95.907308974211674 -12.16092537821012 370.2983146032235
96.269592869238608 -12.135416122672984 370.77591240188474
96.604425424416576 -12.075582530341025 371.2701867196696
96.93925797959453 -12.015748938009068 371.7644610374544
97.289348656302352 -11.858173020574544 372.22555359684668
97.639439333010174 -11.700597103140021 372.68664615623891
97.972530689115914 -11.565571551871718 373.16708163472936
98.222927634541662 -11.693885535411315 373.69702209492243
98.57627187958451 -11.594045184527287 374.17155317802496
98.929616124627358 -11.494204833643263 374.64608426112744
99.282960369670121 -11.394364482759253 375.12061534423003
99.493576627396735 -11.377534058859499 375.68218237390022
99.831739435412629 -11.251279175776592 376.16145851535998
100.1699022434285 -11.125024292693682 376.64073465681975
100.49011735042139 -11.264262538576698 377.12866395101815
100.82167091485726 -11.177045604167759 377.62107174976035
101.14750426650636 -10.975581382249974 378.08285610878539
101.4665401923273 -10.947684634926725 378.59023944466105
101.78557611814824 -10.91978788760348 379.09762278053677
102.15278004306818 -10.854661587775757 379.56764388920544
102.51998396798811 -10.789535287948034 380.03766499787417
102.86215549591937 -10.754790773861176 380.52930659926085
103.2043270238506 -10.720046259774318 381.02094820064752
103.58426395130428 -10.769723167415961 381.48266254524191
103.96420087875796 -10.819400075057604 381.94437688983629
104.22554159974148 -10.514714384288848 382.39032269079934
104.59257378496427 -10.492801087003603 382.86446104867889
104.95307304616574 -10.51052570281391 383.34375857701338
105.30751735768884 -10.497157493300039 383.82769092869421
105.62934599322477 -10.482827605782745 384.33387368588058
105.98558980274052 -10.456977552407679 384.81597546239902
106.34183361225624 -10.431127499032616 385.29807723891747
106.62854945966762 -10.420778829140705 385.82503732077816
106.9588898408244 -10.481024872595821 386.32227533906035
107.19140195302505 -10.732849493112889 386.81474105175658
107.47229042886565 -10.612157615725412 387.33101146043077
107.75317890470623 -10.491465738337936 387.84728186910496
108.23305851768544 -10.367275317150364 388.18535330583421
108.71293813066461 -10.243084895962797 388.52342474256352
108.85214798151347 -10.348782273492759 389.09740094573738
108.99135783236231 -10.454479651022718 389.67137714891129
109.25771244401002 -10.430248618796274 390.20846939232132
109.52406705565777 -10.406017586569824 390.74556163573141
109.81558772046874 -10.441872168452067 391.26875390530938
110.1321006057503 -10.443556560394065 391.7784761397416
110.44861349103186 -10.445240952336061 392.28819837417376
110.7779616959029 -10.491231703454128 392.78761264185124
111.10730990077393 -10.537222454572191 393.28702690952866
111.46438527928201 -10.494007076991338 393.76726602205895
111.81392075767531 -10.412404967188408 394.24806332344497
112.16419364759459 -10.291455957586477 394.7199533950336
112.54334302855614 -10.230892525261762 395.18101501519033
112.90368798954043 -10.203188796563094 395.65995552559787
113.26406371745543 -9.9463217877609136 396.06510818141879
113.6244394453704 -9.6894547789587371 396.47026083723978
113.93787062470713 -9.4657649013844409 396.93039531159525
114.25130180404388 -9.2420750238101395 397.39052978595066
114.45847344496231 -9.0035389642545596 397.87375616934185
114.66564508588074 -8.7650029046989815 398.35698255273309
