105.13263543965681 38.368512380351468 266.85701712220856
85.060616249868914 -15.207929411965605 329.38047757238706
105.13263543965681 38.368512380351468 266.85701712220856
105.15423409243365 38.121739607594172 267.40349374277332
105.06294646307546 37.826598437537797 267.91784601356051
104.89987525276854 37.564830666895212 268.43251621341852
104.73680404246161 37.303062896252605 268.94718641327648
104.72401011632856 36.88692072407563 269.37923040176599
104.7112161901955 36.470778551898647 269.81127439025556
104.45391302876939 36.238284220696393 270.30090840569864
104.64865715628328 35.804217743923971 270.66650520347082
104.5758490507986 35.438475170052797 271.13653855274913
104.38971474277832 34.886033199043347 271.27853111609318
104.20358043475805 34.333591228033889 271.42052367943722
104.14875792060975 33.948795162891933 271.8776084420291
104.10478286791601 33.582486380952489 272.35077233648286
104.00872732742921 33.231549617600336 272.82786427863834
103.93721342038194 32.756743856477286 273.18764928430585
103.86569951333465 32.281938095354263 273.54743428997347
103.80537159010257 31.922248330911039 274.02386247452307
103.67941167121026 31.468534863899816 274.39572022781766
103.55345175231798 31.014821396888784 274.76757798111248
103.47619799207693 30.65809117157956 275.24378739185465
103.38535794210486 30.160714588232121 275.56684252593971
103.28836818546968 29.914204878753299 276.10519738125402
103.17917822502727 29.425137622716601 276.43518339855075
103.06998826458486 28.936070366679893 276.76516941584737
102.97479606070291 28.45645584844484 277.11288820771551
102.88145715685619 28.089482191624093 277.57831079443463
102.81687714978553 27.822883220320971 278.11193464246514
102.69129318360945 27.335960011688947 278.43924864512155
102.5153372175765 26.852923516552572 278.74862744592048
102.5017959541763 26.454600194072253 279.19713069557844
102.2182571850166 25.927928943236203 279.24428109246099
102.3217172233668 25.34728497919529 279.13406037078209
102.23665767445557 24.95563134705764 279.58057163107952
102.07514002994776 24.851261766981196 280.14891927228803
101.91362238543994 24.746892186904752 280.71726691349659
101.84559648605556 24.289399567587001 281.09946186412088
101.767861899129 23.695228305615561 281.06916589998991
101.7440827150252 23.098672926283825 281.12880003278082
101.72030353092138 22.502117546952089 281.18843416557172
101.52166142144853 22.056429459681265 281.53758089863544
101.26988446113947 21.728418106550997 281.97234165408054
101.24296234427267 21.668375075729863 282.56872243351029
101.21604022740584 21.608332044908728 283.16510321293998
100.96225891676532 21.126615427249945 283.41718285638819
100.7865351150631 20.814393544645373 283.89847137852246
100.67231529399527 20.456832019145118 284.36655640066817
100.52015750313703 20.042302160634073 284.77277432627454
100.35520133293869 19.617620466283736 285.16320347528523
100.19024516274037 19.19293877193342 285.55363262429597
100.12682229901093 18.791269167547334 285.99481180475289
100.05372004012355 18.331262001330636 286.37303061281887
99.980617781236177 17.871254835113945 286.75124942088485
99.806526536766128 17.549732762799799 287.22697601843191
99.632435292296094 17.228210690485639 287.70270261597898
99.549797231743327 16.659133748080706 287.87394041721205
99.351790043930947 16.2593476336192 288.27514387714029
99.153782856118568 15.859561519157685 288.67634733706853
99.168438971287614 15.368479376279117 289.02076500100861
98.963672766240876 14.998127375083914 289.44610039394161
98.779297978793338 14.658857682157242 289.90534108597046
98.87355599729247 14.120270733108651 289.65827930369085
98.627403783486713 13.753649673397936 290.06447886820945
98.38125156968097 13.38702861368723 290.47067843272811
98.323152127363954 13.030072243569109 290.94943369863603
98.265052685046967 12.673115873450962 291.42818896454389
98.103262637619807 12.163114616810315 291.69970820654805
97.995227143037283 11.75640527072051 292.12739482045305
97.887191648454774 11.349695924630698 292.55508143435799
97.942275161265982 11.136791666741122 293.11332652711644
97.632680102748026 10.643257270007563 293.25676536070802
97.507637910041041 10.268507233213203 293.70834797769589
97.332086760206877 9.7669259507265913 293.98691217290229
97.156535610372714 9.2653446682399867 294.26547636810869
97.058782316790655 8.9973583149812377 294.79332824890571
96.903918419345928 8.7257225340665823 295.30541337444163
96.799828075037766 8.2273126646152583 295.62282919360524
96.659422954619885 7.7962338486423279 296.0158399524654
96.519017834201975 7.3651550326693753 296.4088507113255
96.349784707929715 6.9157068395363792 296.76851231709065
96.16368621787997 6.5998449631270777 297.24348455526081
96.000258754585076 6.2003126822447658 297.66021638842693
95.836831291290167 5.8007804013624371 298.076948221593
95.724322440537961 5.3062776366104361 298.39758629505752
95.4633350003717 4.8491929919486916 298.68561265442406
95.287702098701217 4.4812998307818948 299.12584862048936
95.112069197030749 4.1134066696151059 299.56608458655478
95.17740832245542 3.7947682168071437 300.07026742549408
94.868578675166205 3.3596332744932496 300.34464277229603
94.659087615915269 3.0120934306938962 300.78660380345809
94.492258832672533 2.6351315165168421 301.22257154577591
94.400231983244723 2.3198584378074245 301.72470095621259
94.308205133816898 2.0045853590979843 302.22683036664927
94.099755024967976 1.560010333155027 302.57165147741352
93.936775444736512 1.2026812597515186 303.02525217155778
93.773795864505047 0.84535218634799558 303.47885286570209
93.62100561912618 0.55323468612305859 303.98017362826772
93.478886320276516 0.15517673015113836 304.40602802660351
93.336767021426866 -0.24288122582078003 304.83188242493929
93.179759369512993 -0.59861398311920022 305.28883187797032
93.022751717599149 -0.95434674041761958 305.74578133100135
92.87675555258545 -1.286285645981164 306.2237998272696
92.714548471363031 -1.7119942901539367 306.61426239023547
92.598384531954849 -2.0193285961206424 307.11630976206123
92.482220592546682 -2.326662902087353 307.618357133887
92.325192764952888 -2.7409765779546533 308.02293894186965
92.186562005751 -3.0330593712615661 308.52837850745306
92.047931246549112 -3.3251421645684771 309.03381807303646
91.909300487347224 -3.6172249578753553 309.53925763861986
91.798503929665429 -4.0360784896327271 309.95433093544852
91.624865529853835 -4.3867631113707031 310.40916057628931
91.453617109348571 -4.7737691073134609 310.83448437950142
91.282368688843292 -5.1607751032562099 311.25980818271353
91.333020741486934 -5.2815213525355862 311.84534615146356
91.13357908579674 -5.6903592027532097 312.2365936922929
90.998841370789364 -5.9642820605570872 312.75313218662529
90.864103655781975 -6.2382049183609762 313.26967068095763
90.621662884224307 -6.6259951802213095 313.6580534626213
90.379222112666639 -7.013785442081641 314.04643624428502
90.181847501119407 -7.2789303867015391 314.54717711645253
89.984472889572174 -7.5440753313214417 315.04791798862004
89.813608978800488 -7.9660875532580109 315.43870080366185
89.624723578932347 -8.20287476909734 315.95663334765931
89.435838179064191 -8.4396619849366719 316.47456589165682
89.205990232493207 -8.7674555092214614 316.92146781254553
88.976142285922236 -9.0952490335062457 317.36836973343429
88.784262488836433 -9.4065897509470471 317.84402622832715
88.581186622262436 -9.7338978214966669 318.30405842216612
88.378110755688482 -10.061205892046274 318.76409061600509
88.154290746723078 -10.328308404972404 319.25251753088111
87.930470737757688 -10.595410917898532 319.74094444575707
87.729729703810733 -10.991779981689172 320.1441746561328
87.539308573677147 -11.264991099149345 320.64326931498499
87.348887443543546 -11.538202216609507 321.14236397383718
87.167934062091589 -11.881328720062044 321.60009760420485
86.986980680639633 -12.224455223514585 322.05783123457252
86.837085895948306 -12.509379859863085 322.56414092747207
86.687191111256979 -12.794304496211591 323.07045062037156
86.622519064497538 -13.051560237374531 323.60862996780759
86.454015878072497 -13.344918402188906 324.10415762929716
86.285512691647455 -13.638276567003265 324.59968529078674
86.286713918933458 -13.788752915802982 325.18050834947582
86.01998155584802 -13.932534590272294 325.6983699879176
85.898658448713476 -14.141977073409787 326.2473823283367
85.768353992331328 -14.403540359548487 326.77141037719599
85.638049535949193 -14.665103645687179 327.29543842605528
85.432849172012723 -14.820702743133356 327.83736252730398
85.290716804070968 -15.036128996608715 328.37901732447364
85.175666526969934 -15.122029204287163 328.87974744843029
85.060616249868914 -15.207929411965605 329.38047757238706
