138.57719738262514 34.135008824291333 204.79713595383089
176.41973725130055 -15.771928031436099 172.81951846836495
138.57719738262514 34.135008824291333 204.79713595383089
138.88424708036348 33.785919136158704 204.41785126819454
139.19129677810182 33.436829448026074 204.03856658255819
139.49834647584015 33.087739759893445 203.65928189692187
139.73406203487349 32.551496997306032 203.52935162792261
139.88818761610486 31.991817365227785 203.37768088372042
140.04231319733623 31.432137733149538 203.22601013951822
140.47864540333848 31.24307413217182 202.86012879155066
140.91497760934075 31.054010531194098 202.49424744358313
141.01854271230945 30.475717738006686 202.37237983182928
141.0613120528937 29.87816551067338 202.33918165243657
141.44158956428006 29.54989555088725 202.01111481803267
141.82042303510894 29.262328417930899 201.64534119210674
142.07715430600354 28.768763016931285 201.42065863942196
142.33388557689813 28.275197615931678 201.19597608673718
142.54547493725568 27.750519273943155 200.99611968821151
142.80161567478018 27.317806067595704 200.66878010363166
143.05775641230471 26.885092861248257 200.34144051905179
143.31389714982916 26.452379654900749 200.01410093447197
143.68871958649407 26.038269474549889 199.7949642202903
144.06354202315902 25.624159294199028 199.57582750610862
144.41651645430946 25.23045077912753 199.29227388487584
144.66690886572954 24.738973734466789 199.05615113104898
144.97552263319329 24.304843832046146 198.77994691247864
145.31764977084964 23.910252198359888 198.48457178775772
145.62892205897649 23.494708760420856 198.18385063148486
145.96579118000028 23.063912287847373 197.93700332135387
146.18189817815033 22.526019410115364 197.78218401559471
146.39800517630039 21.988126532383351 197.62736470983555
146.8013099948397 21.804165238236372 197.22300909209449
147.18502064544109 21.522151085823921 196.85799655196178
147.14301274036012 20.927456414949241 196.92562483261389
147.49619040376683 20.651226302242673 196.52692386333405
147.84936806717354 20.374996189536112 196.12822289405418
148.20254573058031 20.098766076829559 195.72952192477436
148.55807577422988 19.661087572484085 195.52449530480405
148.87752008157744 19.248843982206637 195.2278295724075
149.19696438892501 18.836600391929192 194.93116384001092
149.51227886248094 18.43458804364807 194.61658021902016
149.81778333254329 18.022028171489005 194.30599791003266
150.14435386988015 17.594324527654354 194.04062783411209
150.48898091503057 17.218213614512699 193.72475953756015
150.83360796018098 16.84210270137104 193.40889124100818
151.16449830730269 16.472877429496251 193.07097960050038
151.49313286458843 16.062526512470807 192.78182315036662
151.80158299891559 15.644840786465465 192.48116196410382
152.20871450803679 15.342423805076587 192.16055643756329
152.5438061535047 14.931050449423779 191.88040370886597
152.91540634216543 14.561998903021429 191.58763373792402
153.28700653082615 14.19294735661909 191.29486376698205
153.58374589713054 13.797709151286194 190.9546689558363
153.88048526343493 13.402470945953301 190.61447414469052
154.31534262669231 13.064965232715315 190.3757505238388
154.64569421516268 12.678566893761154 190.05705921293034
154.97604580363307 12.292168554806993 189.73836790202185
155.31223455942589 11.894896910690857 189.43978397536179
155.66398850241708 11.465740610563302 189.21154280105057
156.02421229954834 11.110234538509715 188.88927854812545
156.41050163674765 10.789716041764073 188.56057132093073
156.77353691130824 10.431027365021158 188.24505932020631
157.13657218586883 10.072338688278245 187.92954731948188
157.49960746042947 9.7136500115353392 187.61403531875749
157.87213548818664 9.3141581930721902 187.36578311732441
158.24466351594378 8.9146663746090464 187.11753091589134
158.61722871347718 8.5690612612405364 186.79854458514905
158.98979391101059 8.2234561478720511 186.47955825440673
159.34049499222402 7.7999356422541011 186.2394767412558
159.69119607343751 7.3764151366361492 185.9993952281049
160.0488013544697 6.9810711609797256 185.72403799851025
160.43605982481375 6.6019953599160717 185.46648719925943
160.74886859546254 6.1521862147368456 185.22190100603029
161.11324865425502 5.7324806455422843 184.99590452831114
161.53237611267787 5.4598688422753634 184.66421946938391
161.83290143296742 5.0076100738362497 184.40898127037207
162.13342675325697 4.5553513053971351 184.15374307136025
162.4994234511868 4.1760867658440217 183.86702923119546
162.8654201491166 3.7968222262909057 183.58031539103069
163.09746341526096 3.3218700231358396 183.29645569442829
163.56024150413134 3.0476840895238473 183.03063900144079
163.85670392279422 2.5604546136265838 182.84431274956677
164.15316634145711 2.0732251377293145 182.65798649769269
164.55748917101161 1.730520900093675 182.3767804255541
164.96181200056611 1.3878166624580324 182.09557435341551
165.3000519192735 0.96158514747582713 181.84274940799122
165.63829183798092 0.53535363249362733 181.58992446256696
165.96869591402236 0.075933353585006455 181.39050993485466
166.25084772233618 -0.41806626755409704 181.19984076750012
166.63152489205217 -0.77316503970135853 180.90152926172718
167.03129978155317 -1.0904044560269828 180.58603094088562
167.43107467105415 -1.4076438723526006 180.27053262004407
167.46222705903676 -2.0068005593261198 180.26414566631811
167.86904749848617 -2.3434207749763587 179.9792176746048
168.27586793793557 -2.680040990626618 179.69428968289148
168.64155165223548 -3.0766109453944535 179.4315965309608
168.98399210775642 -3.5066414829788455 179.19116302421207
169.33324397606083 -3.9243086384351193 178.93901766982506
169.69165870972469 -4.3317903688119745 178.68309284081909
170.06087584059827 -4.7295109203733441 178.42716888114506
170.3604796871702 -5.1843855717854064 178.17552113801582
170.63488476600699 -5.6903632922113854 178.00614463686793
171.02970850609219 -6.0155023947097845 177.69245884137879
171.3588048507807 -6.4489521210087206 177.43983871018563
171.73077711085477 -6.8337571497256251 177.16861605698432
171.96246703836249 -7.3344715496983515 176.93280921409925
172.3787605108563 -7.6377921636208583 176.62508149365675
172.6684440407079 -8.1072587460883803 176.38910568879749
172.9581275705595 -8.5767253285558986 176.15312988393822
173.30738423504775 -8.997114430230301 175.90555608584174
173.69030095208987 -9.3480820096900779 175.60522868786106
174.07321766913199 -9.6990495891498618 175.30490128988043
174.36669087751002 -10.146601319098979 175.03366168181429
174.66016408588808 -10.594153049048096 174.76242207374821
175.10663482563595 -10.897183424141501 174.50005502109155
175.37940455976741 -11.379230097778798 174.26934378040949
175.6521742938989 -11.861276771416083 174.03863253972739
175.68080494950661 -12.400224032299736 173.77649491262002
175.70943560511438 -12.939171293183382 173.51435728551263
175.591041351039 -13.516642369821536 173.40250936980425
175.66849240274252 -14.086559414670159 173.23164130204134
175.67705995197019 -14.598927571185786 172.91954280911162
176.04839860163537 -15.185427801310942 172.86953063873827
176.41973725130055 -15.771928031436099 172.81951846836495
