-81.764475453968188 87.769787059596183 129.67020298328643
-55.16890055368026 68.40344109674497 66.304170456440218
-81.764475453968188 87.769787059596183 129.67020298328643
-81.558094617627987 87.531800934614552 129.15954697900594
-81.351713781287785 87.293814809632906 128.64889097472542
-81.454895984816076 87.201411235069173 128.06509733628553
-81.459054239796032 86.904270061674126 127.54385858869577
-81.390233391720642 86.561371031843379 127.05633018315277
-81.237874228398255 86.410893075872281 126.49584550885876
-81.160182129788538 86.116843443098077 125.97864269440493
-81.063105339764689 85.9845211130081 125.4015232112836
-80.861669772921658 85.989009611540723 124.83636521055146
-80.660234206078613 85.993498110073361 124.27120720981932
-80.453436225224706 85.748895898117681 123.76385688408656
-80.300465268375916 85.57122855941455 123.21155786804643
-80.104425956311871 85.314677444374212 122.70584044349293
-79.917194922825473 85.120546089105616 122.16987630569899
-79.687257254022384 84.959836487706212 121.63949805154122
-79.41508415602793 84.849660801683328 121.11625516058379
-79.142911058033491 84.739485115660457 120.59301226962637
-78.883180508308484 84.462334861642162 120.12854722439999
-78.623449958583478 84.185184607623867 119.66408217917362
-78.312174504131917 84.094213017903144 119.15927354085643
-78.000477641384364 83.922543481476694 118.67618489886983
-77.749553951628997 83.601691004146659 118.23562730931913
-77.448470808330484 83.476129554877105 117.73205679461554
-77.148304412222089 83.210033305350336 117.28585849717919
-76.937739060852195 82.972962467512758 116.77648667753321
-76.584696019419951 82.797944929407862 116.32401626717254
-76.407337346203079 82.467071627170753 115.85597058681488
-76.200638521464924 82.168779112896146 115.37816605378949
-75.986491977534072 81.916471115406097 114.87768435369944
-75.745248175543637 81.679259091231955 114.38217261459693
-75.504004373553201 81.4420470670578 113.88666087549441
-75.274463125198537 81.125210973987848 113.43177000349108
-75.041703419968513 81.001373044384664 112.89280146376652
-74.766160326081518 80.878620527775453 112.37414182288698
-74.554995793473438 80.615366339580845 111.87805032672281
-74.315332056790112 80.472365185204907 111.3469081958707
-74.075668320106814 80.329364030828984 110.81576606501855
-73.889567489657864 79.970839477751582 110.37211459624282
-73.62345726168715 79.815354620810325 109.85732356501623
-73.299335799540131 79.694404257394496 109.3671029133039
-73.030629549096489 79.472791624968607 108.87854913722413
-72.833145364766878 79.269312522701881 108.34978051875251
-72.635661180437268 79.065833420435126 107.82101190028088
-72.399534671029301 78.94230215125927 107.28343930323877
-72.197957044137738 78.71830714297667 106.76460147057692
-71.928471993224889 78.586387980185222 106.2450101486489
-71.658986942312055 78.454468817393774 105.7254188267209
-71.502841414523161 78.356774220168461 105.15438963322507
-71.244834460562231 78.196347292865411 104.63699654020593
-70.986827506601287 78.035920365562376 104.11960344718679
-70.793856322553566 77.753439383565507 103.6266870070701
-70.503369867474234 77.665835095236588 103.10905479392855
-70.224843549783174 77.527514653020475 102.59593634208863
-69.946317232092127 77.389194210804376 102.08281789024872
-69.789824449234644 77.209944257476849 101.53201895856348
-69.572463892292177 76.988753309865032 101.01837613229191
-69.339213000979242 76.836637932291723 100.48691123824203
-69.105962109666308 76.684522554718413 99.955446344192154
-68.893222326737401 76.528192224180174 99.416648968072735
-68.629729010558052 76.385124862925608 98.896934621077719
-68.350910157044197 76.268930956918012 98.37851488463636
-68.078042055811864 76.115277818710638 97.866720284773407
-67.805173954579516 75.961624680503263 97.354925684910455
-67.657790629837876 75.663653607263711 96.855434548752299
-67.332617027168141 75.620391313864928 96.35304973399704
-67.168544545434116 75.415431433756112 95.813539151817764
-67.004472063700092 75.210471553647295 95.274028569638489
-66.729413724436199 75.088830762489678 94.754849960749468
-66.454355385172306 74.967189971332047 94.235671351860461
-66.117525672890878 74.851583950575701 93.752783173407835
-65.930817631576176 74.67777419688305 93.209708338021656
-65.744109590261473 74.50396444319037 92.666633502635477
-65.435800372308023 74.222001706891149 92.23600321867535
-65.127491154354573 73.940038970591914 91.805372934715223
-65.001138626433232 73.962373591968785 91.219253319469459
-64.749008823058219 73.790224392203825 90.702731088321215
-64.49687901968322 73.618075192438852 90.186208857172971
-64.281950169204023 73.440029110628046 89.655073109944908
-64.067021318724841 73.261983028817241 89.123937362716831
-63.826110241252081 73.130312768861984 88.590434977160569
-63.516147137210737 73.036811637515441 88.0852811267645
-63.278191310695867 72.822515294275973 87.577881775265283
-63.049180807715004 72.738883508774805 87.029648326834462
-62.780971391243177 72.587218006636391 86.514807298577253
-62.512761974771351 72.435552504498006 85.99996627032003
-62.262024592681726 72.25202353016914 85.486694528642559
-62.020724892016496 72.108303768682021 84.956487885326041
-61.782251789107477 72.039967468057597 84.410172290448955
-61.54939994115729 71.870093491954535 83.883937695283336
-61.356419595583112 71.748846422160668 83.328908205716814
-61.081921373197851 71.54757324463769 82.834803121835719
-60.73143613102885 71.568364771983354 82.348256302493141
-60.58954648650689 71.333520958599223 81.814668716343846
-60.44765684198493 71.098677145215106 81.281081130194536
-60.30576719746292 70.863833331830989 80.747493544045241
-60.023645978476736 70.953402453914549 80.225588389666669
-59.856179079612602 70.790017804324563 79.673084729893091
-59.68871218074846 70.626633154734591 79.120581070119528
-59.444008291351949 70.645394113348402 78.57307030954388
-59.367683777946148 70.331866429937335 78.067229464625001
-59.150346157368801 70.250280279097467 77.513959134069566
-58.933008536791462 70.168694128257584 76.960688803514145
-58.748077443761325 70.097811033779635 76.394317831669795
-58.563146350731174 70.026927939301686 75.82794685982546
-58.351140784081814 70.007529526688359 75.266985772674332
-58.207372348509054 69.718608316164506 74.761164488975837
-58.011782345618613 69.701601818969095 74.194194181267875
-57.816192342728165 69.684595321773699 73.627223873559927
-57.625036133926663 69.407820881680976 73.130378612791546
-57.419554306774117 69.361423243555492 72.568573951110608
-57.215078557870832 69.326494754844887 72.005573357161694
-57.022658249964806 69.234811886044085 71.444709134132808
-56.835707532342347 69.098491369374599 70.891115288506427
-56.648041425857215 68.861965207124499 70.372620537281335
-56.455438546443403 68.821541450473049 69.805813647115301
-56.262835667029606 68.781117693821599 69.239006756949266
-56.040823794004666 68.663168575765454 68.694214380180156
-55.821512318681016 68.604657072681803 68.138805629080338
-55.543550001607649 68.58359639709434 67.607492728586664
-55.265587684534282 68.562535721506904 67.07617982809299
-55.16890055368026 68.40344109674497 66.304170456440218
