59.412847421821297 173.20798014750548 165.63804290004214
104.87611448403047 123.87441987691371 102.46052979681062
59.412847421821297 173.20798014750548 165.63804290004214
59.31007333006162 172.61704974412302 165.62259154342823
59.498613713379711 172.05825993207253 165.51210864969866
59.515677985242483 171.4597119769594 165.47404086731419
59.532742257105234 170.86116402184626 165.43597308492969
59.849430041758055 170.67561817762049 164.96133471022509
60.050994172584112 170.20536892109627 164.64790602949736
60.252558303410161 169.73511966457201 164.33447734876961
60.481096690243547 169.35053459119848 164.09094317390907
60.481096690243547 169.35053459119848 164.09094317390907
60.632148678077371 168.82499079110204 163.84398768975936
60.783200665911203 168.29944699100554 163.59703220560968
61.045535047996474 167.95124443475882 163.18479968408914
61.307869430081745 167.6030418785121 162.77256716256858
61.352754996323299 167.00473810318857 162.77679544552672
61.55629233223582 166.53246324939738 162.46771776052483
61.759829668148313 166.06018839560602 162.15864007552312
62.080107051588222 165.71413646993381 161.78760037091533
62.397864151661437 165.37321453216754 161.40970798186422
62.715621251734646 165.03229259440127 161.0318155928131
63.021494588939404 164.57604983273578 160.79039470718993
63.353108251099989 164.18136727337878 160.48337995769432
63.667055227440741 163.80390472626536 160.13847515695483
64.00311216925158 163.42107944079024 159.82144119558535
64.249715979181616 162.9957361571856 159.47753764512325
64.496319789111652 162.57039287358103 159.13363409466112
64.836337710695062 162.23442581662334 158.77098557385716
65.120315267323392 161.87722844904852 158.38141300304522
65.396499759076647 161.49036465562145 158.01527295900442
65.662433210825938 161.17758909095133 157.57772199581729
65.928366662575257 160.86481352628121 157.14017103263015
66.257911450812429 160.43896097831498 156.8755017296568
66.542447464688593 160.06934480208764 156.49811182640215
66.829079426541085 159.72143284020714 156.10213280520904
67.115711388393578 159.37352087832662 155.70615378401595
67.368716253144441 158.92941924990754 155.39188911522882
67.678075960292603 158.67319319466318 154.94619327700823
67.938106518796843 158.25296853266144 154.60590613048419
68.19813707730107 157.83274387065964 154.26561898396014
68.565750016130465 157.54130995737549 153.89155080649365
68.866123301824402 157.19590711985785 153.50364260978188
69.12924570506425 156.72338712833553 153.24385142724279
69.307788099470073 156.64125301072158 152.67695055396456
69.627201374796641 156.25963447980672 152.34177529173968
69.946614650123223 155.87801594889186 152.00660002951477
70.266027925449734 155.49639741797699 151.67142476728981
70.551202555968061 155.1991545831236 151.23516552413611
70.836377186486388 154.90191174827018 150.79890628098241
71.160619548677701 154.5659444527999 150.4220868720675
71.399417141966637 154.17077418874817 150.03892088734457
71.638214735255573 153.77560392469644 149.65575490262168
71.936514364193414 153.52673804647597 149.19849884084326
72.234813993131226 153.27787216825553 148.74124277906483
72.485943255122493 152.92559547945203 148.32550821435152
72.737072517113745 152.57331879064853 147.90977364963823
72.972955299201402 152.27558918336734 147.44532085972003
73.100942513414211 151.72501801375304 147.24409794803361
73.361054443091888 151.46563603230391 146.76969013640013
73.62267615383864 151.19449177093884 146.30274809503445
73.88659052818727 150.88871483047402 145.85907066075123
74.147018384906843 150.55762467099538 145.43180418916603
74.413481930685691 150.20306821353739 145.02771645457636
74.684838837709236 149.82723830300824 144.64677379831133
74.956195744732767 149.45140839247892 144.26583114204644
75.276175890090371 149.35646934713034 143.76723382532157
75.596156035447976 149.26153030178173 143.2686365085967
75.883342403334666 148.94518453779168 142.84738913744098
76.170528771221356 148.62883877380162 142.4261417662853
76.46265822886437 148.42736431506904 141.94233558354719
76.753668141081306 148.1246925761439 141.51372964629536
77.048277276859494 147.79954015429152 141.10448478111124
77.33733873274717 147.47112113624135 140.69389444598016
77.626400188634861 147.14270211819115 140.28330411084909
77.933572493522476 146.95532093830997 139.80316510125255
78.240744798410105 146.76793975842875 139.323026091656
78.554211347257905 146.48962975136314 138.89374499176853
78.867677896105718 146.21131974429755 138.46446389188105
79.103821125980488 145.80192732302794 138.09482322800423
79.411426978306181 145.64572606578827 137.60392628683252
79.719032830631861 145.48952480854862 137.11302934566081
80.075489778506522 145.28248146966817 136.67705744273917
80.295369836783493 144.80949791192603 136.38051180699705
80.659995561768511 144.57769008920405 135.96420277033789
80.94878741848747 144.34991801401696 135.49015726064732
81.245793479389519 144.09847432851402 135.03346976048104
81.540158155076313 143.83698570870683 134.58073016709523
81.851667706572059 143.60324229838665 134.12430293580988
82.163177258067805 143.36949888806643 133.66787570452453
82.463986015724302 143.0650544074316 133.24736690612889
82.7647947733808 142.76060992679677 132.82685810773324
83.055118453235437 142.50952482052443 132.36569823271822
83.345442133090074 142.25843971425218 131.90453835770319
83.700246320208834 142.10351449321689 131.44615842283457
84.032119718482363 141.90278802103506 130.98837142991775
84.363993116755893 141.70206154885327 130.53058443700093
84.631984086949217 141.42034980162765 130.07361689836176
84.963985946056582 141.20343850654072 129.62336779440602
85.295987805163961 140.98652721145382 129.17311869045028
85.563255014072723 140.6131243705116 128.78693407473079
85.830522222981472 140.23972152956941 128.40074945901131
86.097789431890206 139.86631868862719 128.01456484329179
86.423352685558399 139.70107444476372 127.53843155551309
86.748915939226592 139.53583020090031 127.06229826773435
87.02547751052748 139.18491856315521 126.66183014194323
87.302039081828369 138.83400692541011 126.26136201615213
87.697925971141984 138.6217504481823 125.86359228534748
87.981871397116564 138.39031335664984 125.38839562318421
88.265816823091129 138.15887626511739 124.91319896102095
88.530020551812527 137.7477242907799 124.56513223792304
88.849120520400305 137.54964417930358 124.09722254633202
89.168220488988084 137.35156406782724 123.62931285474102
89.491168856409729 137.06795769880497 123.21065812894695
89.81411722383136 136.78435132978274 122.79200340315285
90.092073296396038 136.52551464883757 122.32752090152152
90.390325463971578 136.30375640604353 121.856491256712
90.653610590550983 135.86733905350837 121.53991451004813
90.97040527350542 135.724643469711 121.0507528811191
91.287199956459872 135.58194788591362 120.56159125219006
91.521107161306801 135.17755792832665 120.18508603081389
91.815700816952159 134.9692178529871 119.70570206043001
92.110294472597531 134.76087777764755 119.22631809004614
92.404888128242902 134.552537702308 118.74693411966226
92.665022311724869 134.13205474181572 118.40704548125282
92.950629673911422 133.8114249316022 117.9879691642564
93.236237036097961 133.49079512138866 117.56889284725999
93.54295231539524 133.26505220579412 117.10524872349212
93.849667594692519 133.03930929019958 116.64160459972427
94.121166595363377 132.70446206457657 116.22427304313251
94.392665596034234 132.36961483895359 115.80694148654072
94.744130210657346 132.29014025189574 115.32719528834858
95.004203304610158 131.99534526046344 114.87392064883272
95.323362710045529 131.7603016049608 114.42348557700761
95.642522115480915 131.52525794945817 113.9730505051825
95.917621814840373 131.15156445640625 113.59269103223224
96.226731795511768 131.07250120038177 113.0845571705421
96.540787187544794 130.74857478733946 112.68903107826938
96.853560568719814 130.61448462899085 112.19487255971246
97.166333949894835 130.48039447064221 111.70071404115554
97.479107331069855 130.3463043122936 111.20655552259859
97.614694233271706 129.80926916027494 110.97588381335015
97.955981170196466 129.49461933105061 110.59572764589575
98.341773489197379 129.29977270269717 110.17955571265277
98.615078804237086 128.93751544161336 109.78703325270541
98.928169169711836 128.77914284488955 109.30031717155148
99.279617889311254 128.73118935829814 108.81639128816059
99.631066608910672 128.68323587170681 108.33246540476969
99.90454480913553 128.29344158605517 107.96740364441249
100.17802300936039 127.90364730040353 107.60234188405525
100.53455782188661 127.69550966152312 107.16695510113898
100.89109263441284 127.48737202264272 106.73156831822271
101.28729060380439 127.4240356087505 106.14302105330732
111.56722420994238 144.22080143178613 104.67132763582245
111.50337255999497 143.62942896303929 104.75007768348755
111.4820951336504 143.03034734869286 104.77554315973002
111.46081770730582 142.43126573434645 104.80100863597252
111.46630042339116 141.83149711834187 104.7852750070119
111.47178313947647 141.23172850233729 104.7695413780513
111.19056248018219 141.05857367028392 105.27047285532406
111.23048398287904 140.47334252707839 105.14433490447352
111.22809689067711 139.89272198646952 105.29557672942239
111.13144866744112 139.31853193296564 105.44036935148071
111.03480044420515 138.74434187946173 105.58516197353904
110.85307732708824 138.46120311795897 106.08196087695974
110.59082550529629 137.98436601571828 106.33464716446561
110.50898483742999 137.42841760924813 106.54494094570153
110.20539571746505 136.96381974624802 106.77293759465638
110.07669026050681 136.43445965874713 107.02435915918542
109.94798480354855 135.90509957124627 107.27578072371448
109.71241204601986 135.3537242956005 107.29793430845532
109.47683928849119 134.8023490199547 107.3200878931962
109.19277191457562 134.41749982042188 107.68229891000223
108.90870454066005 134.03265062088903 108.04450992680825
108.59699407109008 133.58211992792042 108.28917025839817
108.3516400918234 133.055589027395 108.43939221301837
107.98094437943253 132.6780136416761 108.72227295982563
107.68220880968207 132.21260090257277 108.95497027748574
107.37456134469487 131.73886129977711 109.15726665913887
107.06691387970768 131.26512169698145 109.359563040792
106.75168641986281 130.80233871089297 109.57511710905976
106.43645896001794 130.33955572480448 109.79067117732752
106.10625990508315 129.86590016534268 109.95382446448755
105.77606085014838 129.3922446058809 110.1169777516476
105.3670215134736 129.00512201139506 110.32391474179485
105.03216558976358 128.54519255814535 110.51453585392498
104.67858655131377 128.10303055387601 110.71321807645492
104.34206402573427 127.64339663105338 110.90160397499373
103.92466852199837 127.27966711901067 111.1328653758591
103.72616848969987 126.7223570545415 111.23288152065011
103.29319318874336 126.39822901151665 111.4926379459537
102.91864505442672 126.00507298308912 111.74786731807026
102.4887870004969 125.70057609957789 112.03510189364154
102.52179254243018 125.11886260029216 111.89185372105132
102.17781660409898 124.71988674235654 112.17907979687611
101.76811712440085 124.24178346643666 112.5206460108589
101.76811712440085 124.24178346643666 112.5206460108589
102.03274838798457 124.32249256510291 113.05305218637395
102.23281391428557 124.37863206057253 113.61592174696
102.42829026876355 124.51247361960175 114.1671707214866
102.62376662324152 124.64631517863097 114.71841969601321
103.40187854285391 124.35134912283056 114.97001634588966
101.76811712440085 124.24178346643666 112.5206460108589
102.02511737640252 124.10798058579897 111.99524363210132
102.20633148715635 124.17071518814365 111.42671411155524
102.38754559791019 124.23344979048832 110.85818459100918
102.56875970866402 124.296184392833 110.2896550704631
102.70085219287614 124.41069393918352 109.71568717988971
102.87074656982074 124.29944689417695 109.15109883812208
103.04064094676535 124.18819984917039 108.58651049635446
103.14851372028458 123.95613195249396 108.04382462398864
103.25638649380383 123.72406405581755 107.5011387516228
103.50463882656338 123.83247571982815 106.9657718770537
103.69993612090715 123.90249756411063 106.40278350404296
103.71544287234732 124.16232187536795 105.86218118445913
103.89573460760118 123.88848497609611 105.35967920158112
104.07602634285502 123.61464807682421 104.85717721870313
104.31376366921457 123.89310357441521 104.38184207428735
104.47662980297623 123.96205758830516 103.80850101833376
104.6394959367379 124.03101160219512 103.23515996238015
104.87611448403047 123.87441987691371 102.46052979681062
