-149.24695444100217 -121.27599395668967 334.35011960730304
-174.95730862958595 -49.326513546035756 288.36144870592494
-149.24695444100217 -121.27599395668967 334.35011960730304
-149.48960105849341 -120.99264805856585 333.88018586619006
-149.73224767598467 -120.70930216044204 333.41025212507708
-149.96465612959886 -120.59677258289499 332.86865873066967
-150.10828894198954 -120.4037606528597 332.31900792327576
-150.32250034126301 -120.3943819945988 331.75862812600383
-150.53671174053648 -120.3850033363379 331.19824832873189
-150.70773786944784 -120.03627018640925 330.74093524847893
-150.93780497528013 -119.84883656549391 330.21945872497616
-151.16803710305709 -119.53376539362134 329.76369198200985
-151.39826923083405 -119.21869422174878 329.30792523904353
-151.66184681876422 -118.99473147451333 328.81765231200018
-151.92542440669439 -118.77076872727791 328.32737938495677
-152.17465630611287 -118.29460935168701 328.06062910970081
-152.50383668154285 -118.05509981332463 327.61986220819256
-152.77740274924145 -117.67261653456823 327.24721203970245
-153.05096881694004 -117.29013325581184 326.87456187121239
-153.29545360956485 -116.90148435627194 326.48832461373763
-153.64397977024342 -116.60331693269363 326.10150979649381
-153.91241906128334 -116.21008735147493 325.73639222162166
-154.17703958661562 -115.82943779839995 325.3554960476888
-154.4416601119479 -115.44878824532501 324.97459987375595
-154.53143541253058 -114.98596491533704 324.60347326379093
-154.8793673554386 -114.7198778035129 324.1934232521761
-155.22729929834662 -114.45379069168878 323.78337324056122
-155.44331104449083 -114.08325300343463 323.36380114054617
-155.65932279063503 -113.7127153151805 322.94422904053118
-155.78421200499957 -113.17282870134707 322.71417442019316
-155.85669662793583 -112.59560601443316 322.56734135460613
-156.02730297590668 -112.1977648032173 322.15187072424783
-156.19790932387755 -111.79992359200142 321.73640009388953
-156.28762253173861 -111.27603506944436 321.45802560463409
-156.37733573959969 -110.75214654688727 321.17965111537859
-156.54339168998254 -110.36660551951854 320.75095129317441
-156.66948684014557 -109.94597911372462 320.34208280593896
-156.79558199030856 -109.52535270793069 319.93321431870345
-156.81174671709127 -108.92563911845886 319.92414171098255
-156.91643322179442 -108.41754707469075 319.62267328677774
-157.02166843422248 -108.02371317903847 319.18242288904867
-157.10095711369544 -107.67018379986715 318.70416533984513
-157.23393716764934 -107.12942249265322 318.48079677923124
-157.36691722160325 -106.58866118543934 318.25742821861729
-157.40822113911707 -106.01153889421266 318.09860804556837
-157.49866236827842 -105.46051033183986 317.87909060316997
-157.58910359743976 -104.90948176946704 317.65957316077163
-157.86945782899105 -104.87625050596162 317.13014215678987
-157.82314956474556 -104.27896375703116 317.16336991949913
-157.92009584329065 -103.71457025838632 316.98431295157087
-158.02480766157871 -103.14502182969984 316.82730969526199
-158.26329506265341 -102.86037605941985 316.35603425033588
-158.41878820252666 -102.33506443554106 316.11135163699737
-158.57428134239993 -101.80975281166225 315.8666690236588
-158.7297744822732 -101.28444118778343 315.62198641032035
-158.91209869216806 -100.81238267035627 315.2996222705487
-159.06058109691148 -100.27632651953375 315.07468499340916
-159.24529104364237 -99.800683478006704 314.75901755348929
-159.43000099037323 -99.325040436479625 314.44335011356941
-159.53652744089237 -98.780312343525353 314.2154830029848
-159.7239193395346 -98.328174066297848 313.8684163601207
-159.93275343512201 -97.845430659600822 313.57971734070645
-160.14158753070939 -97.362687252903797 313.2910183212922
-160.23863622662546 -96.828378986203973 313.03587869920807
-160.44800093948257 -96.342695262113864 312.75254543754573
-160.65736565233968 -95.857011538023755 312.4692121758834
-160.86048945783648 -95.370818519071776 312.18223296415738
-161.06361326333328 -94.88462550011981 311.89525375243142
-161.26673706883005 -94.398432481167802 311.60827454070551
-161.41470574727322 -93.876342578944957 311.3522913299343
-161.61577990514172 -93.439888948704237 310.99301788019562
-161.81685406301023 -93.003435318463502 310.63374443045689
-162.00012604958374 -92.464523967777367 310.44404483889423
-162.09148731740578 -91.893146507483621 310.28535987864211
-162.32906375378124 -91.418217652286742 310.0060750430701
-162.52305350732166 -90.926465713173414 309.72226523721486
-162.71704326086208 -90.434713774060086 309.43845543135956
-162.80220189900152 -89.84704799168091 309.35244999797931
-162.88736053714092 -89.259382209301748 309.26644456459906
-163.17315836214482 -89.00279691631917 308.80548514051918
-163.29613821374886 -88.452721753171843 308.59983186194603
-163.43410541839324 -87.899142613388889 308.41404922971208
-163.57207262303763 -87.345563473605935 308.22826659747807
-163.71003982768201 -86.791984333822967 308.04248396524417
-164.0212102345578 -86.611699066565961 307.56220258907513
-164.09073119057561 -86.036765278773288 307.40530142168387
-164.16025214659342 -85.461831490980629 307.24840025429256
-164.27717365440813 -84.89479141736156 307.09093623960854
-164.45946660441564 -84.456078459272902 306.72446629434336
-164.68183256619778 -83.978392907358412 306.43746473941229
-164.90419852797987 -83.50070735544395 306.15046318448111
-165.02249307620747 -83.036207352655723 305.78956687351445
-165.14078762443503 -82.571707349867467 305.42867056254778
-165.17145503007333 -81.979243102109706 305.51836797254521
-165.27829247814449 -81.532819599524345 305.13198498116355
-165.49331982186706 -81.146246094346083 304.72661580800678
-165.70834716558963 -80.759672589167835 304.32124663484996
-165.84232275010788 -80.268268157617655 304.00411538850892
-165.92076419923401 -79.677186946291158 303.93725777356633
-166.112410079049 -79.317130598897492 303.49722222562565
-166.27475311044219 -78.825246235425055 303.19441120678817
-166.43709614183538 -78.333361871952633 302.8916001879507
-166.65817150448305 -77.861548560470453 302.59408063709998
-166.70507000419582 -77.558180793525153 302.07855320940746
-166.86169719568198 -77.008957526866496 301.89464636818627
-167.01832438716812 -76.459734260207853 301.71073952696509
-167.10819618109571 -75.929794026027793 301.44411918105459
-167.20020756964928 -75.377089416030003 301.2295230057307
-167.34929015562614 -75.003853895952503 300.78402370257646
-167.40340819529598 -74.442746381738061 300.57852529558897
-167.56309754811136 -74.008143592799598 300.19692376723208
-167.72278690092671 -73.573540803861107 299.81532223887518
-167.7968082549308 -72.991628519370593 299.68923127048168
-167.87082960893486 -72.409716234880079 299.56314030208807
-167.97084370624884 -71.978514319779691 299.15809451609323
-168.05797590214925 -71.442909236118055 298.90209612782991
-168.14510809804966 -70.907304152456419 298.64609773956664
-168.22355053288737 -70.353872174118933 298.42801557667798
-168.37720086779584 -69.821693623115564 298.19741296516963
-168.53085120270435 -69.289515072112181 297.96681035366134
-168.61941210094383 -68.731569782999614 297.76468657559428
-168.70797299918331 -68.173624493887047 297.56256279752722
-168.84347004675527 -67.668645636406524 297.2682213230508
-168.97896709432717 -67.163666778925972 296.97387984857437
-169.18974481688522 -66.724106728484941 296.62408031494181
-169.15333580667544 -66.126963423599989 296.57831725771638
-169.32273000975027 -65.5730384594101 296.42187960875719
-169.4921242128251 -65.019113495220196 296.26544195979807
-169.62310316427445 -64.563794480000468 295.89729917682314
-169.8301648394627 -64.175358048039598 295.48957058941016
-170.03722651465097 -63.786921616078743 295.08184200199725
-170.08144659903041 -63.188655786854461 295.09291366492823
-170.2539456310993 -62.675189687941483 294.83485039903712
-170.46899376255743 -62.234723052658566 294.48881074183157
-170.6051671633947 -61.691873069247819 294.272545394595
-170.74134056423199 -61.149023085837065 294.05628004735843
-170.90025575751389 -60.58290584594657 293.93687639564314
-171.07863937340923 -60.131432483522943 293.58424189846227
-171.24232572597253 -59.597877757893571 293.36395541966004
-171.4542344096273 -59.22205288357469 292.94700173681878
-171.65392353739375 -58.737272731182657 292.65526134520553
-171.81815044989315 -58.206594574111747 292.42852313753258
-171.98237736239258 -57.675916417040831 292.20178492985968
-172.16568470309392 -57.153365590936303 291.9708324391122
-172.36900849090452 -56.626132778663326 291.76912721118526
-172.44372044106382 -56.046305492157408 291.63415150104976
-172.56062196512229 -55.491992084227299 291.43648845578912
-172.8043382051992 -55.088990196555912 291.06474678089091
-173.04805444527611 -54.685988308884532 290.69300510599277
-173.20772080646242 -54.143444094597193 290.49262439671952
-173.36738716764879 -53.600899880309839 290.29224368744633
-173.5016325808171 -53.05532892234023 290.08169559587725
-173.73347337508639 -52.612942451039011 289.74921393304118
-173.96531416935571 -52.170555979737784 289.4167322702051
-174.01892760775485 -51.597354111787617 289.58574474844693
-174.15024112237171 -51.206867614240537 289.14953716470683
-174.29481457395798 -50.627988775303898 289.08630895163867
-174.63133249309695 -50.180637762127667 288.87036275206896
-174.79432056134146 -49.753575654081715 288.61590572899695
-174.95730862958595 -49.326513546035756 288.36144870592494
