105.116194695031 -92.598953559587216 161.36481398504361
147.93582385971803 -169.08427478504964 141.97639602487226
105.116194695031 -92.598953559587216 161.36481398504361
105.34006841301296 -93.138370282610552 161.22729977734235
105.5639421309949 -93.677787005633874 161.08978556964104
105.83962896988143 -94.2103167537052 161.06956591870838
106.09895721214446 -94.751262091769178 161.08083552347642
106.24985538837674 -95.329123632103432 161.02333960525348
106.41841471403407 -95.899058635172992 160.94110916070863
106.64095738032339 -96.447984349821326 160.84542571658869
106.86350004661271 -96.99691006446966 160.74974227246875
107.07680047899794 -97.553220962864117 160.67888248223596
107.22582033424263 -98.129707332224868 160.60501402696511
107.50601742445625 -98.646717599452955 160.48589234876772
107.88672809638115 -99.069958141118335 160.29634861193296
108.26743876830605 -99.493198682783714 160.10680487509822
108.2503967350671 -100.09268633144467 160.12480843602495
108.23335470182818 -100.69217398010562 160.14281199695171
108.56808430096694 -101.16873573528483 159.99843405902169
108.80681773007174 -101.70868866158141 159.89139580786056
109.04555115917654 -102.24864158787798 159.78435755669943
109.57432001487423 -102.33552368401953 159.51444090546391
109.68441436943139 -102.92380439638495 159.47195518370387
109.77034919755245 -103.51362609691557 159.40321242481983
109.88926001181146 -104.1003781599544 159.36343511002923
110.34073555842414 -104.44478881132156 159.16965396018333
110.50230103468277 -105.01780541025775 159.09516520784499
110.66386651094142 -105.59082200919394 159.02067645550665
110.9057511471118 -106.12522286677499 158.8945513342922
111.1476357832822 -106.65962372435604 158.7684262130777
111.51071715181111 -107.11389158785173 158.62073522478715
111.67265069711448 -107.68790652859953 158.5552800897419
112.00641129425658 -108.16373208075723 158.40630389127665
112.35605417841411 -108.61961103370848 158.23331766692894
112.54101771271 -109.18385939747284 158.14722309700716
112.72598124700589 -109.74810776123721 158.0611285270854
113.10570194898885 -110.18173159325272 157.89444751198849
113.48542265097183 -110.61535542526823 157.7277664968916
113.5995169876409 -111.20143099685765 157.66862339309927
113.79084759895709 -111.76185813947431 157.5721142484968
114.15157331137418 -112.20903412674389 157.39916744508412
114.45600690729484 -112.70668373701851 157.25893531228877
114.76097654418751 -113.20562760284641 157.12459046003804
114.86326136058202 -113.79592354070576 157.09159770201632
115.17903103101642 -114.28705825584261 156.95348105993
115.49480070145083 -114.77819297097946 156.81536441784371
115.8122593252411 -115.27191856003378 156.69104601657443
116.30391731793119 -115.56004569994968 156.50328241662004
116.40300511659207 -116.15029908630015 156.46106218381232
116.61783794053792 -116.70311124418213 156.37025703058126
116.87157060398673 -117.23557684107395 156.26025646864719
117.16512079230915 -117.74045501798676 156.12268353012706
117.53664781171103 -118.17524311646727 155.9412255920972
117.84321834244217 -118.65576754368556 155.75384687256434
117.85415895847643 -119.25566758647324 155.75335536046617
118.15177533767962 -119.7620837712044 155.63101510269169
118.52452677839537 -120.19944592109111 155.45847318520259
118.84084182196668 -120.67553758353422 155.27604094528149
119.15715686553801 -121.15162924597732 155.0936087053604
119.49091835898938 -121.61515875503873 154.90991423152292
119.48364291623928 -122.21510778738931 154.91278242161326
119.94244741567039 -122.5077354243986 154.66006222582322
120.40125191510147 -122.80036306140789 154.40734203003322
120.51187361988138 -123.38764156000168 154.35379949067422
120.62249532466133 -123.97492005859547 154.30025695131525
121.0151244114578 -124.3537735030643 154.05063229745377
121.2464269074358 -124.893539645628 153.92754019089833
121.54758053051646 -125.38919380133375 153.77380843348624
121.84873415359714 -125.88484795703951 153.62007667607418
122.16199208167306 -126.36338806877241 153.43877904244306
122.47525000974898 -126.84192818050533 153.25748140881197
122.78850793782495 -127.32046829223819 153.07618377518077
123.01744342401533 -127.85961087031367 152.94613061809142
123.36862141095602 -128.31197597252475 152.7671338701046
123.7787764970559 -128.70309391027035 152.57015782049444
124.01585890224526 -129.24082573694247 152.44917676522758
124.25294130743461 -129.77855756361458 152.32819570996065
124.71719261108827 -130.09612187332053 152.11933298888076
124.98929627577445 -130.61580293062622 151.99327270829241
125.26139994046063 -131.13548398793188 151.86721242770412
125.62791854525585 -131.58493725763475 151.71340777662891
125.99443715005104 -132.03439052733765 151.55960312555374
126.15681639246188 -132.60987163133674 151.51006041091208
126.31919563487273 -133.18535273533584 151.46051769627041
126.77780206587522 -133.53771578421981 151.30076656724671
127.07487731777027 -134.04336598074605 151.17402204679527
127.42718172023947 -134.51697139076902 151.06641385195022
127.77948612270863 -134.99057680079198 150.95880565710516
128.13098230355314 -135.45614634276748 150.81846522659248
128.4824784843976 -135.92171588474298 150.6781247960798
128.79369957384637 -136.42173352708033 150.56356568106185
129.1049206632951 -136.92175116941775 150.44900656604383
129.12958563900474 -137.52073585515663 150.42432894007371
129.54380907519942 -137.9180744186317 150.24956907373524
129.95803251139409 -138.31541298210681 150.07480920739681
130.24855427979625 -138.81953967291813 149.92833947777294
130.53907604819844 -139.32366636372947 149.78186974814906
130.86185778672356 -139.8063226854245 149.63069162670772
131.205465657378 -140.27242369091908 149.47358184374932
131.51568565798814 -140.76318496233361 149.32219847048447
131.86944237580263 -141.19740351385531 149.10699987821326
132.24576873372246 -141.64276639668739 148.96547117112422
132.59056813688278 -142.09005775282935 148.76287844099554
132.83236939459749 -142.62437208200782 148.63622794000113
133.07417065231223 -143.15868641118632 148.50957743900676
133.59956116236037 -143.26760213984053 148.24105895546595
133.85863887714135 -143.79402119963436 148.11551330165966
134.11771659192232 -144.32044025942818 147.98996764785338
134.37766395347188 -144.84604113617797 147.86280205666114
134.6376113150215 -145.37164201292777 147.7356364654689
135.0108538268473 -145.81897058752332 147.59215415395897
135.4158725492058 -146.22349185675176 147.41236990192084
135.70693293443568 -146.73077369563885 147.27839606833686
135.99799331966557 -147.23805553452593 147.14442223475288
135.98516017793617 -147.83631134298633 147.18830045391388
136.47637900148527 -148.0877154984185 146.95271603587557
136.87107837577912 -148.49301526319465 146.75285482251874
137.08306939168645 -149.05105061303476 146.69238700046952
137.39529194412211 -149.53888297010332 146.53574515054584
137.74733562473753 -150.00241893096583 146.39014412058378
138.06265007140902 -150.49625693774772 146.26091245736637
138.37796451808055 -150.99009494452957 146.13168079414896
138.69327896475204 -151.48393295131149 146.00244913093155
139.02287253137749 -151.95069415312383 145.8194134477389
139.22549280256996 -152.50861407440891 145.73183270136641
139.54050948147119 -152.99864980193036 145.58820304646684
139.83996372876396 -153.49867802555713 145.44572873525618
140.13941797605671 -153.99870624918395 145.30325442404552
140.5553945106023 -154.39767840097105 145.13656685760506
140.79967442673055 -154.93612262707788 145.03456127957838
141.02673964459635 -155.4848388259386 144.94881794197465
141.35161670898782 -155.96976067207726 144.80987300262868
141.61668079042778 -156.49175440464575 144.67848207489931
141.91862321770492 -156.9888515697717 144.53108743784028
142.23866647836655 -157.47156305861205 144.37436497663387
142.55870973902819 -157.95427454745237 144.21764251542746
142.73332912785037 -158.51813557417918 144.1100841053148
142.9079485166726 -159.08199660090597 144.00252569520211
143.3405653568486 -159.31768417719678 143.66004352635488
143.56822751287768 -159.84642651236311 143.49092378855045
143.79588966890677 -160.37516884752944 143.32180405074604
144.02355182493585 -160.90391118269577 143.15268431294157
144.35172369666662 -161.37195948456554 142.97038233894907
144.6798955683974 -161.84000778643528 142.78808036495656
144.75147326375384 -162.43499512560624 142.75864060011833
144.82305095911028 -163.02998246477722 142.7292008352801
145.19599682712172 -163.4570905131537 142.53301190963649
145.36529431395215 -164.02799664551259 142.45949627192635
145.62697210072992 -164.55128578003595 142.32648041724406
145.88864988750763 -165.07457491455938 142.19346456256179
146.07604006411827 -165.63850489485117 142.11059177427805
146.36188585872034 -166.15852827759281 142.02189079846463
146.64773165332238 -166.67855166033448 141.93318982265129
147.00914012795494 -167.15623607769257 141.96785265399888
147.19094912237404 -167.72799476085856 141.97397619648794
147.37275811679316 -168.29975344402453 141.980099738977
147.65429098825561 -168.6920141145371 141.97824788192466
147.93582385971803 -169.08427478504964 141.97639602487226
