62.877102450416359 -3.0606937426243195 284.8330397875913
59.074606164354279 35.40179267495482 199.92254683437434
62.877102450416359 -3.0606937426243195 284.8330397875913
62.926965118952111 -2.9652613273282782 284.24278021045831
62.919945649986268 -2.6480072539150368 283.73356455873682
62.912926181020417 -2.3307531805017989 283.22434890701533
62.905906712054573 -2.013499107088573 282.71513325529384
62.896223611733568 -1.8856418745438173 282.12899439320211
62.886540511412576 -1.7577846419990562 281.54285553111038
62.895279470869653 -1.4234587599623461 281.04470913175777
62.904018430326722 -1.0891328779256384 280.54656273240516
62.925628209664104 -0.70983191159091974 280.08216657138041
62.857242733310407 -0.59626596579271685 279.49699462863293
63.021995933465902 -0.041447382282450464 279.33877730205279
62.819919679181304 -0.064640203165952093 278.77430650518744
62.805475736144523 -0.00082018209741223651 278.17788519653027
62.791031793107742 0.062999838971126182 277.5814638878731
62.76913315000202 -0.060417946593646646 276.9947028635741
62.747234506896305 -0.18383573215841625 276.40794183927511
62.804958284494681 0.39592782276174121 276.55126729370005
62.799833867000778 0.37292377302569391 275.95173034401216
62.794709449506875 0.34991972328964716 275.35219339432422
62.786337270178969 0.43692665731266073 274.75859445560786
62.777965090851055 0.52393359133567285 274.16499551689151
62.802188212454851 0.67005340147711545 273.58356431591926
62.826411334058648 0.81617321161855116 273.00213311494707
62.814053532651045 0.88523163211087785 272.40624871399041
62.801695731243434 0.95429005260320721 271.81036431303374
62.787593684955667 1.1479489019679747 271.24265190137339
62.783987030866989 1.266536793187647 270.65449894158962
62.77651585127073 1.4524529263995596 270.08407859405025
62.769044671674479 1.6383690596114733 269.51365824651083
62.720957243700546 1.2480316112222138 269.06053102855122
62.743305090341394 1.7472774640642676 268.72848562176091
62.727932004256516 1.7998868120424956 268.13099426221709
62.745220981006867 1.8662560257607403 267.53492696840419
62.76734639457294 2.1362140740406668 266.99954568535128
62.789471808139034 2.406172122320589 266.46416440229831
62.792672828023093 2.3608777930727927 265.86588505516215
62.790074918595039 2.5749976263453838 265.3053978136785
62.786620819147686 2.5496763443431054 264.70594230917902
62.787668984993466 2.7973379205422781 264.1594419477675
62.792895238376957 2.79322015568565 263.55947884032827
62.798121491760512 2.7891023908290213 262.95951573288903
62.798216584417375 3.0721384111678418 262.43046885202864
62.787586876209296 3.3758349777169663 261.91311461674138
62.789341952490574 3.29608720811565 261.31844057749726
62.788527668961855 3.7767294849817583 260.95929946507584
62.787713385433129 4.2573717618478586 260.60015835265438
62.905821271725145 4.1244541608519212 260.02711085153334
62.919823553194362 4.4215594822363578 259.50602317741436
62.93382583466358 4.7186648036207961 258.98493550329539
62.965154191652438 4.9156183059058352 258.41904871957797
62.980138200098224 5.222860764079833 257.90390063272713
63.014260465946975 5.472018106721146 257.35914721182803
63.06523705782066 5.5290597500546665 256.76404416360299
63.116213649694451 5.5861013933882049 256.16894111537789
63.060452936085525 5.9063703708741571 255.66464108079737
63.100140428301088 6.1007119644165346 255.09837590618298
63.11543941141715 6.1687544138763553 254.50244288462173
63.120375724069348 6.5740089225360538 254.0600127590331
63.125312036721517 6.979263431195724 253.61758263344441
63.145573407775466 7.0078200748904607 253.01860517565166
63.165834778829421 7.0363767185851938 252.41962771785887
63.154564362900238 7.1722767847270408 251.83532972047448
63.14329394697107 7.3081768508688949 251.25103172309005
63.147632807678995 7.8876969888820856 251.09566897361341
62.934363773649579 7.9539273469705165 250.53877593290304
62.992886976239802 8.2027207877643349 249.99593446564344
63.051410178830018 8.4515142285581497 249.45309299838385
63.109933381420241 8.700307669351961 248.91025153112429
63.183294294043606 8.953122256305285 248.37108276244172
63.144447592998915 9.2435022594870127 247.84746994024371
63.033329166135296 9.4312505089114929 247.2885394525716
63.062429471968962 9.6685022583982949 246.7382079346973
63.091529777802613 9.9057540078850952 246.18787641682303
63.013958027988032 10.349546083266748 245.79160477077812
62.956281816229399 10.287136208964274 245.19765320525553
62.898605604470767 10.224726334661799 244.60370163973295
62.883729185993005 10.60765990282855 244.14203013904836
62.815592968708209 10.7731172135822 243.56933359268868
62.747456751423428 10.938574524335847 242.99663704632903
62.734912564689921 11.332439367939578 242.54418469706758
62.683852777003459 11.54844276722728 241.98674821676008
62.657375886082832 11.869073823900607 241.48029515897119
62.555758819640872 12.1728258264469 240.97294055639341
62.712455336252972 12.513447795591828 240.50451460085992
62.507419398659593 12.72275571638747 239.9809208092739
62.477174429165686 12.932905906309021 239.41974156919437
62.439076302111744 13.164172414781945 238.86741527543882
62.400978175057787 13.395438923254876 238.31508898168326
62.358641728862111 13.734335019462225 237.821776645228
62.316305282666441 14.073231115669577 237.32846430877277
62.288697850627059 14.186289303452597 236.73985945331248
62.242101724114242 14.432390700602458 236.19464123707706
62.198997954880312 14.561405071591389 235.61026348497134
62.164916113226198 14.881154470969813 235.10370771344506
62.130834271572077 15.200903870348236 234.59715194191875
62.116737891838781 15.400068136503794 234.03134730499437
62.060263499384732 15.81553791835913 233.60216726892321
62.003789106930711 16.231007700214484 233.17298723285208
61.994708776642391 16.441946391837277 232.61136243284915
61.985628446354085 16.652885083460085 232.04973763284625
61.820891994554827 16.989051682252441 231.58085180526669
61.793300932131174 17.206639114600886 231.02237670057684
61.734520424371354 17.634141547013343 230.60549959375885
61.675739916611519 18.061643979425817 230.18862248694091
61.700485222763838 18.079866064080825 229.5894099825201
61.527552133900429 18.394859354556612 229.10891713789971
61.467841542148435 18.829594664256689 228.69972298382049
61.361408879996723 18.867620810314683 228.1104640418915
61.348151352535623 19.209975271701936 227.61790169991451
61.334893825074531 19.552329733089199 227.12533935793749
61.236588890984379 19.842815090022171 226.60963169138495
61.138283956894213 20.133300446955154 226.09392402483246
61.261190888357966 20.444721488688785 225.59601758687077
61.165606651827559 20.798791254809302 225.12115102198513
61.070022415297146 21.15286102092983 224.64628445709954
61.021987850951248 21.294667118503739 224.06526491240339
60.977675385536813 21.519037445386914 223.51056286461267
60.933362920122377 21.743407772270071 222.95586081682191
60.893773335129936 22.048632793628805 222.44081678851299
60.854183750137494 22.353857814987535 221.92577276020407
60.814594165145081 22.659082836346251 221.41072873189515
60.742786808555522 22.942246262941744 220.88664650802343
60.670979451965977 23.225409689537237 220.36256428415172
60.619566245089587 23.514889886257524 219.83953665785893
60.572445582702279 23.827556444439502 219.3296158144226
60.525324920314986 24.140223002621493 218.81969497098626
60.475290383582163 24.41585292541437 218.2891059673355
60.419852736894271 24.681450181947227 217.75395667540664
60.36441509020635 24.947047438480091 217.21880738347781
60.297025100969435 25.250269238802989 216.70547013647584
60.237912354233274 25.635766054513983 216.24951192759039
60.163665137809595 25.839359899226743 215.69001492380181
60.129035248650169 26.171034305040813 215.1912235252145
60.042500069189579 26.402297431633826 214.64438805727724
59.955964889728975 26.633560558226861 214.09755258934001
59.901614309173816 27.10373702017241 213.72879778052297
59.839098417453819 27.250581790885121 213.15041349944613
59.717254732452112 27.575246933828129 212.66077418180203
59.595411047450412 27.89991207677113 212.17113486415792
59.606953727497213 28.298465347945857 211.72278003082471
59.577234338262727 28.532901773782452 211.17127634076951
59.547514949028233 28.767338199619047 210.61977265071431
59.517795559793718 29.001774625455635 210.06826896065914
59.389478842262648 29.320401448648546 209.57632204528713
59.376489269805994 29.765521597647904 209.17420350062375
59.340359019632004 30.082373750819499 208.66597194114237
59.227112048057108 30.383171739355333 208.15932048943037
59.176198313733856 30.71147910450993 207.65969856673033
59.125284579410618 31.039786469664513 207.16007664403023
59.111964715292416 31.33225167869255 206.63635278288962
59.0986448511742 31.624716887720588 206.11262892174895
59.042827480064908 31.949429345016632 205.61118476617509
58.987719013639641 32.236813687083718 205.08737822090961
58.932610547214345 32.524198029150817 204.56357167564417
58.897795093405094 32.861661527840006 204.06869161822772
58.862979639595849 33.199125026529195 203.57381156081127
58.843671004729615 33.484330550823131 203.04628432404348
58.77606981330797 33.677681412775236 202.48232907484302
58.636606232118176 34.035176978336359 202.02108420481642
58.497142650928389 34.392672543897476 201.55983933478984
58.589986298660691 34.611895479724787 201.00909314870859
58.682829946392985 34.831118415552098 200.45834696262736
59.074606164354279 35.40179267495482 199.92254683437434
