113.98803763197672 -61.966665091703284 288.34443132693866
190.19855231462228 2.021963753748159 294.37650519814378
113.98803763197672 -61.966665091703284 288.34443132693866
114.42374132802256 -61.554246471386591 288.35298532413736
114.85944502406839 -61.141827851069912 288.36153932133601
115.24062962880734 -60.678475081010916 288.35995578457954
115.6349254789906 -60.226230214715692 288.36227169431152
116.02922132917384 -59.773985348420467 288.36458760404355
116.55092656082118 -59.477760055196882 288.37320310904295
117.07263179246851 -59.181534761973296 288.38181861404234
117.2262118315069 -58.601542961949363 288.38658133531851
117.66834638164434 -58.195943410782434 288.38903972258589
118.08316802880134 -57.76244836399659 288.39128593319549
118.52791993257881 -57.359760482380786 288.39746768748404
119.04446721803431 -57.058776054879466 288.44833296336321
119.44102955686716 -56.608636662088131 288.45895550904942
119.87152428752154 -56.195380828873439 288.52135665641754
120.30201901817588 -55.782124995658741 288.58375780378572
120.67517682223991 -55.315470775603714 288.63841210069779
121.09543606884145 -54.887764248195062 288.65960861121073
121.54906237566709 -54.49524358384506 288.67188467792431
121.94955065308866 -54.048486738480868 288.6760632863228
122.37225965084122 -53.622698956884406 288.68073963769882
122.80629098084137 -53.208639273910364 288.69383099033098
123.12561478794825 -52.700849833479097 288.70732878279011
123.56088287205023 -52.289705488711775 288.7460847207617
123.97217909315313 -51.854464612688425 288.78351196144132
124.42695010161572 -51.467219258202604 288.84029545632393
124.88172111007827 -51.079973903716763 288.89707895120648
125.27675464131224 -50.629600567231627 288.93043111731419
125.67178817254619 -50.179227230746491 288.96378328342189
126.21872101694771 -49.93254909013713 288.96757256572317
126.42953471290886 -49.370803966564537 288.96761425045077
126.81648180747084 -48.912586344146419 288.98518002727758
127.20342890203283 -48.454368721728301 289.00274580410434
127.66022045792167 -48.071213540045541 289.07007767782164
128.03765166722638 -47.609857205717603 289.13860515419628
128.41365332980666 -47.147684095079725 289.2094484004528
128.90228329620447 -46.802783730853982 289.25724478833956
129.39091326260228 -46.457883366628231 289.30504117622627
129.63001480272027 -45.907863638550353 289.2874698291422
130.04397503403828 -45.474621575229556 289.31810055647031
130.49578390108897 -45.082842562848114 289.36686481706977
130.99117293072615 -44.761292875765044 289.47267364492416
131.41623040761118 -44.341840978961081 289.53086511862665
131.84128788449624 -43.922389082157125 289.58905659232926
132.09690700322528 -43.379584381332059 289.5843744024142
132.52199912273767 -42.957891710535179 289.6227408112203
132.75336670509415 -42.404738873276401 289.64489889026743
132.98473428745066 -41.851586036017615 289.66705696931467
133.48361336218582 -41.521537692162809 289.71383046084674
133.96794011556958 -41.172427475188087 289.77340941988939
134.45226686895336 -40.823317258213351 289.83298837893193
134.88907224621443 -40.42011468452376 289.91440549608723
135.32587762347555 -40.016912110834177 289.99582261324252
135.74926898303747 -39.623348502843939 290.15659401341685
136.21727414754963 -39.25183172426663 290.21087521850171
136.66136668066619 -38.849210237858017 290.18484138067026
136.96704518685587 -38.332917420144618 290.18329955344234
137.35445956155402 -37.875032065540353 290.19914582480726
137.81168634964357 -37.496870134566436 290.28823689178591
138.26891313773311 -37.118708203592526 290.37732795876462
138.68979813182324 -36.695955716968527 290.44164091860159
139.11068312591334 -36.273203230344535 290.50595387843856
139.50640125643312 -35.822302598088918 290.51574065571299
139.8917141426528 -35.366752755025523 290.57905195168746
140.34352776469197 -34.987357367551049 290.68824714802383
140.77615961189838 -34.577745829259115 290.75929693677006
141.20879145910482 -34.168134290967224 290.83034672551628
141.60996820330487 -33.72703193507639 290.897323822651
142.01114494750493 -33.285929579185549 290.96430091978584
142.41232169170496 -32.844827223294701 291.03127801692062
142.8288544051934 -32.413864667844038 291.05905884472315
143.24538711868183 -31.982902112393383 291.0868396725258
143.61825023798158 -31.514212887680664 291.1229437568411
144.14705893370063 -31.251487781960329 291.22941855271392
144.58748560210341 -30.84970738417092 291.29721871283033
145.02791227050619 -30.447926986381514 291.36501887294673
145.50283711714323 -30.08132113439806 291.37184084760617
145.90041556012685 -29.639982745034423 291.45640920899888
146.29799400311043 -29.19864435567078 291.54097757039159
146.82437966231961 -28.923590797624961 291.62620478426862
147.28345656979317 -28.538449254416587 291.65644357921121
147.74253347726673 -28.153307711208221 291.68668237415386
148.17203983096263 -27.734537267851501 291.69915666394076
148.61825272448593 -27.339892276605621 291.77091587615843
149.08575147160528 -26.974794359085866 291.86118454217592
149.5532502187246 -26.609696441566108 291.95145320819341
150.02541659651985 -26.24077295635832 291.98234614819364
150.48162786774964 -25.851740249803669 292.00525529993831
150.93783913897943 -25.462707543249024 292.02816445168293
151.38225108004519 -25.08383218592369 292.16582886338676
151.83599184969037 -24.700701543941769 292.25144559736054
152.23096807876559 -24.249142101028525 292.24207287196214
152.7079103685225 -23.886477705696013 292.27370495377022
153.18541170518273 -23.523383066781893 292.28614507754486
153.57479663590181 -23.067152511305114 292.30141124858602
154.11450883474384 -22.815490930007346 292.37474058050577
154.54042139284988 -22.403375832611822 292.4683335254656
154.92608031748688 -21.949266879816573 292.53941272663621
155.4339711337465 -21.631455810730252 292.57170890482098
155.71352160303763 -21.100570863246059 292.57527368445102
156.22174979112589 -20.781663892012226 292.5768397403192
156.6745542782669 -20.388022481077918 292.58065235394133
157.12735876540791 -19.994381070143607 292.58446496756341
157.58756743499816 -19.609412683499965 292.58717083506542
158.05904120855604 -19.239131081700538 292.61174757642647
158.53051498211397 -18.868849479901115 292.63632431778757
158.98401970544984 -18.483484098745322 292.71265903412757
159.43752442878571 -18.098118717589529 292.78899375046757
159.94707796606141 -17.781368112819329 292.78406962338579
160.41757849834511 -17.409039053846595 292.78463616134877
160.94641188280278 -17.125627072139658 292.78822783337949
161.47524526726045 -16.84221509043272 292.79181950541022
161.88026934094103 -16.39975808747198 292.80550527430324
162.37659221368534 -16.062942793193958 292.82030606925593
162.83476819616783 -15.676193904362474 292.84266822621424
163.38343657570923 -15.433993455198223 292.86004498414155
163.93210495525062 -15.191793006033967 292.87742174206892
164.34704466014855 -14.758405690274506 292.8781115522072
164.8579380071096 -14.443782559103516 292.87863439356835
165.36883135407066 -14.129159427932526 292.87915723492949
165.83697554722531 -13.753872949933065 292.88019350050416
166.35131478750512 -13.444916227791641 292.87925023383661
166.8329530073616 -13.087262920957713 292.88967795095135
167.35430962491296 -12.801144437568817 292.9691983307207
167.87566624246432 -12.515025954179919 293.04871871049005
168.40206929865766 -12.234097010762367 293.11179605333666
168.92847235485104 -11.953168067344814 293.17487339618327
169.41557734176192 -11.60285107219976 293.17746851450244
169.91351839503054 -11.268105336966922 293.1774831146044
170.41145944829915 -10.933359601734084 293.17749771470642
170.95133279260546 -10.671567808091106 293.17885007883314
171.49120613691176 -10.409776014448147 293.18020244295991
171.95477136069715 -10.028863453462147 293.1766102041197
172.41833658448255 -9.6479508924761497 293.17301796527948
172.9464018951154 -9.3631129681840903 293.16922526291575
173.4679050252924 -9.0664171461407381 293.17168989222012
173.95307567784954 -8.7134677307910522 293.16567756308842
174.43824633040668 -8.3605183154413663 293.15966523395673
174.94391061949426 -8.0378557830391912 293.14579018709611
175.44957490858184 -7.7151932506370287 293.13191514023549
175.96076088072337 -7.4135576646737551 293.04413772191907
176.4719468528649 -7.1119220787104807 292.95636030360254
176.97075023507566 -6.7822516804925668 292.90623431798684
177.49876734983889 -6.4981593076755662 292.88411079601752
177.94363056087033 -6.0955677578568004 292.8800159840174
178.44744330581062 -5.7697272315664572 292.87919777709618
178.95125605075091 -5.4438867052761051 292.8783795701749
179.43727881423121 -5.0922338190635754 292.86732873322228
179.92330157771153 -4.7405809328510493 292.85627789626966
180.31413834888195 -4.2861015307301678 292.88264248139637
180.88693939067437 -4.1078039587158921 292.87220493688824
181.17723805232782 -3.582726107895791 292.87667009314043
181.67297307107739 -3.2447320199983318 292.87927542070491
182.17059252917608 -2.9095159928544581 292.87701930292258
182.66821198727479 -2.5742999657105825 292.8747631851403
183.05575112647739 -2.1314234239804124 292.99169814300672
183.57748519704523 -1.8545728686439518 293.09727905803686
184.09921926761308 -1.5777223133074851 293.20285997306701
184.54100642136956 -1.1718824604705755 293.21372848837825
184.98279357512601 -0.76604260763367049 293.22459700368938
185.49358548094114 -0.47915253496566307 293.35415670096569
185.97617978025323 -0.14942836521145764 293.48974694453557
186.48264083900199 0.14978971940564559 293.60792365040083
186.98910189775074 0.4490078040227477 293.7261003562661
187.48998001933376 0.76868595547762175 293.80932887783092
188.03302601355216 0.9686949934220801 293.96775057111779
188.57607200777056 1.1687040313665362 294.12617226440466
189.07748477101285 1.4782429038102582 294.23918079197676
189.57889753425513 1.7877817762539774 294.35218931954881
190.19855231462228 2.021963753748159 294.37650519814378
