-99.768065040962369 -180.6919247397735 246.92555502353792
-162.35930062138692 -114.07876481028015 200.84949494848271
-99.768065040962369 -180.6919247397735 246.92555502353792
-100.16855407860123 -180.38117826092591 246.60454854912518
-100.56904311624007 -180.07043178207834 246.28354207471233
-100.68524575264846 -179.48562906029798 246.21643973578117
-100.96452943766968 -179.00876836665662 245.98276367337675
-101.29559615368784 -178.58789596541419 245.71209551600063
-101.60929235490354 -178.14992304227303 245.44794705028863
-101.92298855611928 -177.71195011913184 245.18379858457666
-102.26236207310771 -177.26227626011752 244.97735479928377
-102.55642678258171 -176.78054383837414 244.7737379520357
-102.8504914920557 -176.29881141663077 244.57012110478763
-103.20634784403794 -175.93231127001553 244.25540869752521
-103.52483857594102 -175.50116383938104 243.9858246721285
-103.86643112565075 -175.09699931534519 243.7030428348516
-104.20802367536051 -174.69283479130937 243.42026099757473
-104.44498282503639 -174.1690484318043 243.24851056531529
-104.84063356561653 -173.81470107849131 242.96940763684898
-105.23628430619667 -173.46035372517835 242.6903047083826
-105.62034954072469 -173.08239761359465 242.42640496730004
-105.92444184547477 -172.61100913188832 242.21351821452669
-106.22972771085583 -172.12369431265242 242.04227333912416
-106.61390382570146 -171.79022237237365 241.72414572663379
-106.93463801835837 -171.34547391308439 241.48057153748283
-107.01760606861481 -170.75430699560079 241.42025588189011
-107.4770369890867 -170.54066732525166 241.09888176879531
-107.93646790955856 -170.32702765490254 240.7775076557005
-108.26356961835987 -169.87098530199228 240.56530528895746
-108.65208271110468 -169.48456088067491 240.3209004130336
-109.04059580384951 -169.09813645935748 240.07649553710971
-109.4080185348088 -168.70400887624376 239.81255617853782
-109.77544126576808 -168.30988129313005 239.54861681996584
-110.18481766513567 -167.99172049933776 239.24664882011439
-110.51424142218657 -167.53429633364127 239.0411175063752
-110.93119015229267 -167.30249838258641 238.67721715414996
-111.2291790543571 -166.8336332111449 238.45057191317727
-111.52716795642155 -166.36476803970336 238.22392667220464
-111.9843533212988 -166.27624872142587 237.84558043866485
-112.23829258873806 -165.75024112251199 237.70835487859222
-112.59442794135623 -165.33555999563765 237.46095404264014
-112.92539833926453 -164.8985023708006 237.21715242599208
-113.32440558492935 -164.59179340412425 236.89046782631331
-113.69317600553134 -164.19969531160498 236.625387720059
-114.0251185806529 -163.80595559612044 236.31751897648184
-114.42348761125689 -163.49676740284841 235.99239626642171
-114.82185664186083 -163.18757920957634 235.66727355636164
-115.14333329610922 -162.71633174390126 235.4813203717477
-115.5456847321198 -162.41072854054457 235.15771566838515
-115.9016461691277 -162.03002638054565 234.86046607505418
-116.25760760613564 -161.64932422054673 234.56321648172326
-116.62856465560701 -161.25526627451075 234.30416204224497
-116.99952170507838 -160.86120832847473 234.04510760276676
-117.37600678573874 -160.44899116225602 233.82525312381586
-117.75542089355376 -160.05463208439113 233.57923309923154
-118.14662482969743 -159.70875490532555 233.28371921233725
-118.53062140170236 -159.32152528933267 233.03351957767228
-118.90761540749122 -158.92355129133065 232.78960931443277
-119.28460941328008 -158.52557729332867 232.54569905119325
-119.6054454920292 -158.06750015521973 232.32837545349889
-119.92628157077834 -157.6094230171108 232.11105185580459
-120.35389515746917 -157.27552363435188 231.85481403137069
-120.78150874415996 -156.941624251593 231.59857620693668
-121.09895616601007 -156.50803467270893 231.33169194092633
-121.44804684411872 -156.08399577187987 231.09018270913324
-121.79713752222737 -155.65995687105078 230.84867347734013
-122.10898145775825 -155.22474997736649 230.57784452844007
-122.42082539328912 -154.78954308368219 230.30701557954006
-122.83496739500563 -154.45346690915198 230.03217161048238
-123.11928009136636 -153.96530414343374 229.83002462224258
-123.46233776899541 -153.54028736706152 229.58168580203534
-123.80539544662444 -153.11527059068933 229.33334698182802
-124.16415668082318 -152.71652601118015 229.06447315054606
-124.52291791502189 -152.31778143167097 228.79559931926406
-124.89209798154647 -151.93480462546196 228.51804780262819
-125.18578981822307 -151.48293447813336 228.25430839521482
-125.59833222727632 -151.17317919688458 227.94794190476424
-125.86705228089963 -150.69874676914719 227.69753542662937
-126.30528614103275 -150.41013142176402 227.40658480352005
-126.70053457405879 -150.08463118728474 227.09380968695163
-126.89022160746129 -149.53261620499498 226.9548914063455
-127.07990864086375 -148.98060122270519 226.8159731257393
-127.55657990405282 -148.8667174954806 226.46983008663091
-127.97197510071999 -148.56123793613489 226.16302547550555
-128.32880138811547 -148.18942389170522 225.85573193995947
-128.60545660691017 -147.68325813603923 225.69063161377943
-129.02237225375822 -147.45495247987549 225.32449247249991
-129.3878292930045 -147.05219256142766 225.07106476967869
-129.75328633225081 -146.64943264297983 224.81763706685751
-130.16938074154865 -146.31586404897536 224.54268718843431
-130.54843477681797 -145.93051007217784 224.2822637814364
-130.92748881208726 -145.54515609538035 224.02184037443845
-131.1786975265891 -145.02653647777828 223.85472402575701
-131.53657651226052 -144.62856908697825 223.58353297230096
-131.89445549793197 -144.23060169617824 223.31234191884491
-132.37525439910496 -143.98552069665428 223.05010591768723
-132.68762254012125 -143.54676674207025 222.78567991326457
-132.99999068113752 -143.10801278748627 222.52125390884189
-133.45110541276472 -142.82370994799945 222.24617683897117
-133.90222014439186 -142.53940710851259 221.97109976910042
-134.25456690710365 -142.16328135042457 221.66388457919402
-134.57339074300472 -141.68965591274917 221.47941152845723
-134.89221457890585 -141.21603047507384 221.29493847772051
-135.23294071117954 -140.80639867862652 221.01906261048097
-135.6332170096197 -140.48693451909858 220.70645817083854
-136.0334933080598 -140.16747035957059 220.39385373119612
-136.45403623394478 -139.87649289596644 220.08004524953481
-136.87457915982972 -139.58551543236223 219.76623676787344
-137.10207668289587 -139.06692416338882 219.56797438429226
-137.49090619661121 -138.71857297146175 219.27223284790131
-137.86515191189406 -138.35631586665951 218.97439071754911
-138.21867230926608 -137.96917378954277 218.682595685433
-138.57219270663805 -137.58203171242602 218.39080065331683
-138.89469661456536 -137.16959483984186 218.09773571937791
-139.19130747836832 -136.66937876987055 217.95006758193284
-139.60735035380793 -136.40644910249767 217.6068820405545
-139.95878126405881 -136.01530012847127 217.31792045930484
-140.31021217430973 -135.62415115444483 217.02895887805522
-140.69616382068128 -135.29894293047496 216.70448863639126
-141.00469466289653 -134.85150216694234 216.45031255071189
-141.3931675849247 -134.51426723857392 216.14150615191284
-141.78164050695284 -134.17703231020553 215.83269975311373
-142.09449560553082 -133.74505862477173 215.55788996000857
-142.40735070410878 -133.3130849393379 215.28308016690343
-142.83372573052321 -133.15744164581514 214.8906779471958
-143.13264069306828 -132.68564817928964 214.67145027989415
-143.47614365275518 -132.2682367010305 214.41111708088974
-143.79180287312118 -131.82294556380609 214.161968411001
-144.1074620934871 -131.3776544265817 213.91281974111217
-144.52349321337061 -131.11954367727444 213.56598123635735
-144.9395243332541 -130.8614329279672 213.21914273160255
-145.35975411272941 -130.59539381339854 212.88353861666707
-145.65932239124876 -130.19216858571781 212.55541019323078
-146.0470562014072 -129.85001766166894 212.25111553729258
-146.44612176969972 -129.60963205847804 211.87301312526392
-146.84518733799226 -129.36924645528717 211.49491071323524
-147.14028851616618 -128.88485367428581 211.29926069827451
-147.42030899360867 -128.38623491853573 211.11769013726001
-147.70032947105119 -127.88761616278566 210.93611957624557
-148.12316797838247 -127.66746113317701 210.5717854443613
-148.51964496009163 -127.34064695017034 210.26194920897154
-148.93097584369386 -127.05533929983309 209.93118275230759
-149.34230672729612 -126.77003164949583 209.60041629564361
-149.69307356220648 -126.39360303117273 209.29176742907461
-150.04384039711684 -126.01717441284964 208.98311856250561
-150.30936020521398 -125.50671494179531 208.8130292920651
-150.70597747128892 -125.24522019973242 208.44653885000048
-151.09747736810067 -124.89890190095988 208.15193493500328
-151.46815776455665 -124.55647371447171 207.82737526286013
-151.88859293494016 -124.23931634152329 207.5398940142733
-152.19859259181243 -123.80271416182472 207.26919353510576
-152.50859224868475 -123.36611198212617 206.99849305593824
-152.91231242021038 -123.08976368495205 206.65115799903748
-153.31603259173602 -122.81341538777792 206.30382294213669
-153.73942517266161 -122.5025155598875 206.01385739343328
-154.0473728643741 -122.03464175409276 205.79877061787494
-154.47552933777251 -121.78373577553211 205.46153446291882
-154.84757346428813 -121.42740829248945 205.15394074914417
-155.21961759080372 -121.07108080944677 204.84634703536943
-155.57611660592642 -120.64674910776134 204.61645345311601
-156.00986626410298 -120.38497340025397 204.29499628179965
-156.35190763160281 -119.9611926688211 204.04316777947105
-156.71119313623893 -119.56251285636544 203.77489863607454
-157.17013538113684 -119.36758781723555 203.44116783892176
-157.4947366264723 -118.92699399284315 203.19517777116707
-157.76459337432087 -118.42877853271823 202.99779821059127
-158.0344501221694 -117.9305630725933 202.80041865001547
-158.48448728206046 -118.04117122366111 202.41932497172292
-158.86212557561396 -117.68215970538006 202.12183539378185
-159.2473159349293 -117.33173656585424 201.82378840021303
-159.59878207084324 -116.91742435585468 201.56919667224258
-159.97050542871656 -116.54652506329197 201.27892876153274
-160.34222878658989 -116.17562577072923 200.9886608508229
-160.71395214446321 -115.8047264781665 200.69839294011302
-160.78575231153644 -115.49819078219613 201.20915766393821
-161.34119028177446 -115.28814287736309 201.12331747001303
-161.68056039497861 -114.88501685500212 201.0320432961696
-162.01993050818277 -114.48189083264113 200.94076912232615
-162.35930062138692 -114.07876481028015 200.84949494848271
