17.117682455175618 -118.57818769664888 55.022305260795122
33.403038062371287 -110.59070525168565 89.090056968110716
17.117682455175618 -118.57818769664888 55.022305260795122
16.666630907461279 -118.20206664076719 54.899482410205621
16.21557935974694 -117.82594558488547 54.776659559616107
15.764527812032593 -117.44982452900379 54.653836709026606
15.22173101276382 -117.23953196398845 54.508410879811706
14.660425384455641 -117.11471560978066 54.337072415502504
14.103770040980198 -116.93789456612907 54.199707401389745
13.540574927182195 -116.77591868043832 54.070963173368625
12.982678377162751 -116.61877220499495 53.915861836391386
12.438471748218337 -116.43797248938793 53.739366488437476
11.877197179843041 -116.27966929050554 53.59826030105107
11.319604915614518 -116.11969536400906 53.444965781534506
10.765596453770041 -115.93579545459571 53.306201782159782
10.209496881186871 -115.76525912263321 53.158992323042511
9.6533973086037008 -115.59472279067072 53.011782863925262
9.0939638419517372 -115.42481311779177 52.877005642363407
8.5345303752997701 -115.25490344491281 52.742228420801553
7.9681573621378998 -115.1098787924748 52.607360114119913
7.4017843489760313 -114.96485414003675 52.472491807438281
6.8385477660517209 -114.80329925425822 52.343400481095912
6.2753111831274015 -114.64174436847971 52.214309154753565
5.7074384929034352 -114.49834428803463 52.084090013971014
5.1395658026794617 -114.35494420758957 51.953870873188478
4.5680026380274112 -114.21920012620899 51.831850001272741
3.9984900002624881 -114.08702572765885 51.696997178558682
3.4354746164718462 -113.92599126452822 51.566300662540449
2.8724592326812015 -113.7649568013976 51.435604146522202
2.3303407993042526 -113.63266214190287 51.215137080360172
1.7440735411592385 -113.50999790131121 51.179864057989036
1.2419837920803509 -113.82994370780609 51.254299028105436
0.67028493885128582 -114.00811607287372 51.29191590653496
-1.0448116208359006 -114.54263316807661 51.404766541823506
-1.6241416413014289 -114.6956266958319 51.435906674327995
-2.2034716617669567 -114.8486202235872 51.467046806832492
-2.7939703871841091 -114.95296612544696 51.446475271989598
-3.3785186268268461 -114.84042899933397 51.371383656100683
-3.9664691973709187 -114.80490260872446 51.257138296601227
-4.5097232870354418 -114.60414231149407 51.100389143114711
-5.0655005717435628 -114.41881526728771 50.970907497742857
-5.6404816759977336 -114.29276419947307 50.854684186598135
-6.2134751892087463 -114.1828924981218 50.714660463392818
-6.7864687024197563 -114.07302079677054 50.574636740187501
-7.3241503114839519 -113.83110714649206 50.463388040945333
-7.8611792931728619 -113.56563426901987 50.429861571509775
-8.3982082748617763 -113.3001613915477 50.396335102074218
-8.924643504303905 -113.31964105513948 50.109130485278868
-9.4928157390424186 -113.25344662183059 49.928026623721038
-10.060987973780929 -113.18725218852167 49.746922762163209
-10.66053316213376 -113.16502396074786 49.754097231690899
-11.139665434806096 -112.89727941968276 49.5117232932947
-11.669605002074752 -112.7119747846707 49.300001194102954
-12.237569834862835 -112.62785504325127 49.125817906099961
-12.802224165146509 -112.50410337767804 48.965035405311639
-13.367416953482131 -112.38225757916996 48.804689799199913
-13.93260974181776 -112.26041178066191 48.644344193088202
-14.48683174570402 -112.09599863497026 48.483700836760995
-15.048971004763237 -111.96501461406478 48.319863601396783
-15.611110263822457 -111.83403059315931 48.156026366032577
-16.181671797640014 -111.72905942750302 48.002923163882805
-16.750521621486801 -111.59715351063929 47.865043843439821
-17.328421761859808 -111.52052378389158 47.723060348851781
-17.906321902232811 -111.44389405714386 47.581076854263742
-18.448046810894951 -111.22511442063023 47.444440131593907
-19.014888370414862 -111.06882191298125 47.325011079626535
-19.586091204696753 -110.94592648943858 47.188541167262677
-20.157294038978641 -110.82303106589589 47.05207125489882
-20.718013901419191 -110.6617514177148 46.912135158957703
-21.278733763859741 -110.50047176953373 46.772199063016579
-21.851391342705597 -110.42537318879768 46.609645993030725
-22.426358518106703 -110.32558947728774 46.470161376930669
-23.007648752049807 -110.28244792514559 46.327892369760661
-23.588938985992918 -110.23930637300353 46.185623362590661
-24.063167673901262 -109.88824736043878 46.076698061297584
-24.617962136238507 -109.70812535116536 45.936130759497928
-25.172756598575752 -109.52800334189195 45.795563457698286
-25.763457071518712 -109.55051849946169 45.692772315353359
-26.311177496246387 -109.33704639505306 45.572639068600054
-26.882897061244591 -109.20466212787838 45.447694501679834
-27.459369083853979 -109.10186757442891 45.316876739392846
-28.038931719891487 -108.98283315644559 45.217187430815514
-28.618494355928998 -108.86379873846231 45.117498122238175
-29.19648502313375 -108.78420267848394 44.977529354792992
-29.774475690338505 -108.70460661850557 44.837560587347802
-30.350410933261902 -108.58397941255433 44.720310115522885
-30.935115473517651 -108.51783985259854 44.603066099841207
-31.519820013773405 -108.45170029264277 44.48582208415953
-32.09558039963094 -108.37559769345134 44.3351291099587
-32.657998928448379 -108.20022797505946 44.221415169239101
-33.236212756662269 -108.1267152069959 44.079061237808084
-33.818556535896995 -108.01855008540181 43.983269644976815
-34.391498638278705 -107.89165815699145 43.858226509128713
-34.96530080118545 -107.76356761632394 43.73846052382806
-35.541322434064412 -107.65097746909278 43.613871049144493
-36.13069712728516 -107.6299667939018 43.503435445651014
-36.69251665964326 -107.50436714694908 43.334368767247881
-37.254336192001368 -107.37876749999634 43.165302088844747
-37.816155724359497 -107.25316785304369 42.996235410441621
-38.402816617695287 -107.2260049041314 42.873389285403675
-38.972403882957749 -107.15328574571981 42.699371265501291
-39.537810271214212 -107.04469877623842 42.530479329111117
-40.109877698811793 -106.96044398444329 42.370354414305687
-40.681945126409374 -106.87618919264814 42.210229499500258
-41.191877980032828 -106.60350963343087 42.0501846845873
-41.766725154422566 -106.5194941409176 41.900210943172752
-42.338814040707334 -106.44940963673446 41.733470220903534
-42.910902926992108 -106.37932513255132 41.566729498634324
-43.480455521010001 -106.24517184872738 41.434016503465273
-44.057696441309041 -106.14638704679453 41.303500286697378
-44.628255754831358 -106.03044142057954 41.158522076215398
-45.200721398527605 -105.89265046992894 41.043210581965084
-45.773187042223853 -105.75485951927833 40.927899087714763
-46.365242341054831 -105.69679024780388 40.849806304203156
-46.957297639885802 -105.63872097632941 40.771713520691542
-47.477059293187025 -105.40527395630185 40.583696732617064
-47.996820946488249 -105.17182693627433 40.395679944542586
-48.577170529364217 -105.02676563368345 40.349294816038636
-49.134236190348552 -104.82983912771499 40.244902284700721
-49.703035607399393 -104.66699120115598 40.145163746622117
-50.263751162496398 -104.47671614795426 40.048243829157499
-50.838199558586517 -104.34144363975813 39.940029279508131
-51.410112864014614 -104.18501046899917 39.84813894181913
-51.982026169442712 -104.02857729824021 39.756248604130136
-52.543938694194672 -103.83424965054769 39.67568136594253
-53.105851218946633 -103.63992200285517 39.595114127754925
-53.65860469923615 -103.43332883859898 39.486565270043563
-54.211358179525668 -103.22673567434279 39.378016412332208
-54.786312795149705 -103.07297583470979 39.301956556372282
-55.361267410773756 -102.9192159950768 39.225896700412363
-55.936222026397822 -102.7654561554439 39.149836844452416
-56.472559684104382 -102.54119216636764 39.001352568754825
-56.994417411491327 -102.27581424625235 38.87005492261514
-57.551495742507186 -102.07877889179488 38.76593574951815
-58.108574073523052 -101.88174353733741 38.66181657642116
-58.672359100519124 -101.68365017234403 38.607914238061468
-59.242506550214088 -101.52583145096364 38.507788633003727
-59.781372639324545 -101.29814309487666 38.37444190260058
-60.320238728435001 -101.07045473878968 38.241095172197426
-60.882481899183496 -100.91104791123428 38.105183140811647
-61.444725069931984 -100.75164108367889 37.969271109425868
-61.989821328613388 -100.55700128820412 37.81120334298037
-62.543075687368017 -100.38249365266728 37.658047541071497
-63.096330046122645 -100.20798601713045 37.50489173916263
-63.506375964853667 -99.787848335945284 37.381010048100649
-64.09440403259137 -99.872456159826157 37.296959422339697
-64.618404186304147 -99.628683045956464 37.135718894359734
-65.163244139434667 -99.420157182406541 36.995481988719725
-65.731596916809707 -99.312386453332365 36.836231901106295
-66.296585665378885 -99.152230916495995 36.713195654370239
-66.856715697802983 -98.972793124765957 36.594635856480629
-67.416845730227095 -98.793355333035919 36.476076058591026
-67.962228463756958 -98.612991016262427 36.302794821284969
-68.520373723714471 -98.424909559954457 36.18834293366384
-69.087963650842298 -98.265772800705662 36.076462790301335
-69.655553577970139 -98.106636041456881 35.96458264693883
-70.20358365263256 -97.890042370768484 35.851665778919859
-70.751613727294995 -97.673448700080073 35.738748910900888
-71.298665474661462 -97.44886548535159 35.637275932401614
-71.865746352076968 -97.273474123663078 35.549770797039706
-72.427767930250738 -97.089017698546556 35.449234371301102
-72.979240853967013 -96.882215243794022 35.334733894812359
-73.547492548555354 -96.69780511583312 35.279209879261245
-74.114520313311928 -96.541611348699888 35.160537973976567
-74.681548078068502 -96.385417581566657 35.041866068691895
-75.233517904890249 -96.173378613335643 34.940038831520837
-75.785487731712024 -95.961339645104658 34.838211594349772
-76.362806234366715 -95.835694942690282 34.733728316990465
-76.940124737021421 -95.710050240275933 34.629245039631151
-77.505423377431825 -95.550103964351152 34.507365443439099
-78.070722017842229 -95.390157688426342 34.38548584724704
-78.647585019911361 -95.252156573946877 34.295016132722097
-79.196227455144822 -95.053235242329748 34.155654078744824
-79.76242854303689 -94.895470714352669 34.0351273938074
-80.335760080250466 -94.789662878028167 33.893368266381152
-80.900363267367155 -94.648636268172766 33.747304114686209
-81.463366665819734 -94.493174144281866 33.609977127658311
-82.026370064272342 -94.337712020390967 33.472650140630414
-82.583990746241824 -94.194726115498469 33.303492799548302
-83.140485901594985 -94.041712624163466 33.139480563608643
-83.696981056948161 -93.888699132828478 32.975468327668978
-84.253476212301337 -93.735685641493504 32.81145609172934
-84.816414436708243 -93.568705832527058 32.688093622156423
-85.379352661115135 -93.401726023560599 32.564731152583505
-85.941741781556459 -93.237601955353696 32.435186691318457
-86.51821789752853 -93.13586577142641 32.303562086499809
-87.068107359708605 -92.93320134835669 32.174920293115541
-87.617996821888681 -92.730536925286955 32.046278499731272
-88.163439565799337 -92.587480235188664 31.841273630195598
-88.711857243480267 -92.446322348212817 31.64299982518957
-89.260274921161198 -92.305164461236998 31.444726020183545
-89.81616999697394 -92.161243883070327 31.270750355599876
-90.359598727417719 -92.004618543762291 31.070366429061579
-90.923184778829707 -91.868533720076499 30.915926526781583
-91.486770830241682 -91.732448896390693 30.761486624501583
-92.064985571430867 -91.61458955787414 30.652965246902699
-92.634444162666611 -91.483934489396717 30.516414282244945
-93.203902753902355 -91.353279420919279 30.379863317587187
-93.770775382075314 -91.235859415892037 30.222167515970028
-94.336007697496029 -91.110270200937066 30.064878677551246
-94.901240012916745 -90.984680985982095 29.90758983913247
-95.466099304624592 -90.895366813005694 29.726049322781865
-96.030958596332454 -90.806052640029293 29.544508806431253
-96.602866910456612 -90.696933366912262 29.399547209895935
-97.17477522458077 -90.587814093795245 29.254585613360621
-97.742053366835194 -90.446525748267163 29.11955556952476
-98.318361313450396 -90.316274187033457 29.015134874907506
-98.892441551685096 -90.190697911332535 28.894046151033358
-99.468716627425323 -90.065377404415585 28.783584358423088
-100.04499170316555 -89.94005689749865 28.673122565812815
-100.61564862314293 -89.791182595441484 28.562727267593534
-101.18630554312031 -89.642308293384303 28.452331969374256
-101.77243462634331 -89.522269494515001 28.407128157962227
-102.35570571427363 -89.478464945697155 28.273427000572127
-102.93204267311435 -89.425373032530004 28.115259498756927
-103.50235305793569 -89.33457334993588 27.952466739072349
-104.07368993230008 -89.228625581772604 27.802970095589142
-104.64502680666449 -89.122677813609343 27.653473452105942
-105.18654183492515 -89.008939150772534 27.421471316891775
-105.71570299405323 -88.815287841384574 27.215346019942199
-106.25056714042589 -88.651636034494601 26.998232153441961
-106.78543128679857 -88.487984227604656 26.781118286941723
-107.53256430030027 -88.232407879540602 26.553271290103556
27.533014747171052 -99.830213860336315 94.111055229877465
27.689056298705076 -99.905158811674099 94.685541338033119
27.747957214873033 -99.483928336273777 95.108738181911477
27.854122176140585 -99.101576335756121 95.558778123138026
27.96028713740813 -98.719224335238465 96.00881806436459
27.951498046625147 -98.265403786957989 96.401207745474593
28.239732626921807 -97.936266737358125 96.811804420207721
28.453571696740568 -97.437266432876413 97.067287390963514
28.557432189479641 -97.029375714428852 97.494883181228488
28.776411801636709 -96.613532740579259 97.867874535765651
28.794538821667192 -96.123570663350648 98.213719261072612
28.812665841697669 -95.633608586122051 98.559563986379572
28.830792861728156 -95.14364650889344 98.905408711686519
28.822103619448256 -94.636435389630066 99.225816853849295
28.813414377168357 -94.129224270366706 99.546224996012086
28.839904735846382 -93.616226967986123 99.951437763026732
28.8663950945244 -93.103229665605525 100.35665053004138
28.892885453202421 -92.590232363224942 100.76186329705601
26.45110446682931 -89.119683020386091 100.49208694259931
26.80588599795103 -89.421177375409329 100.87054594838996
27.185199021052597 -89.756060899831226 101.1929969610668
27.564512044154149 -90.090944424253138 101.51544797374365
27.900754219752564 -90.577704782177875 101.41542021108835
28.236996395350978 -91.064465140102612 101.31539244843304
28.413082915106052 -91.637188558668797 101.28406477079152
28.473599258266461 -91.097424682636017 101.02912805248567
28.63332912067424 -91.675190487969445 101.00318493697112
28.763107286938329 -92.132711425597194 100.88252411701357
28.892885453202421 -92.590232363224942 100.76186329705601
23.141579375354702 -111.23584866730171 71.586487864698981
23.164226022231215 -111.04152157393119 72.153695154997166
23.310491993816715 -110.73656219870286 72.649281721619488
23.456757965402215 -110.43160282347453 73.14486828824181
23.653381374282041 -110.24496022634052 73.680128763165513
23.850004783161861 -110.0583176292065 74.215389238089216
24.063206582676294 -109.71813479379985 74.661282309551979
24.336350994456261 -109.48719243348137 75.143006044200689
24.609495406236217 -109.25625007316287 75.6247297788494
24.799256046789559 -108.94668847455895 76.102393380107202
25.045087496339374 -108.79469944165869 76.628193943334637
25.330543197066177 -108.67041216761831 77.14109521690898
25.718079401080622 -108.61541400754902 77.595837883663563
25.971209788190844 -108.38439160560024 78.08833525108723
26.224340175301069 -108.15336920365147 78.580832618510911
26.612483743943443 -108.02819311541202 79.020918424978959
27.054582479449142 -107.96914604441989 79.422243918153157
27.338154703266106 -107.95761080408553 79.884717188839517
27.621726927083074 -107.94607556375119 80.347190459525905
28.727938832455767 -92.446660155252644 102.94096346603047
28.628758691030782 -91.891875427252074 102.88262964262935
28.529578549605798 -91.337090699251533 102.82429581922827
35.124126927083068 -94.446720711240459 101.0676306174137
35.23114267542671 -94.444971785905224 101.65800725217039
35.338158423770345 -94.443222860569989 102.24838388692707
35.506109756843429 -94.532033144351999 102.77433076867274
35.674061089916513 -94.620843428133995 103.30027765041839
33.065512842592518 -110.58985744888905 89.139197774333795
33.403038062371287 -110.59070525168565 89.090056968110716
