123.6794934289339 -122.34528324332095 122.84870123148353
113.22977280762447 -75.407761556319798 123.15717654010989
123.6794934289339 -122.34528324332095 122.84870123148353
123.58683516058295 -121.75248172294633 122.84780526957647
123.49417689223201 -121.15968020257169 122.84690930766939
123.40151862388106 -120.56687868219706 122.84601334576234
123.05603715672055 -120.07897450221465 122.89692569204799
122.66445304085107 -119.63893324476335 123.0110553198376
122.75857886616939 -119.04689619439935 122.98590656232484
122.58585040234939 -118.47520798706489 123.04367741467345
122.36950608169892 -117.91639100509001 123.07398773599758
122.11263966765478 -117.37781275633422 123.13686154058462
121.93153309667346 -116.80688556532073 123.17211139886544
121.75042652569213 -116.23595837430723 123.20736125714627
121.55392729720272 -115.6705509558376 123.24862267184062
121.3574280687133 -115.10514353736797 123.289884086535
121.01729042889698 -114.61422025152164 123.34733592196287
120.92104979644651 -114.02201857897396 123.35324521102828
120.82480916399602 -113.42981690642628 123.35915450009369
120.66103428448832 -112.8526861815515 123.36904971346951
120.49725940498062 -112.27555545667674 123.37894492684529
120.37640652072287 -111.68785287121662 123.37844351877314
120.25555363646512 -111.10015028575647 123.37794211070097
120.13470075220735 -110.51244770029635 123.3774407026287
119.8024364022214 -110.01284789992664 123.37677647451167
119.68529034203027 -109.42439655505942 123.37542914172725
119.56814428183914 -108.83594521019218 123.37408180894286
119.50714959250118 -108.23905833330699 123.37169348844709
119.43867150851527 -107.64298107285802 123.370065118319
119.37019342452936 -107.04690381240906 123.36843674819094
118.96942254795451 -106.60346188405313 123.31607301393323
118.91067225152767 -106.00647054750502 123.30383590821934
118.72892698342835 -105.43665392144192 123.25611096520666
118.54718171532902 -104.86683729537882 123.20838602219399
118.32201030504481 -104.31289281639458 123.15895576634284
118.12598720250101 -103.75104930436524 123.08209998412948
118.0492672542085 -103.15640141782899 123.05956244717507
117.97254730591604 -102.56175353129274 123.03702491022064
117.96868645942831 -101.96176609061988 123.03743098805853
117.86456111145276 -101.37158509678859 123.00837403657879
117.76043576347722 -100.78140410295731 122.97931708509907
117.45007282669913 -100.29003255525254 122.83022365942008
117.13970988992102 -99.798661007547764 122.6811302337411
117.07868612107953 -99.203328143671669 122.63806190633611
116.91217213741758 -98.630609975173087 122.57273968410928
117.10865097542705 -98.067346957028761 122.63701128441144
116.87768625559866 -97.520017244758748 122.55283596581376
116.78539343508676 -96.927908848123337 122.52300842961306
116.69310061457483 -96.335800451487941 122.49318089341232
116.23779678439162 -96.045189419859852 122.23194603640324
116.54889760420902 -95.564173458747774 122.41038349061162
116.49211823188141 -94.96764626463856 122.3798644872486
116.35333490841523 -94.38649138908896 122.3251086678993
116.0722960174016 -93.880088441054255 122.16835026793433
115.84357269241355 -93.339528735524283 122.04392822260567
115.61484936742549 -92.798969029994311 121.919506177277
115.75478233064209 -92.220438472300245 121.99514452482381
115.59312070897427 -91.643654001952626 121.96071786588702
115.43145908730642 -91.066869531605022 121.92629120695021
115.582373808127 -90.556093842662605 122.20257537700896
115.73328852894758 -90.045318153720189 122.47885954706769
115.61111916087796 -89.529054094421781 122.75912025887403
115.48894979280836 -89.012790035123359 123.03938097068037
115.09464347411749 -88.602984058139072 122.84811783186782
114.96412160652986 -88.01805981344981 122.87688708726549
114.99973848625504 -87.4473499684713 122.69516831904589
115.03535536598024 -86.876640123492791 122.51344955082629
115.07097224570543 -86.305930278514282 122.33173078260673
114.76604172490821 -85.866023112278043 122.06062367723999
114.79614592801377 -85.271648034629862 121.98438717662444
114.82625013111934 -84.677272956981682 121.9081506760089
114.8563543342249 -84.082897879333515 121.83191417539334
114.83561447936779 -83.485782958809111 121.88690172041613
114.83392960493552 -82.88578757871943 121.8885464298686
114.62602341203937 -82.323548247799394 121.9142748134561
114.41811721914326 -81.761308916879358 121.94000319704364
114.21109831971549 -81.20425035472438 122.02264055911158
114.00407942028771 -80.647191792569402 122.10527792117951
113.7870002663761 -80.172453045786398 122.40108151013665
113.5699211124645 -79.69771429900338 122.69688509909376
113.54365664196806 -79.101546699242988 122.75928999141379
113.51739217147158 -78.505379099482596 122.82169488373378
113.80293085273931 -78.204806826695702 122.38796228139498
113.81735245057985 -77.644677468052734 122.17337635664232
113.65665681528351 -77.141719765527441 122.45835085070659
113.56414431207563 -76.610249589857375 122.72099298198684
113.47163180886776 -76.078779414187281 122.98363511326708
113.22977280762447 -75.407761556319798 123.15717654010989
