-86.852707602233266 -24.229194804759818 111.61118689045539
168.05570189887447 -198.40420079616115 416.48812053126142
-86.852707602233266 -24.229194804759818 111.61118689045539
-86.264217471600219 -24.118057587127371 111.5747467339736
-85.675727340967171 -24.006920369494924 111.53830657749177
-85.086829161946696 -23.906671120566717 111.59442273234666
-84.506978400766982 -23.789542393309809 111.49415331522218
-83.92408404701132 -23.648459014466876 111.51230965224352
-83.341189693255657 -23.507375635623948 111.5304659892648
-82.744178249801152 -23.556030668538952 111.49568058778068
-82.147166806346647 -23.604685701453956 111.46089518629655
-81.557458070994102 -23.513105221186539 111.39879347067702
-80.96100767804009 -23.448224840221737 111.39267261200578
-80.364557285086079 -23.383344459256932 111.38655175333449
-79.787826638955295 -23.305038343775916 111.24077825062618
-79.190765327051309 -23.249031657094569 111.22125798232715
-78.592971143465746 -23.19858517119571 111.21139562298831
-77.999504280820048 -23.118389083570111 111.17444064401377
-77.407068550411239 -23.080490721126605 111.08735666466575
-76.814152410159878 -23.04466676137287 111.00269797026881
-76.221292154367035 -23.008951532905087 110.91760308466026
-75.626786610591495 -22.951303496464543 110.86068329623217
-75.032281066815955 -22.893655460024004 110.80376350780406
-74.448242771445706 -22.858690529028916 110.67080966941823
-73.854998344201618 -22.79706542030538 110.6055149872562
-73.268367840022577 -22.724965372202306 110.50223752296615
-72.681737335843536 -22.652865324099231 110.39896005867608
-72.099038284313295 -22.549796886895145 110.29976977387931
-71.506340962267743 -22.490544871887014 110.22766510580914
-70.91364364022219 -22.431292856878883 110.155560437739
-70.327904086969468 -22.36210443978376 110.04545985329378
-69.73809104211584 -22.270707091196709 109.98408317375049
-69.148277997262227 -22.179309742609654 109.9227064942072
-68.554712909502172 -22.154663557865042 109.83860505444575
-67.958792578690762 -22.118555400784366 109.77881241010007
-67.372509258394103 -22.000447186701162 109.73062197424406
-66.773814557884592 -21.989553066644351 109.69259601298059
-66.205346290091398 -21.825149289899628 109.59352418699412
-65.611857761734285 -21.833120473343364 109.505729956301
-65.018369233377157 -21.841091656787103 109.41793572560786
-64.435306430275674 -21.706331253346857 109.37460673641984
-63.847595876802259 -21.611121567494479 109.30023321252955
-63.259885323328845 -21.515911881642101 109.22585968863925
-62.671842977430153 -21.425321747591163 109.1484024291822
-62.078825094756986 -21.340596330345846 109.1144702246791
-61.48852608697166 -21.270939383795714 109.03264729876605
-60.906530427262531 -21.167752461619159 108.92952838114438
-60.324534767553402 -21.064565539442608 108.82640946352269
-59.741177574195966 -20.968454869207612 108.72414938321216
-59.15782038083853 -20.872344198972613 108.62188930290162
-58.582044224442939 -20.732957916434554 108.52674056687984
-58.00510344988146 -20.589971270591715 108.4449227096663
-57.426256085475629 -20.473105779150895 108.33872390726852
-56.847408721069804 -20.356240287710069 108.23252510487075
-56.283209662717262 -20.158548183372023 108.1815618393111
-55.719010604364726 -19.960856079033977 108.13059857375143
-55.138923945711973 -19.869129236970132 108.00777489973829
-54.548183832667313 -19.788045841279637 107.94105457462453
-53.972236514945884 -19.624082241194795 107.90362964901738
-53.389063950993844 -19.51380523968087 107.81560270092362
-52.804716868876199 -19.439232522259168 107.7016843203306
-52.215520738019016 -19.360542319974606 107.6201014088396
-51.628698078239111 -19.290559682013402 107.5164597359815
-51.044886522434766 -19.207840139682681 107.40545728273874
-50.460021675370896 -19.089345967041403 107.34306944963794
-49.875156828307027 -18.970851794400126 107.28068161653714
-49.281757486356838 -18.923916677029666 107.20535356246357
-48.688358144406649 -18.87698155965921 107.13002550839001
-48.108681138862259 -18.754189418033825 107.03570340494582
-47.520234650299045 -18.639887512072182 107.00990021926739
-46.931788161735831 -18.525585606110536 106.98409703358898
-46.347850220271127 -18.409066371880122 106.91034238239783
-45.770153634398397 -18.264441216183016 106.83719719109607
-45.192580104429972 -18.108354656214207 106.79196663420232
-44.60729409619249 -17.995861518525949 106.72278872924355
-44.087031435342979 -17.77382598363149 106.72547228053273
-43.566768774493475 -17.55179044873703 106.72815583182191
180.59292043193676 -198.88226994049893 406.38846262520826
180.08896198221049 -198.8349829704261 406.71062690536797
179.58500353248425 -198.78769600035326 407.03279118552769
179.09823147053982 -198.61501177572742 407.33813217241897
178.59972626360224 -198.64508022498927 407.67068058545846
178.13431740448399 -198.43396114810085 407.98504236625894
177.66551513143924 -198.40533365120089 408.35841201581462
177.19671285839451 -198.37670615430093 408.73178166537025
176.76598669967385 -198.24591998229178 409.1284804848857
176.28382680909712 -198.17107792641201 409.47765165579005
175.8016669185204 -198.09623587053227 409.82682282669447
175.31639981897428 -198.08601492510454 410.17954279263438
174.83113271942813 -198.0757939796768 410.53226275857435
174.36457800497601 -198.02918529340184 410.90663467096391
173.89802329052389 -197.98257660712687 411.28100658335353
173.43146857607161 -197.93596792085205 411.65537849574292
172.94308479762583 -197.96619789148045 412.0026067115129
172.46336484089053 -197.9627264202731 412.36296307956752
172.01327337171156 -197.98540860339926 412.75907315005418
171.56318190253256 -198.00809078652543 413.15518322054078
171.12138753767209 -198.02642364342512 413.56074658862946
170.67959317281154 -198.04475650032481 413.96630995671802
170.27748695251296 -198.10176620826749 414.40796647574325
169.87538073221438 -198.15877591621017 414.84962299476848
169.42281408455426 -198.21352324649285 415.23973343971011
168.97024743689414 -198.26827057677554 415.62984388465185
168.51768078923402 -198.32301790705827 416.01995432959347
168.05570189887447 -198.40420079616115 416.48812053126142
