24.667413661577701 103.23007381907948 349.0266438512935
-68.682601153467004 25.43635617538752 276.59793859232161
24.667413661577701 103.23007381907948 349.0266438512935
24.149350801474441 102.95740713249802 348.89525225715477
23.631287941371188 102.68474044591656 348.76386066301609
23.198299388307802 102.33681396590669 348.53699489339886
22.75357207848549 102.04589010806777 348.25846136069885
22.308844768663171 101.75496625022883 347.97992782799889
21.823458362917915 101.48673198220828 347.750907273076
21.315923089693335 101.25982253174524 347.5252525640106
20.837098863351795 100.99519057857333 347.2788843647055
20.363062187343111 100.7469753190872 347.00744668353934
19.859386391501623 100.52587532957109 346.76781052742047
19.355710595660106 100.304775340055 346.52817437130159
18.877742175450585 100.02322922227022 346.29953060286971
18.377166248399849 99.758346761813954 346.10138665670951
17.966073982641269 99.405816427714512 345.8430738374899
17.47094827845708 99.144710075538427 345.6270321519072
16.991812473060744 98.888531595939511 345.37247083006588
16.563518379502721 98.537025962105119 345.14223625662828
16.099515721551104 98.276454830141091 344.86510051623952
15.650150759422491 97.973137191216054 344.60806055684003
15.212388828361146 97.65005486282827 344.35511332756687
14.774626897299807 97.3269725344405 344.10216609829365
14.327311723424822 97.031484346579958 343.83272989794921
13.89508054517275 96.711755438703037 343.56636617291394
13.462849366920675 96.392026530826143 343.30000244787868
13.094131953545624 96.000827727649394 343.03352362045126
12.653810259920734 95.721269079778736 342.73693675539477
12.248656523564183 95.371435451761002 342.46588900568213
11.857281591303352 95.015632959529938 342.18263955922197
11.465906659042533 94.659830467298889 341.89939011276181
11.067517251866386 94.300391877347508 341.63089471186333
10.682816402785738 93.973673911441978 341.30645576926986
10.29811555370509 93.646955945536462 340.98201682667639
9.9191017261626282 93.284353265056822 340.69069601615882
9.518397452992474 92.945105850925316 340.40026998862641
9.1176931798223002 92.605858436793781 340.10984396109404
8.7060552661939887 92.277960924072573 339.82168176854447
8.2944173525656382 91.950063411351351 339.533519575995
7.8939821339595495 91.598085187211979 339.25826884405848
7.4696807420770224 91.26909422515935 338.99043815923267
7.0453793501944872 90.940103263106735 338.72260747440691
6.6065206559874907 90.605739781152735 338.48680224025264
6.1940886953872605 90.259957477583015 338.22159576142258
5.7683011073471224 89.941326737565177 337.94378398811796
5.4150180270919392 89.517485527214234 337.70809416310709
5.0168679290764233 89.149826151102076 337.4506003134581
4.618717831060918 88.782166774989918 337.1931064638091
4.1882619096106009 88.419050887025804 336.9860930545903
3.8104517602942152 88.022576814912171 336.74100572073735
3.3859322059949561 87.677995197939282 336.49392950322158
2.9614126516957002 87.333413580966393 336.24685328570575
2.5368930973964288 86.988831963993476 335.99977706819004
2.0212994421505686 86.721388322952492 335.84932082359734
1.5057057869047175 86.45394468191148 335.69886457900458
1.0276869664330528 86.188549787973471 335.45175416330642
0.54966814596138969 85.923154894035449 335.20464374760826
-0.88438831545360941 85.126970212221423 334.46331250051384
-1.3168718199312537 84.755049191636786 334.27721367514943
-1.7493553244089006 84.383128171052149 334.09111484978496
-2.1077562949531545 83.975752118862232 333.83500257671886
-2.538732771415551 83.63638833817356 333.59191514164092
-2.9181618592854095 83.208493293740347 333.41042299793287
-3.2907175989062813 82.789269044541868 333.19722532027311
-3.6632733385271501 82.370044795343375 332.98402764261334
-4.1226028366407208 82.079049386802311 332.73037811201897
-4.5819323347542955 81.788053978261217 332.47672858142465
-4.9687373491988636 81.403156220763407 332.22725794773464
-5.3555423636434352 81.018258463265568 331.97778731404469
-5.7418251712560284 80.621484633639767 331.74679787561297
-6.1281079788686297 80.224710804013938 331.51580843718125
-6.5472452553502478 79.911736384804158 331.2219190763941
-6.9423142082409104 79.552610863284485 330.94815022817522
-7.3373831611315667 79.193485341764827 330.67438137995634
-7.7401064910262303 78.874382009856973 330.36456371886538
-8.140854599757601 78.52983475882445 330.08050713092177
-8.5177404321056347 78.178938809075106 329.77256378901478
-8.9040389282032919 77.841409266447855 329.46136083310574
-9.2856577708961048 77.469102417766067 329.18612517166918
-9.7220585353586113 77.146932194703112 328.92968664073413
-10.158459299821132 76.824761971640129 328.6732481097992
-10.519819730104579 76.538289955934758 328.28938299853866
-10.865316612437981 76.147604623776971 327.99274032538682
-11.263719253517845 75.782766705741565 327.73164909775903
-11.662121894597716 75.417928787706131 327.4705578701313
-12.083014961386501 75.14234213171359 327.14360065371307
-12.454931053046606 74.7682345693662 326.85773013659252
-12.826847144706718 74.39412700701881 326.57185961947198
-13.226092171172382 74.079721552976437 326.25287275561885
-13.625337197638064 73.765316098934051 325.93388589176578
-13.988821912952943 73.443186102608678 325.58159179984847
-14.352306628267817 73.121056106283291 325.2292977079311
-14.662772494597718 72.752433779456084 324.87190642934627
-15.104552896161687 72.479672565167022 324.57118829425372
-15.459873628722857 72.122006460416998 324.24588515174639
-15.802349927183409 71.780644042953185 323.89066453728822
-16.159065107563517 71.453316413666045 323.53624825212114
-16.544215385905751 71.137120272717397 323.20206377680535
-16.929365664247996 70.820924131768763 322.86787930148955
-17.283578602957032 70.484469938428163 322.51955219970932
-17.650774157916285 70.137005986798144 322.19638625667721
-18.017969712875544 69.789542035168125 321.87322031364516
-18.412044158254968 69.571512783552706 321.47677539068752
-18.812929767064915 69.233306401541739 321.1853870384561
-19.149103772742563 68.856689860992404 320.8611232271985
-19.485277778420222 68.480073320443068 320.53685941594097
-19.841354988704943 68.128844364075547 320.20542731048823
-20.197432198989645 67.777615407708055 319.87399520503544
-20.570688875593472 67.466517764591302 319.52200414006666
-20.943945552197309 67.155420121474521 319.17001307509793
-21.309419723759287 66.805507161411995 318.8475389671429
-21.647858083005449 66.399051180678669 318.56424934022925
-22.032976436506242 66.13899314387406 318.18470530946314
-22.364250137338416 65.782062437386315 317.83419396028438
-22.716712326381614 65.419094567191607 317.51166530961717
-23.065733574025408 65.074093090654642 317.16647239271344
-23.414754821669213 64.729091614117664 316.82127947580977
-23.796188914895207 64.426576958741194 316.47057601730489
-24.14003217192181 64.069274909591158 316.13277865160978
-24.483875428948465 63.711972860441108 315.79498128591479
-24.838807124763477 63.371861151250357 315.45096454711097
-25.190562651428596 63.049524842458425 315.0871413022586
-25.542318178093687 62.727188533666492 314.72331805740612
-25.914626780938704 62.389447108708772 314.39572527037456
-26.262804941719008 62.058224894972568 314.036470745722
-26.610983102499326 61.727002681236364 313.67721622106944
-26.977474784239877 61.435701302753365 313.30194651258114
-27.335136414752146 61.123907803883299 312.93470956982935
-27.7044501254247 60.800384094712555 312.58983308075875
-28.083006383477603 60.498111935697523 312.23581796614729
-28.402641474275725 60.160598260239055 311.85645280221024
-28.756689975667719 59.847742996371231 311.48662683971941
-29.128656152619225 59.547493663447156 311.12400927080864
-29.500622329570735 59.247244330523074 310.76139170189794
-29.821153271427825 58.869619738577022 310.42277749240611
-30.159883813511563 58.540706221706536 310.05253768055502
-30.498614355595301 58.211792704836043 309.68229786870387
-30.85425129681219 57.859630890551401 309.35138334408816
-31.209008417786833 57.568473157977238 308.96489329262494
-31.563765538761469 57.277315425403074 308.57840324116171
-31.957632605532581 56.936055262042863 308.2810646553433
-32.310018882693534 56.598579414090636 307.9318742148705
-32.662405159854487 56.261103566138374 307.58268377439776
-32.982948539051222 55.892402900475005 307.23438539485443
-33.344940325407819 55.550165755183876 306.89996696983371
-33.746208956462723 55.265139914812266 306.55682886927974
-34.147477587517635 54.980114074440657 306.21369076872577
-34.374133451895943 54.457507229143474 306.02525190757598
-34.763931193454155 54.288474367574771 305.60159448419478
-35.132669608173941 53.997851453394972 305.22800339320946
-35.538779984844751 53.725959583052671 304.87993849580948
-35.87575156517353 53.358468551753333 304.54617136746208
-36.233191387939939 53.034440364553667 304.18946069058114
-36.605365150768193 52.743186554144607 303.81978798644349
-36.953524694016025 52.400829548510252 303.4711096057851
-37.301684237263871 52.058472542875883 303.12243122512677
-37.710750909188548 51.747652213700256 302.81250352244172
-38.119817581113232 51.436831884524636 302.50257581975671
-38.544749378676073 51.257608027315896 302.1187636568082
-38.837467584464136 50.8766429790888 301.75934512079544
-39.130185790252206 50.49567793086171 301.39992658478269
-39.517969178926464 50.099678416132818 301.17012574100096
-39.898904005529275 49.821956708222139 300.7989663266838
-40.279838832132086 49.544235000311467 300.42780691236663
-40.661829098504576 49.214038199142017 300.10368732194644
-41.043819364877059 48.88384139797256 299.7795677315263
-41.425809631249543 48.553644596803125 299.4554481411061
-41.796678256711516 48.223543058349598 299.11856620784374
-42.159950020145764 47.859205562229164 298.80987248453204
-42.560837985428506 47.535407093979686 298.50255604948381
-42.961725950711234 47.211608625730221 298.19523961443554
-43.336893733561929 46.911593834216177 297.83573960110641
-43.681462295210913 46.528027206924506 297.52890226838554
-44.062082719840646 46.2067485342411 297.1943755776216
-44.433690477863088 45.846644088495239 296.89067759881436
-44.83169502589854 45.52471072304823 296.57770589409483
-45.229699573933985 45.202777357601228 296.26473418937525
-45.570480799783859 44.822062104577718 295.95021224701907
-45.969664963515463 44.52409318070044 295.61574771402741
-46.336817386100748 44.17805744109009 295.29100417598227
-46.70396980868604 43.832021701479739 294.96626063793713
-47.071122231271318 43.485985961869389 294.64151709989198
-47.418851132059629 43.141288189754519 294.29472024659663
-47.810642232112244 42.824600927706562 293.96882315858244
-48.202433332164865 42.507913665658613 293.64292607056825
-48.587332304599578 42.165643419766567 293.33518614823822
-48.97223127703429 41.823373173874529 293.02744622590819
-49.357130249468931 41.481102927982555 292.71970630357794
-49.738281858391545 41.095229724692906 292.4631418438438
-50.135751291749713 40.776117950126903 292.14662055723062
-50.513155833762134 40.435371046077982 291.82809683904077
-50.864275065530741 40.056915908295053 291.52234041021563
-51.255375216281195 39.805638420825055 291.14299848480562
-51.61747476099805 39.385236523445251 290.91464313804249
-52.009604841523597 39.130584964004726 290.53862906487296
-52.384580810437036 38.734506535991365 290.28859926344944
-52.781870448924565 38.421132824057324 289.9661742957141
-53.179160087412093 38.107759112123276 289.64374932797875
-53.57554453065476 37.755898973332407 289.3625486596203
-53.961396307963994 37.408375581188984 289.06197271603793
-54.347248085273222 37.060852189045569 288.76139677245556
-54.756203170787977 36.753999927620036 288.44739449907263
-55.165158256302718 36.447147666194503 288.13339222568965
-55.561059699061971 36.133015049106433 287.80999966779359
-55.956961141821225 35.818882432018356 287.48660710989759
-56.292661303919019 35.431334359609941 287.17497929865465
-56.72718967516083 35.163447158954014 286.85966748106659
-57.119390017787126 34.838241873301349 286.54277568024588
-57.511590360413415 34.513036587648678 286.22588387942517
-57.930319392599529 34.218871795155096 285.91262189248505
-58.324550211248585 33.904670746212084 285.58726091991701
-58.665611774521587 33.463288825437047 285.36622017690632
-59.116286938186171 33.282846562548642 285.01361205643883
-59.541524851811388 32.98324117233647 284.71459813206155
-59.978699962714394 32.717809646519612 284.40087209312077
-60.37130834629744 32.398027409723312 284.07900569510775
-60.766013988563017 32.048811428457078 283.79220322930252
-61.14883606667803 31.708779424098907 283.479432558491
-61.531658144793084 31.368747419740714 283.1666618876796
-61.923098319652887 31.051300892322377 282.84108195627135
-62.381929211216843 30.837961945273189 282.51865257389659
-62.840760102780827 30.624622998223991 282.19622319152188
-63.234627339424108 30.305649433878592 281.87509320982008
-63.447196491534065 29.873239836663657 281.51755119018088
-63.659765643644008 29.440830239448736 281.16000917054168
-64.165988091911828 29.204575622263111 280.94109688507507
-64.711567626578841 29.059195276895469 280.73810051433577
-65.275504692274097 28.926675909495344 280.58185198410627
-65.592446594547766 28.58169970186399 280.2069663392071
-65.909388496821435 28.236723494232642 279.83208069430799
-66.265726977185039 27.922383352611511 279.46572954748603
-66.468823839011719 27.489711545549618 279.10303577570335
-66.671920700838413 27.05703973848771 278.74034200392072
-67.065186368986545 26.783384044991596 278.37915690501274
-67.460247971895939 26.507254871440551 278.02183490817981
-67.759238433943466 26.075224401064105 277.73208609235667
-68.105006004890981 25.821910272728882 277.3122328569674
-68.393803579178979 25.629133224058201 276.9550857246445
-68.682601153467004 25.43635617538752 276.59793859232161
