179.48932062774313 -81.762730626781178 293.66520613430384
179.48932062774313 -81.762730626781178 293.66520613430384
179.48932062774313 -81.762730626781178 293.66520613430384
179.23428382303072 -81.249166649899067 293.48854750900887
179.12008204458297 -80.660175896106125 293.48163044707513
179.03614296243504 -80.066076385707845 293.48167769835237
178.80737299633023 -79.511418584063804 293.47731585427005
178.57860303022537 -78.956760782419764 293.47295401018783
178.32532783102945 -78.412876032433346 293.46654681076262
178.18624144035951 -77.829227538321646 293.46347903444195
178.04715504968954 -77.245579044209961 293.46041125812127
177.73098237944674 -76.735990384494755 293.4415899807683
177.49781319467886 -76.18322017606917 293.43280203721935
177.26464400991102 -75.630449967643557 293.42401409367045
177.11865293192221 -75.048491623804779 293.42068375073046
176.9726618539334 -74.466533279966001 293.41735340779053
176.67819336695442 -73.944816002554845 293.3841963176439
176.38372487997549 -73.42309872514366 293.35103922749738
176.41071370980549 -72.823797817326167 293.36152850552509
176.1436602704859 -72.288665785970792 293.31340190617465
175.87660683116627 -71.753533754615418 293.26527530682421
175.56632806031558 -71.243572362385891 293.20472398318304
175.46331309694693 -70.652716758951613 293.18806345460587
175.25134509764433 -70.091443709006029 293.19455426937992
175.178264692358 -69.496055984319099 293.1814122887335
174.89688445241342 -68.96612862077265 293.17994602359522
174.74467446924879 -68.385825517452446 293.18891426210484
174.59432044289505 -67.805139684587616 293.17485615877291
174.39900066445085 -67.237824973329936 293.1769061683172
174.00713265578722 -66.7948574483855 293.07581593322703
173.61526464712358 -66.351889923441064 292.97472569813681
173.49592872918936 -65.78473196275624 293.12993776700591
173.27236579502193 -65.24365950516659 292.99855964818715
173.04880286085449 -64.702587047576941 292.86718152936845
172.80961855348963 -64.158264041319029 292.94782476819677
172.59666991006594 -63.59961411716823 292.89719732988192
172.3490169656007 -63.054424571709376 292.93509691589639
172.10136402113545 -62.509235026250529 292.97299650191087
171.81476783688314 -61.993858334654647 292.86231907452986
171.52817165263076 -61.478481643058764 292.75164164714886
171.43822867196377 -60.89480044023869 292.85759689101747
171.16335032902072 -60.361792886359567 292.87616686917232
170.88847198607763 -59.82878533248045 292.89473684732718
170.54885278895827 -59.363286790508866 292.72749478213325
170.20923359183891 -58.897788248537267 292.56025271693932
170.37899392724455 -58.329885710844621 292.65335554291806
170.13194824798157 -57.78371391619504 292.62757176726853
169.88490256871859 -57.237542121545445 292.60178799161906
169.50774542236425 -56.771070018678323 292.58928742360911
169.13058827600992 -56.3045979158112 292.57678685559904
168.9569873109437 -55.73026172693902 292.57598244285742
168.83620198708007 -55.142547306956466 292.57761525752119
168.71541666321644 -54.554832886973905 292.57924807218495
168.45550582841204 -54.014061921902069 292.57562574053895
168.18360163474202 -53.479211978675551 292.57371584649849
168.02524576448235 -52.900508292312352 292.57876180963268
167.86688989422265 -52.321804605949161 292.58380777276676
167.53473999356262 -51.822185649631706 292.576235324035
167.20259009290262 -51.322566693314243 292.56866287530323
167.07882305378905 -50.735482093881714 292.56500321162827
166.92638785094894 -50.15530362788288 292.55249495330281
166.77395264810883 -49.575125161884046 292.53998669497742
166.43841644995405 -49.078450632492704 292.51297055939688
166.10288025179923 -48.581776103101355 292.48595442381639
165.94074714446782 -48.004789142254779 292.45768956011455
165.67923880213812 -47.467727759014906 292.40131174954638
165.41773045980844 -46.930666375775033 292.34493393897827
165.20615534462837 -46.369360960881657 292.33181136880603
164.85449752284336 -45.884033264495372 292.30363685021592
164.50283970105829 -45.398705568109094 292.27546233162587
164.57653387435278 -44.803271067154057 292.28065115566073
164.65022804764726 -44.207836566199013 292.28583997969554
164.14086935608807 -43.890744149355704 292.283365608346
163.88676395099174 -43.347213651002249 292.28112051135997
163.59462285883907 -42.823165482492875 292.28632621571376
163.25878365709531 -42.326019092565026 292.27874350156878
163.08604103767098 -41.751423618242526 292.27857520856867
162.91329841824665 -41.176828143920034 292.27840691556861
162.7388217946185 -40.602771207815579 292.28247409120809
162.56434517099035 -40.028714271711124 292.28654126684762
162.234137836179 -39.527752097559144 292.28666817514079
162.13185217832427 -38.936564678200448 292.29259096073781
162.09213449747557 -38.337882777422877 292.29101377674351
162.0524168166269 -37.739200876645299 292.28943659274933
161.45331757093692 -37.706407217514531 292.29159754960381
161.25707749317613 -37.14080801878022 292.33143946561614
161.06083741541528 -36.575208820045916 292.37128138162848
160.86459733765449 -36.009609621311604 292.41112329764087
160.66835725989364 -35.4440104225773 292.45096521365321
160.47211718213285 -34.878411223842988 292.4908071296656
160.275877104372 -34.312812025108684 292.53064904567793
160.00960744672295 -33.775733116766496 292.50521844148864
159.79813315634834 -33.214282895366196 292.49798840690335
159.58665886597373 -32.652832673965889 292.49075837231806
159.38739165619796 -32.089681169846116 292.43460712553031
159.11257844805115 -31.557048347902953 292.46253520489347
158.83776523990437 -31.024415525959775 292.49046328425663
158.74499736398707 -30.43217958754143 292.46495417914616
158.44201386185995 -29.914571688601416 292.44812978038448
158.13903035973286 -29.396963789661402 292.43130538162279
157.95180867758995 -28.828684206605224 292.38651300261614
157.77140641639008 -28.256987050462044 292.36166575303457
157.68936695177888 -27.663568106951061 292.3281473442326
157.50804569527833 -27.091930625414829 292.30935395060692
157.32672443877775 -26.520293143878604 292.29056055698118
157.00580098370475 -26.013343315845265 292.28739703979761
156.68487752863174 -25.506393487811916 292.28423352261393
156.5363455155713 -24.925108275470123 292.29099688043118
156.31540791000967 -24.367273300235485 292.28840557696208
156.12098105807328 -23.799793666072944 292.27555785121541
156.09548116199181 -23.200407055363293 292.28480156269012
155.84830252837043 -22.653712035208059 292.27957872643628
155.60112389474904 -22.107017015052822 292.27435589018251
155.36542184633484 -21.555268293457065 292.27858585363339
155.1285378634748 -21.004026976787106 292.28294354342694
154.98259022763733 -20.422048266988696 292.28268098898059
154.71082030873575 -19.887129193149828 292.28103915354802
154.43905038983414 -19.352210119310961 292.27939731811534
154.33946329795174 -18.762934322798337 292.33265562051804
154.25443898494754 -18.168996393331703 292.33558856086131
153.99343853532645 -17.630813300689535 292.38289314934582
153.74731456230381 -17.0854969477571 292.42820391107
153.50119058928118 -16.540180594824669 292.47351467279424
153.21167240747837 -16.01532666285474 292.44691443780823
152.97964240751551 -15.463897094632562 292.40122515670726
152.74761240755262 -14.912467526410387 292.35553587560622
152.54345683656874 -14.348900583211805 292.32883749793922
152.31363931886992 -13.796242379567804 292.28697082260271
152.33720118599615 -13.19671982866339 292.29116001997119
152.11289517992995 -12.64028965687805 292.28265828076269
151.6445842184726 -12.265330310030418 292.27315398749732
151.71321436446993 -11.669298126856901 292.27911550423329
151.31694077308742 -11.218843185756391 292.27152690680498
151.1963819869612 -10.631087092440927 292.26863660261341
151.07582320083503 -10.043330999125461 292.2657462984219
150.62643719237229 -9.6532362740716326 292.18907608984568
150.17705118390955 -9.2631415490177922 292.11240588126952
150.24410328294158 -8.6670212091258616 292.12442904152499
150.0602199311104 -8.0971271641443305 292.08690984092163
149.7440326496129 -7.5900382312967452 292.0331844539736
149.42784536811538 -7.0829492984491633 291.97945906702552
149.25443641659814 -6.5085680472188256 291.98339781920839
149.08718774922687 -5.932357106989901 291.98042534161539
148.86740567765153 -5.3740598485259197 291.98031486244389
148.64762360607617 -4.8157625900619392 291.98020438327245
148.43359120005829 -4.2553464144598916 291.99133269391604
148.21955879404044 -3.6949302388578404 292.00246100455962
148.01982621641019 -3.1298300045427978 291.97473696065805
147.67545385158255 -2.6385141833957322 291.97879136981419
147.61039776823907 -2.0420770597027653 291.98431074485734
147.52390302828255 -1.448353568683018 291.98098265664066
147.43740828832603 -0.85463007766327403 291.97765456842393
147.05786164895375 -0.39074664677739446 292.00515931511933
146.6377422965765 0.0335837405258224 292.06384025043246
146.59145343923143 0.63176867429669881 292.06950829200059
146.44054193415946 1.2059952059345429 292.15605081334172
146.15932883325013 1.7137791036187138 292.30795441807061
146.0438730435126 2.2966190647369489 292.39142621174835
145.79016203674917 2.7939633549883371 292.61115190892883
145.53645102998576 3.2913076452397498 292.83087760610925
145.77134955324291 3.77372280263724 292.56236634063839
145.61569477084578 4.3350681899163508 292.70611245327234
145.46003998844861 4.8964135771954655 292.84985856590617
145.34193804182411 5.4798712235594165 292.92488592826783
145.0788467804515 5.980633229373824 293.12493692607114
144.81575551907898 6.4813952351882334 293.32498792387457
144.7867841897266 7.0806823446481717 293.32103539168492
144.75781286037426 7.6799694541081092 293.31708285949532
144.58203028223463 8.250495624168062 293.3770859802417
144.40624770409502 8.8210217942280131 293.43708910098815
144.19924051937386 9.7516668138580389 293.46851610275206
184.72969177776955 -89.716096335438465 320.88870297464587
184.84506650187217 -89.405352808935959 320.38857585702971
184.72277637140081 -89.325121095439243 319.80667552523857
184.72159209128142 -89.264037739478454 319.2097941123053
184.72040781116203 -89.202954383517664 318.61291269937209
184.64431129938447 -88.915993543592236 318.09150806068487
184.56821478760688 -88.629032703666837 317.5701034219976
184.42999772636833 -88.355509870709582 317.05427272900459
184.19857445386123 -88.216580598043606 316.51841647389637
184.15939491766125 -87.911976653516973 316.00297355666692
184.03600269489189 -87.622424799274626 315.49215648269148
183.93843134582178 -87.479260136267996 314.91771439587433
183.8408599967517 -87.336095473261366 314.34327230905717
183.68838866595928 -87.139769241312592 313.7971876050641
183.53591733516686 -86.943443009363804 313.25110290107108
183.50678715931127 -86.683272263807481 312.71123012345464
183.47765698345566 -86.423101518251158 312.1713573458382
183.28300158961284 -86.584560082565673 311.62726138954247
183.08834619576993 -86.746018646880231 311.08316543324673
183.05384475357164 -86.381597098117837 310.60776393421264
183.01934331137332 -86.017175549355457 310.13236243517855
182.86184556102157 -86.117325581186975 309.5621305264271
182.71362336368688 -86.057838787867283 308.98377812378851
182.61844679240994 -85.813492443973246 308.44411500247526
182.52327022113295 -85.56914610007918 307.904451881162
182.38381679250102 -85.452117327895564 307.33273778502303
182.24436336386904 -85.335088555711948 306.76102368888405
182.15364395430595 -85.171312949791883 306.19098198897598
182.01043353587616 -85.062686026144632 305.6185390070886
181.93783887684819 -84.847527757742895 305.06316801845219
181.85262770900053 -84.745660340918249 304.47805086243682
181.64554508284738 -84.570770286798449 303.94276565349162
181.59618698975842 -84.833014671991094 303.40537225840615
181.476685449439 -84.70833548235646 302.83076414713958
181.34022244736545 -84.629176899008698 302.25187575742405
181.2241603417113 -84.483566167514411 301.68150122914915
181.10722593770058 -84.321586850470155 301.11573710337893
180.99543833306564 -84.130850808847612 300.55795283157113
180.88365072843069 -83.94011476722504 300.00016855976332
180.75372661382571 -83.731478386137837 299.45281987297312
180.66385098735705 -83.465954758191089 298.92232993454934
180.5739753608884 -83.200431130244354 298.39183999612555
180.42591386651424 -83.093342845685555 297.82034205807679
180.27785237214007 -82.986254561126771 297.24884412002808
180.17857833523416 -82.741345319896908 296.71017527077407
180.04915295545183 -82.591212100813607 296.14386344183538
179.91972757566944 -82.441078881730306 295.57755161289668
179.85424379620218 -82.054703575312175 295.12321033454202
179.77499150614037 -81.827693406490454 294.57349635639383
179.69573921607852 -81.600683237668761 294.02378237824564
179.48932062774313 -81.762730626781178 293.66520613430384
