-10.774211056508403 151.14624310311589 168.53145896016255
-11.755641933414861 151.46740504378565 158.73442792958784
-10.774211056508403 151.14624310311589 168.53145896016255
-10.828976305401039 150.80251122024433 168.04273699399846
-10.856245734929466 150.43523853499588 167.56906289413277
-10.842499766848034 150.28638481708617 166.98798319303665
-10.917845578931519 149.79303551286918 166.65492242886575
-10.933284938559673 149.87265554273395 166.06042913452288
-10.872956220998534 149.43199524430244 165.65771466095174
-10.971620546408754 148.95973808446925 165.30100956443977
-10.931234453882757 148.38299031114005 165.14060080691607
-10.975865156919408 148.05317573810905 164.6413709522771
-11.020495859956059 147.72336116507805 164.14214109763816
-11.077338935489982 147.43463942081141 163.61925619715672
-10.941720613770897 147.74014772424391 163.12098684495061
-10.938290093854754 147.48198663447727 162.57937713006027
-10.95210929342144 147.16834265588591 162.06806853007714
-10.965928492988127 146.85469867729455 161.55675993009399
-10.979747692554813 146.54105469870319 161.04545133011086
-10.993785304032212 146.22672889484471 160.53456755223891
-11.351338436330662 146.15215225100144 160.05854855915499
-11.686242177750641 146.05542269625931 159.57020147231785
-11.59111826671197 145.72063795762131 159.08145755130832
-11.609614249228652 145.42848497897288 158.55771664618672
-11.628110231745339 145.13633200032444 158.03397574106512
-11.723092620590085 145.06674167871583 157.46813338462556
-11.818075009434832 144.99715135710719 156.90229102818606
-82.497805686295905 190.51790521664057 204.33238487072762
-82.005074068741365 190.21142110822905 204.48497269577689
-81.540641058491971 189.8319455057387 204.50230030684378
-81.076208048242592 189.45246990324839 204.51962791791067
-80.545399595953526 189.17276420237013 204.52229397768261
-79.986593579486936 188.95440549034012 204.51485698626476
-79.434201120994572 188.72074288824945 204.49859782930741
-78.881808662502195 188.48708028615877 204.4823386723501
-78.337296320441752 188.26442536395112 204.36430861278666
-77.775774301433643 188.09375282166678 204.23955323022037
-77.250889529520961 187.83917393434223 204.09924796894063
-76.718872245098893 187.62360704003544 203.92463833817791
-76.182616728463785 187.43433457575722 203.73331151009452
-75.651847873926926 187.26711169687604 203.50898823481458
-75.122780793218467 187.06866350564616 203.30723011352023
-74.594918621961483 186.87985459805932 203.09342477080932
-74.067056450704499 186.69104569047246 202.87961942809841
-73.543432164580082 186.49049932156581 202.66608076438843
-73.019807878455651 186.28995295265915 202.45254210067847
-72.473179986652596 186.16019992342439 202.2419189791857
-72.006900954385543 185.85724796633005 202.01652160617348
-71.483269550793494 185.64676795251975 201.81278570614933
-70.959638147201474 185.43628793870948 201.60904980612514
-70.493009092291317 185.11674692966926 201.40867298946407
-69.979456809842787 184.89590709809798 201.19074221608992
-69.482545980675241 184.6600189487603 200.95108327330234
-68.985635151507694 184.42413079942258 200.71142433051472
-68.534828461135334 184.1027138881264 200.48020041944943
-68.012486093814815 183.88064218157461 200.28566865224633
-67.490143726494281 183.65857047502283 200.09113688504323
-67.090197027973034 183.24129912546687 199.93011744776405
-66.644750181799225 182.88884283008409 199.73685165389753
-66.166800503554413 182.61020793161492 199.50463042657162
-65.676775923456475 182.34867255566152 199.27774905222645
-65.227621975847256 182.0144262367985 199.06201743731205
-64.750434715893249 181.74290007728598 198.82001358685102
-64.273247455939241 181.47137391777343 198.57800973638999
-63.818294911670158 181.15327332612316 198.35034727559588
-63.363342367401081 180.83517273447288 198.12268481480177
-62.93210198077535 180.50910304376984 197.8624728132574
-62.475875276230873 180.20998058806498 197.6127070218576
-62.043200639260498 179.86790200441109 197.37653991761167
-61.620667944987034 179.54164702023888 197.10263517582581
-61.159900132407245 179.26305261994315 196.83791233394339
-60.699132319827484 178.98445821964739 196.57318949206098
-60.265993147486462 178.66371936665161 196.30952863876138
-59.79984683690445 178.37413880070605 196.06693697988285
-59.375860314329735 178.06870195932783 195.77207469914168
-58.95187379175502 177.76326511794957 195.47721241840051
-58.516612944758606 177.45474002890643 195.20269417765343
-58.081352097762192 177.14621493986331 194.92817593690629
-57.674265023673264 176.85213693960762 194.59984950806555
-57.225199224065271 176.56695903110688 194.32233650273858
-56.818748458266114 176.23016459084954 194.03708699793091
-56.382519003917039 175.94498490940688 193.73980529238787
-55.969510793561483 175.6753812129013 193.39813576636979
-55.538945313578289 175.39320896016281 193.08992774046629
-55.0881169212578 175.11092888752461 192.81230979927892
-54.690377390465713 174.79575048224379 192.49220694316872
-54.292637859673619 174.48057207696291 192.17210408705853
-53.897118291927846 174.17819410475585 191.83724317047651
-53.471500766867472 173.96504923473069 191.47197753187436
-53.045883241807111 173.75190436470552 191.10671189327221
-52.689191792988403 173.41360842043704 190.76272488126287
-52.332500344169681 173.07531247616856 190.41873786925356
-51.932448991910178 172.83229933417473 190.04336668179556
-51.530229807059698 172.59558590737598 189.66629045487133
-51.124305328781624 172.34769639219837 189.30053629399316
-50.716261875574951 172.08441903530766 188.94813655840329
-50.30821842236827 171.82114167841695 188.59573682281342
-49.883488980643889 171.59136931723961 188.23963351845993
-49.5014678941073 171.25744899652398 187.91938812996139
-49.067787375006034 171.03452665629845 187.56977857977657
-48.63364397371884 170.80195156484376 187.22710040137352
-48.216449294321762 170.61167001666919 186.84013589149302
-47.84685132048007 170.31854209973164 186.46936188749061
-47.428717088819653 170.04006860262618 186.14131269038199
-47.010582857159235 169.76159510552068 185.81326349327344
-46.653201667881383 169.50309946599552 185.40649735665826
-46.249475873690479 169.32737426149623 184.99891161646536
-45.823384460643339 169.17760797990445 184.6039227955784
-45.413682895406019 168.93443223423864 184.23921718256705
-45.039038945831706 168.65272609024737 183.86467271326475
-44.664394996257386 168.37101994625613 183.49012824396246
-44.245420207060867 168.27047354789275 183.07257519608245
-43.873681865869891 167.96858592315021 182.71108596012112
-43.448446254273911 167.79535549856217 182.32486595205881
-43.041776728657155 167.57888443526414 181.94047009400458
-42.667462314245441 167.43190938650815 181.49517574842315
-42.309120224658514 167.11938946085547 181.12922186758502
-41.904208990654816 166.88910139381832 180.75104955400573
-41.516478929300149 166.67554530243962 180.34600733971573
-41.135601363368316 166.36304841533365 180.00354861910995
-40.759460911387656 166.19850103261831 179.56600717053016
-40.367739612777946 166.01967976212299 179.14818259318466
-39.976018314168243 165.84085849162767 178.73035801583913
-39.614742385730139 165.53885020531453 178.35851033394584
-39.253466457292021 165.23684191900139 177.98666265205262
-38.830236202169779 164.97404736573634 177.65227489222372
-38.404894984311362 164.82051986879495 177.25792206026529
-38.028453662548173 164.54482384429249 176.88071703200779
-37.634046445907863 164.36802822510447 176.46456050316561
-37.239639229267553 164.19123260591644 176.04840397432346
-36.849796495569549 163.8418697470899 175.75520057076989
-36.47979779058776 163.550662320355 175.38331457624164
-36.097625748602326 163.30385628815532 174.99212240761537
-35.700792334313952 163.10668348399651 174.58759042296597
-35.303958920025572 162.90951067983772 174.18305843831655
-34.900375385008388 162.65319951859837 173.82053268904187
-34.512447668232738 162.37362732135094 173.45810825128487
-34.124519951457088 162.09405512410348 173.0956838135279
-33.703634394806912 161.84655498016539 172.746973293248
-33.274103391974876 161.62872383262086 172.38912876169059
-32.880769218906615 161.36842707777683 172.01827322686015
-32.487435045838346 161.10813032293282 171.64741769202971
-32.057522762036086 160.90677179578327 171.2804978482217
-31.627610478233844 160.70541326863369 170.91357800441367
-31.2464195913713 160.4245268085391 170.54507250335774
-30.855948047215826 160.18145435594528 170.1597833184656
-30.465476503060366 159.9383819033514 169.77449413357346
-30.073710589341101 159.63438911133909 169.43669559708718
-29.661317590011596 159.42094665463031 169.05672937256435
-29.245528254220215 159.28228908551725 168.64698151501068
-28.932389786147205 158.8888030870431 168.31970018523813
-28.619251318074209 158.49531708856892 167.99241885546559
-28.176772749183453 158.63555256958983 167.61222584404214
-28.536281411305755 158.27356626716477 167.92800969213394
-28.1009496090903 158.16210278178772 167.53043942990669
-27.665617806874842 158.05063929641068 167.13286916767942
-27.458504413408853 158.35890082109509 166.66161671448023
-27.251391019942872 158.66716234577947 166.19036426128105
-26.833534869155358 158.2448345977204 166.10648631144687
-26.415678718367843 157.82250684966132 166.02260836161264
-25.997822567580329 157.40017910160222 165.93873041177847
-25.575986207345782 157.19063311335847 165.56705237369306
-25.154149847111235 156.9810871251147 165.19537433560765
-24.618587683719081 156.83973568220844 164.96473839146401
-24.217058278565936 156.58663775568803 164.59770218563628
-23.815528873412791 156.33353982916759 164.23066597980855
-23.33232191252079 156.23433340644175 163.88909736498064
-22.89839925031696 155.95245836297789 163.5853580308499
-22.445323526756773 155.75893319470529 163.24291037358608
-21.979310837140648 155.58615152513005 162.90678737857453
-21.513298147524527 155.41336985555481 162.57066438356298
-21.063197807813577 155.28865651161703 162.19402627338832
-20.727001616645946 154.80983755524466 162.06096791001784
-20.39080542547832 154.33101859887228 161.9279095466473
-19.898557735228422 154.30595225915641 161.58576353971915
-19.424994933901161 154.20137113170998 161.23249160341354
-18.930209980410709 154.22278945612868 160.89377475237342
-18.495885337316711 154.05198087288406 160.51669845731996
-18.061560694222717 153.88117228963944 160.13962216226651
-17.553195305300697 153.74771185108764 159.8502211555514
-17.089399345750479 153.59699578678038 159.50068149275958
-16.625603386200265 153.44627972247309 159.15114182996777
-16.093214249761822 153.19730540957957 159.2718629918306
-15.601345799392217 152.85668534487775 159.31706696348715
-14.502573266255832 152.45974811599427 159.15059866808735
-13.953186999687636 152.26127950155256 159.06736452038746
-12.305028199983056 151.66587365822738 158.81766207728774
-11.755641933414861 151.46740504378565 158.73442792958784
