-70.358165630901013 178.58166394439337 446.49118239154512
-115.2823429011024 -12.75688407588378 331.08689900553725
-70.358165630901013 178.58166394439337 446.49118239154512
-70.124702187821455 178.17090089529961 446.12136008523487
-69.891238744741884 177.76013784620574 445.75153777892473
-70.039004271109377 177.28758455846213 446.09044593677879
-70.046936168624569 176.6929584233784 446.1701757585347
-69.944184235750058 176.14853600675872 445.93985799419045
-69.803807843428999 175.6117472118415 445.7114893051583
-69.739427765919231 175.05578836552922 445.49523721423901
-69.676994040889753 174.53932892983897 445.19628624624346
-69.614560315860246 174.02286949414875 444.89733527824791
-69.661637887014123 173.65276265062215 444.4274367501921
-69.629449009037529 173.06957180581747 444.29013301874022
-69.597260131060949 172.48638096101277 444.1528292872884
-69.681163827466705 172.18464437738419 443.64105276982247
-69.765067523872489 171.88290779375563 443.12927625235642
-69.741696960992641 171.31448645402844 442.93861687720425
-69.718326398112794 170.74606511430125 442.74795750205203
-69.838974729250737 170.24707208070262 442.43739360747685
-69.829115498055089 169.6499789165041 442.37923392360892
-69.875528064565657 169.12026562289674 442.10129562066106
-69.968381524325594 168.65399999414348 441.73527021381898
-70.028827337656637 168.10052619963957 441.5116342094542
-70.05321274540097 167.70231830356596 441.06348710928086
-70.077598153145317 167.30411040749237 440.61534000910751
-70.238446423784879 166.72719837134829 440.57927983184254
-70.243158491351309 166.14578638532174 440.72739431095886
-70.297756466542097 165.98898058674749 440.15082601262941
-70.376108546603561 165.47560333141672 439.85031853308999
-70.444121687030531 164.9152422793328 439.64692309548963
-70.512134827457487 164.35488122724885 439.44352765788926
-70.580147967884471 163.79452017516488 439.24013222028896
-70.696344289586818 163.3894613749986 438.81301890601424
-70.75876164663994 162.83219155754583 438.59958408201726
-70.821179003693047 162.27492174009302 438.38614925802028
-70.955583505396106 161.89523058399612 437.94143580431808
-71.089988007099151 161.51553942789923 437.49672235061587
-71.160310947391466 160.94112713327326 437.33827614570345
-71.230633887683766 160.36671483864728 437.17982994079091
-71.357255266410249 159.84207479399441 436.91768522885485
-71.483876645136718 159.31743474934154 436.65554051691879
-71.62153171407256 158.76931308317066 436.45401205473456
-71.904496057699333 158.53154230443403 435.98136394354094
-72.015859870668166 157.98805112117248 435.75285697454876
-72.127223683637013 157.44455993791092 435.52435000555653
-72.238587496605859 156.90106875464943 435.29584303656429
-72.407958446386942 156.47167956909624 434.91251757602168
-72.577329396168025 156.04229038354302 434.52919211547908
-72.682580784274037 155.52824996343287 434.23818594407584
-72.781606234485793 154.97812892714518 434.02010154379894
-72.880631684697562 154.42800789085749 433.80201714352216
-73.095526705521053 154.24038535828441 433.27417444413516
-73.310421726344572 154.05276282571134 432.7463317447482
-73.314137822742069 153.45521472606461 432.8003915194069
-73.52039112997079 153.01812085923743 432.44485175392447
-73.726644437199525 152.58102699241027 432.08931198844209
-73.792205607894971 151.99811699150047 431.96314676448412
-73.857766778590431 151.41520699059066 431.8369815405261
-74.107344374876632 151.07342663402392 431.41166141250824
-74.309417525918178 150.61817134412675 431.0771332931389
-74.511490676959738 150.16291605422958 430.74260517376962
-74.530840105337631 149.62361049041701 430.48035508613901
-74.805695838658295 149.12912556149365 430.28050769203935
-74.964902599040101 148.63705911384451 429.97633041059527
-75.124109359421908 148.14499266619538 429.67215312915124
-75.139240023107888 147.54585996742762 429.70063245996653
-75.255583136449175 147.0265085023955 429.42361560895017
-75.538784561994589 146.82351305061542 428.93515906111236
-75.55214196131989 146.22842886754032 428.85968459564822
-75.709728370480875 145.76819096183604 428.50847583465173
-75.978404789805083 145.55656370467688 428.01549826343125
-76.21441098623886 145.19380341920296 427.59991908863083
-76.208043432276128 144.6013200637895 427.5054578382975
-76.201675878313381 144.00883670837607 427.41099658796401
-76.40866722509567 143.55082032545698 427.08331446252078
-76.42704749708065 142.9517735224569 427.05494029438921
-76.585484420627765 142.54914228516574 426.63926514717167
-76.743921344174893 142.14651104787458 426.22358999995413
-76.839768245803583 141.66374242317119 425.88044596831412
-76.915464001915581 141.07900069031263 425.76932775036505
-76.991159758027592 140.49425895745406 425.65820953241592
-76.954171816040088 139.89808547754325 425.71485822170871
-77.161813416673112 139.48770476725286 425.32953674773137
-77.369455017306095 139.07732405696254 424.94421527375391
-77.427173846461457 138.54833534284899 424.66701592833363
-77.48489267561682 138.01934662873538 424.3898165829134
-77.615632332973334 137.51135055020615 424.09853128257498
-77.746371990329834 137.00335447167689 423.80724598223668
-77.843959383784608 136.47107389628607 423.54810492084289
-77.999899298644252 136.00338536230518 423.20612512884293
-78.129619025925422 135.50627604809421 422.89619752103937
-78.259338753206606 135.00916673388321 422.58626991323592
-78.346378672613113 134.46413116733314 422.35098225179752
-78.433418592019635 133.91909560078301 422.11569459035917
-78.557936328206878 133.44185300088935 421.77402979231647
-78.682454064394136 132.9646104009957 421.43236499427383
-78.824894484466142 132.50576434318276 421.07296129095505
-78.967334904538149 132.04691828536983 420.71355758763627
-78.978847941688045 131.45212828783366 420.63550434422814
-79.150815021739021 130.99061437905399 420.29282047331844
-79.24737553325977 130.50201690064438 419.9582333072367
-79.363550457403306 129.98342638545873 419.67972430458201
-79.479725381546842 129.46483587027308 419.40121530192727
-79.606640920693778 129.03615957648671 419.00105398312115
-79.764608566349636 128.50193211310958 418.77823737624556
-79.778911299657125 127.90291008545103 418.7471239997044
-79.793214032964528 127.30388805779253 418.7160106231625
-79.977937232422818 126.79952984190206 418.4486155415965
-80.03076450080998 126.54099151832015 417.90975821822212
-80.083591769197128 126.28245319473822 417.37090089484775
-80.404663220658804 125.90667894775864 417.03074381589266
-80.602361451539281 125.58577483322117 416.56390770034494
-80.637279895049346 124.98997456952475 416.50224127445443
-80.73384892061263 124.45182098100638 416.25512765996393
-80.846010110285576 123.97233910687734 415.91232013391925
-80.900729353990968 123.37787945386438 415.97251585891701
-81.054237712717196 123.10267774603692 415.46192874214847
-81.197550558939469 122.66196875952036 415.08082899495457
-81.340863405161741 122.22125977300379 414.69972924776073
-81.452928119361601 121.76028075352811 414.33238765818157
-81.605048648914575 121.28560576452817 413.99840712086478
-81.757169178467564 120.81093077552828 413.66442658354788
-81.704434012244832 120.21516721360425 413.61662720565403
-81.898564348340784 119.71110414053912 413.35541114378293
-82.073568302379158 119.40837009949264 412.86783990133461
-82.252315173719893 118.96032818362562 412.51103743832175
-82.254116040979468 118.360390211455 412.51947464312707
-82.370779927966254 117.90698879924314 412.14421913433682
-82.535125755288533 117.34629909947657 412.00777313909532
-82.626797291393416 116.88805028581812 411.63146959905242
-82.718468827498299 116.4298014721597 411.25516605900958
-82.901375489269427 116.08637203768949 410.79843706209869
-83.034045315370662 115.52176113443511 410.6447710438365
-83.166715141471883 114.95715023118075 410.49110502557431
-83.254140841845242 114.64636405105509 409.9853692277934
-83.367974849855358 114.12154896194241 409.71776702141233
-83.503329043008492 113.76200608433285 409.25688942209109
-83.574690198102232 113.16940100056402 409.19584189769387
-83.698745793229904 112.63382050115642 408.95550101899892
-83.818115326142419 112.13683853338686 408.64124023823854
-83.937484859054976 111.63985656561729 408.32697945747816
-84.090456894798635 111.22069576777169 407.92585132105552
-84.222271718714723 110.7823188369468 407.53797180533377
-84.354086542630796 110.3439419061219 407.15009228961208
-84.448683052139842 109.78114775359938 406.96485125129936
-84.543279561648859 109.21835360107684 406.77961021298677
-84.654045049530026 108.72128135049695 406.46235608078689
-84.764810537411165 108.22420909991703 406.14510194858701
-84.894951962242345 107.6997994920121 405.88422310184029
-85.025093387073525 107.1753898841072 405.62334425509351
-85.046304639692295 106.62399140501934 405.3877390768356
-85.249473620867008 106.1232452611104 405.12701764609244
-85.298830368399592 105.56530577712583 404.91191896249808
-85.377514685971391 105.01044200927431 404.69759449517369
-85.456199003543176 104.45557824142277 404.48327002784936
-85.565041493549785 103.92119912413793 404.2330855531531
-85.700321008991665 103.48660843128967 403.84215028691142
-85.849253089736237 103.05753217732777 403.45008804234925
-85.978275359545989 102.61107820035662 403.07057242957455
-86.014252116894994 102.01223082329838 403.07992614119837
-86.05022887424397 101.41338344624016 403.0892798528223
-86.084278653190509 100.83586107905063 402.93019331049555
-86.118328432137034 100.25833871186111 402.77110676816875
-86.293839910865827 100.09384332375882 402.22143687802782
-86.401752890355823 99.799943093127283 401.70959955690682
-86.565392125440468 99.285395537109864 401.44794517926823
-86.606883620802932 98.689835959963474 401.38805155789004
-86.677299802168591 98.202480182397863 401.04523104001618
-86.681940803901028 97.602583205932234 401.03512763809834
-86.856307059017155 97.1692275990318 400.65856512397261
-86.948014142419211 96.835047941692423 400.16875519402583
-87.039721225821253 96.500868284353032 399.67894526407906
-87.09959872568507 95.905081099173344 399.64083601342105
-87.166566805410667 95.345666247626554 399.4345102996412
-87.233534885136265 94.786251396079749 399.22818458586141
-87.281061303802602 94.319427773841625 398.85426354439784
-87.328587722468967 93.852604151603487 398.48034250293421
-87.476690943377747 93.296174768186731 398.311665956767
-87.526560928073408 92.760508871618939 398.04600634018846
-87.589077194177605 92.258887573384669 397.72279156696453
-87.652525828318801 91.741287713960261 397.426034669236
-87.734219953544141 91.244477147550285 397.09968312410854
-87.794062517753147 90.648818870360628 397.05955726805109
-87.853905081962139 90.053160593170972 397.01943141199365
-87.907326268632829 89.719822774388533 396.52341520723405
-87.960747455303505 89.386484955606107 396.02739900247451
-88.064160243011457 88.862996513256917 395.75305315128423
-88.16757303071941 88.339508070907726 395.47870730009402
-88.220371510414026 87.829275626197244 395.16745953238046
-88.101212937584719 87.392566296686894 394.77364968481453
-88.358456515578837 86.929126981635648 394.49249182373711
-88.615700093572968 86.465687666584387 394.21133396265975
-88.540797416203816 85.901513380519916 394.02134195265251
-88.673800680246941 85.503953889391127 393.592090764224
-88.799470944283684 85.13920687082792 393.13256209571006
-88.824411529734377 84.543065996134217 393.06936379892284
-88.995681977677791 84.124946322631914 392.67459504092443
-89.031654888351653 83.660724425226334 392.29617202409429
-89.099488645829894 83.085737346045477 392.13872857354312
-89.110898370043657 82.485942117531252 392.12798138577415
-89.238343707225908 82.08639991298179 391.69888499472165
-89.342807924974423 81.56295899536957 391.42484698097275
-89.41819036001236 80.993290561085715 391.25223364583223
-89.510236055339618 80.555193785294122 390.85273545433103
-89.661489745500162 80.100336036487334 390.49186601871304
-89.812743435660678 79.645478287680547 390.130996583095
-89.74025260843311 79.057837413356623 390.03392298837588
-89.846757018264356 78.470105652643937 389.97710584187888
-89.953261428095573 77.882373891931252 389.92028869538183
-90.003065244085789 77.400833045588229 389.56583419447088
-90.05286906007602 76.91929219924522 389.21137969355988
-90.227072254027604 76.405864728134446 388.95438654360083
-90.40127544797916 75.892437257023673 388.69739339364179
-90.462952483835323 75.522339382440592 388.2291802942126
-90.524629519691501 75.152241507857511 387.7609671947834
-90.713835908658425 75.001079672584623 387.21201269582104
-90.888176131106775 74.429174790901385 387.26231471510005
-90.954701181792103 73.89236015864968 387.00269101003488
-90.968649465581407 73.303752916043237 386.88716196896485
-91.071171306606828 72.986454253457367 386.38835255562748
-91.173693147632292 72.669155590871497 385.88954314229011
-91.2444311701705 72.081763357600536 385.78971080053492
-91.422857174256876 71.688501059966569 385.3731667736597
-91.60128317834328 71.295238762332559 384.95662274678455
-91.645894001411165 70.729800544389292 384.76094572678892
-91.83586978168313 70.37692561149052 384.31441634965711
-91.893126255894117 70.582761324284903 383.75374411430084
-92.024682928741953 70.073738591499179 383.46462701114615
-92.15623960158976 69.56471585871347 383.1755099079914
-92.124832006223997 68.99200919102617 383.3516366684222
-92.184046454217665 68.394938322664899 383.35147143182297
-92.26679304771794 67.902377344276275 383.01900085593252
-92.349539641218229 67.409816365887636 382.68653028004206
-92.426543321145601 66.829799166117894 382.55367516629445
-92.496078145704956 66.374694473447832 382.16890948840307
-92.565612970264326 65.91958978077777 381.78414381051175
-92.780305075745375 65.367186307469041 381.69056121319488
-92.794397039425732 64.836689656388884 381.41060636013395
-92.911762772564572 64.360975704648311 381.06430949210863
-92.996570084901066 63.837388390087085 380.78383838164478
-93.081377397237574 63.313801075525859 380.50336727118093
-93.260161174747154 63.068516332309983 379.9858039845725
-93.231038160254073 62.483164538119169 380.11431517888821
-93.366554640905775 62.098099802336513 379.67458749869462
-93.501826616218764 61.692004100183489 379.25412611712937
-93.625710526630641 61.158687556655821 379.00871576457519
-93.750509149391831 60.663756882448965 378.69332880941369
-93.875307772153008 60.168826208242123 378.37794185425213
-93.990840227374974 59.668498088450669 378.06758073501146
-94.106372682596955 59.168169968659221 377.75721961577079
-94.224329746221272 58.682138960394909 377.42576827673787
-94.342286809845589 58.196107952130625 377.09431693770495
-94.508149905766615 57.729113772810912 376.75607756995925
-94.680688334779575 57.163366515858471 376.85687703307548
-94.760881759829246 56.79732140158135 376.38828340433872
-94.841075184878932 56.431276287304208 375.91968977560202
-95.002484361341573 55.858323152055426 375.99500101355659
-95.160773964813316 55.280212460487668 375.96793757460648
-95.199879195776518 55.084878821752952 375.4019733085172
-95.238984426739734 54.889545183018257 374.83600904242792
-95.427702691959425 54.509552543832953 374.41175556803148
-95.61642095717913 54.129559904647678 373.98750209363504
-95.698057056231974 53.602466473848907 373.71271478945192
-95.779693155284818 53.075373043050128 373.43792748526886
-95.851194796940803 52.65404196795005 373.01677710785538
-96.069149972819304 52.235272548418052 372.6464695133173
-96.201372681422782 51.735641252593283 372.34169792087135
-96.333595390026261 51.23600995676852 372.03692632842547
-96.363085885062915 50.637967241188086 371.99851772205039
-96.501462356615605 50.451672414737082 371.44521293284447
-96.606381506030431 49.905926877678588 371.21904091674435
-96.711300655445243 49.360181340620088 370.99286890064417
-96.844631001684235 48.943952988210739 370.58180080723093
-96.971930270668963 48.509381551070682 370.18817336644719
-97.057787822873706 48.014098862787918 369.86057065062084
-97.204698054770404 47.595577881690573 369.4565192032216
-97.351608286667116 47.1770569005932 369.05246775582248
-97.401353058857481 46.579134930428218 369.04862389919771
-97.50607575408246 46.014927590943671 368.87340051269751
-97.599688123841773 45.56609152873375 368.4863825370324
-97.693300493601072 45.117255466523815 368.09936456136722
-97.862011327311833 44.588830104364483 367.87066543321987
-97.973093245464241 44.099507781573259 367.54169055290561
-98.084175163616635 43.610185458782034 367.21271567259134
-98.208964631719297 43.08025814842636 366.96051608022475
-98.347126045923602 42.896610324808584 366.40627344337202
-98.474458631189876 42.439080428736084 366.03959537349425
-98.671309753120951 42.025753353925573 365.65176762174991
-98.868160875052041 41.612426279115134 365.26393987000552
-98.857959154447599 41.013130901643891 365.29116073403134
-98.929043909551751 40.428455046011621 365.17670069107987
-99.000128664655904 39.843779190379351 365.06224064812841
-99.166187031195335 39.481162458419178 364.61398433238395
-99.332245397734738 39.118545726458997 364.16572801663949
-99.443473748936171 38.668814904784853 363.78445325754143
-99.560663336514807 38.168716364085192 363.47434351865337
-99.677852924093457 37.668617823385532 363.16423377976531
-99.806543171986178 37.125849341127804 362.94323333912104
-99.966543584258929 36.701756972341244 362.55011054556974
-100.12654399653169 36.277664603554683 362.15698775201849
-100.24391946264784 35.732030879586596 361.93674506945507
-100.10852507306059 35.366570099974517 361.4805578514912
-100.09251008440182 34.973021635601889 361.02793977150742
-100.07649509574306 34.579473171229267 360.57532169152364
-100.07447968052273 34.413218294456712 359.9988190861082
-100.0724642653024 34.246963417684178 359.4223164806927
-100.36221669817576 33.999823016621477 359.88595982401438
-100.65486709237602 33.643252405251999 360.26964347740875
-100.94751748657629 33.286681793882522 360.65332713080306
-101.09294687081245 33.010957098472879 360.14066136586263
-101.25811856102686 32.619272059850992 359.71722170868406
-101.4232902512413 32.227587021229098 359.2937820515055
-101.56003008556418 31.660447352415769 359.15358642472756
-101.62304734638452 31.078228449960562 359.02301087394352
-101.80160046019981 30.629607807615351 358.66683913894951
-101.98015357401508 30.180987165270142 358.31066740395556
-102.11552731093981 29.661095351663686 358.0434849690987
-102.25090104786452 29.141203538057233 357.77630253424184
-102.35594587109298 28.675910157260649 357.4123414719017
-102.4993321538811 28.134445979146495 357.19726725743755
-102.70744782828834 27.676137376095124 356.87070778286187
-102.91556350269555 27.217828773043756 356.54414830828625
-102.96323540429276 26.795652319027475 356.12048047675739
-103.10155426037697 26.267183345741376 355.87231029658767
-103.2398731164612 25.738714372455284 355.62414011641783
-103.45703391403545 25.248222612583259 355.35532973437404
-103.50102870749865 24.770086759319426 354.9955373442769
-103.62862561540064 24.21907781114222 354.7952671065417
-103.77790570277882 23.752683876115462 354.44857970717078
-103.8279458996047 23.170902478113668 354.31064354932698
-104.00457984793998 22.773802545095229 353.89698657610859
-104.18121379627523 22.376702612076791 353.48332960289014
-104.29655102510519 21.819893423006111 353.29185936861785
-104.41326757155892 21.580486412883399 352.75421494031229
-104.54589487689468 21.06835744341884 352.47113559363623
-104.67852218223041 20.556228473954278 352.18805624696017
-104.84183934105025 20.247802232033823 351.69999809578366
-104.88407374986366 19.669718897271942 351.54496289725523
-104.95495878532691 19.109383892584152 351.34247834409399
-105.02584382079014 18.549048887896369 351.13999379093269
-105.18207832329378 18.184944479536362 350.68941775956813
-105.27749249301159 17.623376060229127 350.50090503677779
-105.42359597786833 17.304860716563461 350.01387141621115
-105.60313974841108 16.844591198454097 349.67340701989531
-105.78268351895386 16.384321680344719 349.33294262357958
-105.78130751597875 15.785864534155849 349.28996413138543
-105.94426654350869 15.220424965925435 349.17282126977659
-105.90146539987131 14.623348385713275 349.13198477304292
-106.06078998460956 14.302701012175698 348.65052767366495
-106.22011456934779 13.982053638638126 348.16907057428699
-106.33836834928847 13.551888726966652 347.76785468190934
-106.40156137897377 13.004704488239833 347.52995543876602
-106.52066128569668 12.519059451841922 347.19834706908784
-106.63976119241958 12.033414415444017 346.86673869940955
-106.75886109914254 11.547769379046104 346.53513032973132
-106.9021346498037 11.004708389460555 346.32404396998419
-107.03446022225728 10.420021869217141 346.29891199989663
-107.15579231159825 9.8644307347957358 346.10760853560885
-107.33249383057918 9.6011729565631079 345.59822467702099
-107.5091953495601 9.3379151783304764 345.08884081843314
-107.57348945096803 8.8707598872853826 344.71785267499365
-107.63778355237596 8.403604596240303 344.34686453155405
-107.83516939993635 8.0373127076242028 343.91458096777103
-108.03255524749673 7.6710208190080902 343.48229740398807
-108.28614388821002 7.5252520159225753 342.95842312770776
-108.53973252892331 7.3794832128370658 342.43454885142745
-108.66278642574896 6.8187218396323557 342.26018021664015
-108.78927732864972 6.3483140857476688 341.90987092962581
-108.91576823155049 5.8779063318629898 341.55956164261147
-108.84172111616783 5.3365354751520773 341.31170156069504
-108.93738242472132 4.745948586957673 341.26635796645417
-109.1302950549557 4.1778930002367112 341.25648034066865
-109.05841881069701 3.7338006624242039 340.85947177526043
-109.19960692807274 3.3897496694226374 340.38862697097085
-109.2193969370275 2.9841009830301948 339.94697382791207
-109.55848218855904 2.4908586971069595 339.90534163398695
-109.89756744009057 1.9976164111837207 339.86370944006188
-110.03079460853237 1.4299462827855394 339.7222840289316
-110.22251286869418 0.90621287380435211 339.50104337932697
-110.414231128856 0.38247946482316031 339.27980272972235
-110.71708726386308 -0.11690723918629953 339.14235789952806
-110.79211188939476 -0.70888468345991451 339.07963620443689
-111.06865329051095 -1.2363081994649561 339.00649737594227
-111.22571586684555 -1.7297302658761435 338.70340331217051
-111.06432495106517 -1.990149853594668 338.18752095093294
-110.90293403528479 -2.2505694413131985 337.67163858969531
-111.20421824814166 -2.5358284341821378 337.23821601290604
-111.23793701443006 -3.0249973372798369 336.89241718549022
-111.4121855671636 -3.5831124392355092 336.75771390104887
-111.57098070322186 -4.0802340909088359 336.46164943475509
-111.72012570419471 -4.5198787814460664 336.08155955753233
-111.86927070516757 -4.9595234719832986 335.70146968030951
-112.1188209783671 -5.0780810654144082 335.16886404929738
-112.25833230342997 -5.6010321904773939 334.90990708187894
-112.32942306477955 -6.186242212040665 334.79821404578149
-112.51432832350743 -6.5699322831904281 334.37561260873252
-112.62201400718872 -7.1084339947516408 334.13391093274385
-112.77479857909279 -7.5392969310439497 333.74530572856145
-112.90426258952337 -7.9808604214394219 333.360259297656
-113.03372659995387 -8.4224239118348798 332.97521286675055
-113.14339355382469 -9.0020470046014545 332.86562167385438
-113.25576609089578 -9.5144483101046369 332.57438754977062
-113.43166498040496 -10.038104712175528 332.34020054492277
-113.54148815886279 -10.442264357461928 331.91055668008187
-113.6849876756573 -10.938100700213141 331.60469035325457
-113.82848719245183 -11.433937042964359 331.29882402642727
-114.04939233568234 -11.952366495774449 331.09283417193598
-114.27029747891285 -12.47079594858455 330.88684431744474
-114.77632019000762 -12.613840012234167 330.98687166149102
-115.2823429011024 -12.75688407588378 331.08689900553725
