# Verdict S: held-out sim (noise windows of run 039253 = file 1; seed 202), real rail 16383; PE_rec/PE_true median [16,84]

== sim arm nominal
     d     n |                    raw                   clip                   tail                twoside                   tmpl                tot_cal               tot_fill | winner (min |bias|+half-band)
  1.11   320 |  0.960 [0.949, 0.970]*  0.996 [0.996, 0.997]*  0.999 [0.998, 1.002]*  0.998 [0.997, 1.001]*  1.023 [1.017, 1.026]*  0.998 [0.971, 1.024]*  0.999 [0.999, 1.000]* | tot_fill
  1.43   320 |  0.927 [0.918, 0.939]*  0.966 [0.961, 0.968]*  1.016 [1.006, 1.119]*  1.012 [1.001, 1.074]*  1.055 [1.039, 1.112]*  1.000 [0.964, 1.048]*  0.997 [0.987, 0.999]* | tot_fill
  2.00   320 |  0.825 [0.813, 0.841]*  0.864 [0.854, 0.873]*  1.189 [1.103, 1.457]*  1.128 [1.061, 1.295]*  1.267 [1.174, 1.427]   1.003 [0.999, 1.006]*  0.995 [0.991, 1.000]* | tot_cal
  2.86   320 |  0.696 [0.681, 0.713]   0.734 [0.719, 0.745]   1.361 [1.214, 2.201]   1.244 [1.132, 1.710]   1.497 [1.336, 2.145]   1.002 [0.996, 1.010]*  0.994 [0.986, 1.000]* | tot_cal
  4.00   320 |  0.574 [0.559, 0.589]   0.612 [0.594, 0.624]   1.586 [1.381, 3.599]   1.387 [1.235, 2.427]   1.668 [1.497, 3.499]   1.001 [0.992, 1.014]*  0.992 [0.984, 1.001]* | tot_cal
  5.60   320 |  0.460 [0.445, 0.474]   0.498 [0.481, 0.509]   1.891 [1.626, 5.985]   1.567 [1.380, 3.576]   1.790 [1.633, 5.816]   1.000 [0.988, 1.011]*  0.992 [0.981, 1.000]* | tot_cal
  6.70   320 |  0.405 [0.389, 0.417]   0.441 [0.424, 0.453]   2.112 [1.808, 7.986]   1.639 [1.445, 4.737]   1.851 [1.695, 7.679]   1.001 [0.987, 1.012]*  0.993 [0.981, 1.005]* | tot_cal
 10.00   320 |  0.297 [0.281, 0.308]   0.332 [0.318, 0.345]   2.691 [2.271,15.363]   1.881 [1.616, 7.131]   1.913 [1.820,14.929]   1.002 [0.987, 1.017]*  0.992 [0.980, 1.003]* | tot_cal
 14.00   320 |  0.221 [0.207, 0.230]   0.256 [0.245, 0.267]   3.351 [2.772,26.438]   2.251 [1.727,11.022]   1.974 [1.837,25.390]   1.000 [0.989, 1.011]*  0.990 [0.978, 1.002]* | tot_cal
 20.00   320 |  0.156 [0.146, 0.165]   0.188 [0.176, 0.198]   4.367 [3.475,47.434]   2.695 [2.064,17.091]   2.059 [1.793,45.926]   0.998 [0.984, 1.014]*  0.990 [0.975, 1.004]* | tot_cal
  (* = passes |bias| < 20 % and half-band < 30 %)
  deepest passing row per method: raw 2.0, clip 2.0, tail 2.0, twoside 2.0, tmpl 1.43, tot_cal 20.0, tot_fill 20.0

== sim arm ff+0.08
     d     n |                    raw                   clip                   tail                twoside                   tmpl                tot_cal               tot_fill | winner (min |bias|+half-band)
  1.11   128 |  0.962 [0.952, 0.972]*  0.997 [0.997, 0.998]*  0.998 [0.997, 1.000]*  0.998 [0.997, 0.999]*  1.016 [1.013, 1.018]*  1.052 [1.010, 1.087]*  0.999 [0.998, 0.999]* | tot_fill
  1.43   128 |  0.937 [0.929, 0.947]*  0.974 [0.971, 0.976]*  0.995 [0.988, 1.007]*  0.991 [0.987, 1.001]*  1.036 [1.031, 1.051]*  1.033 [1.006, 1.064]*  0.992 [0.990, 0.993]* | tot_fill
  2.00   128 |  0.846 [0.836, 0.864]*  0.883 [0.873, 0.892]*  1.123 [1.071, 1.281]*  1.081 [1.040, 1.170]*  1.179 [1.128, 1.260]*  1.011 [1.003, 1.022]*  0.981 [0.974, 0.984]* | tot_cal
  2.86   128 |  0.722 [0.707, 0.740]   0.758 [0.745, 0.771]   1.262 [1.136, 1.740]   1.173 [1.073, 1.400]*  1.381 [1.242, 1.696]   0.987 [0.979, 0.991]*  0.966 [0.954, 0.973]* | tot_cal
  4.00   128 |  0.602 [0.585, 0.620]   0.638 [0.622, 0.652]   1.438 [1.264, 2.544]   1.286 [1.150, 1.866]   1.552 [1.388, 2.518]   0.964 [0.954, 0.975]*  0.955 [0.937, 0.965]* | tot_cal
  5.60   128 |  0.485 [0.473, 0.507]   0.525 [0.507, 0.537]   1.669 [1.468, 4.422]   1.425 [1.252, 2.632]   1.673 [1.534, 4.293]   0.952 [0.943, 0.968]*  0.946 [0.926, 0.958]* | tot_cal
  6.70   128 |  0.430 [0.417, 0.450]   0.467 [0.450, 0.481]   1.851 [1.599, 5.631]   1.487 [1.306, 3.225]   1.736 [1.595, 5.456]   0.955 [0.930, 0.966]*  0.944 [0.919, 0.958]* | tot_cal
 10.00   128 |  0.322 [0.306, 0.336]   0.357 [0.340, 0.368]   2.328 [1.982,10.202]   1.674 [1.442, 4.732]   1.806 [1.669, 9.880]   0.946 [0.920, 0.962]*  0.936 [0.910, 0.952]* | tot_cal
 14.00   128 |  0.241 [0.230, 0.256]   0.276 [0.263, 0.286]   2.892 [2.505,18.397]   1.886 [1.511, 6.686]   1.846 [1.764,17.815]   0.945 [0.906, 0.968]*  0.938 [0.902, 0.955]* | tot_cal
 20.00   128 |  0.174 [0.164, 0.189]   0.209 [0.195, 0.218]   3.671 [3.095,31.975]   2.283 [1.795,11.960]   1.907 [1.738,31.082]   0.934 [0.902, 0.956]*  0.923 [0.893, 0.946]* | tot_cal
  (* = passes |bias| < 20 % and half-band < 30 %)
  deepest passing row per method: raw 2.0, clip 2.0, tail 2.0, twoside 2.86, tmpl 2.0, tot_cal 20.0, tot_fill 20.0

== sim arm ff-0.08
     d     n |                    raw                   clip                   tail                twoside                   tmpl                tot_cal               tot_fill | winner (min |bias|+half-band)
  1.11   128 |  0.954 [0.946, 0.968]*  0.995 [0.994, 0.996]*  1.001 [0.998, 1.005]*  0.999 [0.998, 1.004]*  1.029 [1.025, 1.035]*  0.945 [0.917, 0.982]*  1.000 [0.999, 1.001]* | tot_fill
  1.43   128 |  0.910 [0.899, 0.932]*  0.951 [0.945, 0.958]*  1.105 [1.062, 1.176]*  1.074 [1.047, 1.133]*  1.116 [1.095, 1.188]*  0.990 [0.977, 1.008]*  1.006 [1.002, 1.013]* | tot_fill
  2.00   128 |  0.799 [0.787, 0.825]   0.842 [0.827, 0.853]*  1.274 [1.158, 1.653]   1.190 [1.099, 1.397]*  1.381 [1.251, 1.609]   1.012 [1.005, 1.020]*  1.017 [1.009, 1.028]* | tot_cal
  2.86   128 |  0.666 [0.648, 0.689]   0.711 [0.690, 0.722]   1.520 [1.301, 2.579]   1.349 [1.191, 1.954]   1.648 [1.432, 2.498]   1.027 [1.012, 1.042]*  1.026 [1.012, 1.045]* | tot_cal
  4.00   128 |  0.544 [0.523, 0.562]   0.586 [0.568, 0.600]   1.790 [1.525, 4.499]   1.517 [1.334, 2.808]   1.805 [1.616, 4.288]   1.038 [1.020, 1.061]*  1.034 [1.014, 1.052]* | tot_fill
  5.60   128 |  0.431 [0.413, 0.445]   0.470 [0.452, 0.486]   2.147 [1.814, 8.069]   1.724 [1.498, 4.010]   1.918 [1.746, 7.685]   1.042 [1.022, 1.076]*  1.038 [1.017, 1.071]* | tot_fill
  6.70   128 |  0.377 [0.358, 0.389]   0.416 [0.397, 0.430]   2.398 [2.039,11.444]   1.865 [1.585, 5.081]   1.953 [1.808,10.898]   1.049 [1.032, 1.083]*  1.041 [1.024, 1.069]* | tot_fill
 10.00   128 |  0.273 [0.255, 0.284]   0.312 [0.292, 0.323]   3.128 [2.552,22.719]   2.224 [1.762, 8.846]   2.034 [1.924,21.602]   1.051 [1.029, 1.083]*  1.040 [1.025, 1.075]* | tot_fill
 14.00   128 |  0.198 [0.185, 0.209]   0.236 [0.221, 0.246]   3.957 [3.228,40.227]   2.585 [2.153,11.268]   2.149 [1.897,38.467]   1.058 [1.028, 1.095]*  1.044 [1.026, 1.084]* | tot_fill
 20.00   128 |  0.140 [0.130, 0.151]   0.170 [0.155, 0.179]   5.212 [4.071,76.401]   2.941 [2.303,18.556]   2.297 [1.865,72.775]   1.049 [1.030, 1.075]*  1.045 [1.021, 1.077]* | tot_cal
  (* = passes |bias| < 20 % and half-band < 30 %)
  deepest passing row per method: raw 1.43, clip 2.0, tail 1.43, twoside 2.0, tmpl 1.43, tot_cal 20.0, tot_fill 20.0

== sim arm tau_s+20
     d     n |                    raw                   clip                   tail                twoside                   tmpl                tot_cal               tot_fill | winner (min |bias|+half-band)
  1.11   128 |  0.953 [0.944, 0.964]*  0.997 [0.996, 0.997]*  0.998 [0.998, 1.001]*  0.998 [0.997, 1.000]*  1.021 [1.016, 1.024]*  0.992 [0.959, 1.018]*  0.999 [0.999, 0.999]* | tot_fill
  1.43   128 |  0.925 [0.914, 0.937]*  0.969 [0.966, 0.971]*  1.009 [1.000, 1.037]*  1.004 [0.997, 1.027]*  1.048 [1.036, 1.067]*  0.962 [0.926, 0.989]*  0.991 [0.986, 0.995]* | tot_fill
  2.00   128 |  0.829 [0.817, 0.845]*  0.874 [0.867, 0.881]*  1.169 [1.094, 1.355]*  1.115 [1.055, 1.238]*  1.224 [1.161, 1.326]   0.971 [0.961, 0.978]*  0.990 [0.984, 0.995]* | tot_fill
  2.86   128 |  0.706 [0.688, 0.725]   0.750 [0.738, 0.759]   1.386 [1.191, 1.969]   1.265 [1.115, 1.546]   1.498 [1.308, 1.915]   0.977 [0.964, 0.987]*  0.992 [0.981, 1.001]* | tot_fill
  4.00   128 |  0.586 [0.566, 0.604]   0.629 [0.613, 0.640]   1.669 [1.390, 3.398]   1.453 [1.247, 2.281]   1.742 [1.506, 3.345]   0.995 [0.979, 1.016]*  1.004 [0.986, 1.022]* | tot_fill
  5.60   128 |  0.468 [0.453, 0.488]   0.514 [0.498, 0.525]   2.063 [1.698, 6.616]   1.703 [1.445, 3.721]   1.917 [1.694, 6.431]   1.025 [1.006, 1.053]*  1.026 [1.011, 1.055]* | tot_cal
  6.70   128 |  0.412 [0.396, 0.430]   0.458 [0.439, 0.470]   2.376 [1.938, 9.393]   1.823 [1.528, 5.319]   2.004 [1.799, 9.125]   1.051 [1.018, 1.081]*  1.049 [1.021, 1.076]* | tot_fill
 10.00   128 |  0.303 [0.287, 0.315]   0.344 [0.326, 0.355]   3.206 [2.571,21.437]   2.201 [1.809,10.337]   2.128 [1.942,20.401]   1.097 [1.060, 1.143]*  1.088 [1.055, 1.140]* | tot_fill
 14.00   128 |  0.221 [0.208, 0.233]   0.264 [0.249, 0.273]   4.191 [3.437,43.894]   2.752 [2.075,14.961]   2.216 [2.097,42.678]   1.141 [1.106, 1.218]*  1.133 [1.097, 1.203]* | tot_fill
 20.00   128 |  0.156 [0.146, 0.167]   0.189 [0.175, 0.200]   5.711 [4.520,93.868]   3.295 [2.590,33.143]   2.397 [2.093,91.433]   1.169 [1.131, 1.278]*  1.164 [1.121, 1.284]* | tot_cal
  (* = passes |bias| < 20 % and half-band < 30 %)
  deepest passing row per method: raw 2.0, clip 2.0, tail 2.0, twoside 2.0, tmpl 1.43, tot_cal 20.0, tot_fill 20.0

== sim arm tau_s-20
     d     n |                    raw                   clip                   tail                twoside                   tmpl                tot_cal               tot_fill | winner (min |bias|+half-band)
  1.11   128 |  0.965 [0.956, 0.976]*  0.996 [0.996, 0.997]*  0.999 [0.998, 1.004]*  0.998 [0.998, 1.001]*  1.025 [1.019, 1.029]*  1.018 [0.983, 1.046]*  1.000 [0.999, 1.000]* | tot_fill
  1.43   128 |  0.927 [0.917, 0.940]*  0.960 [0.953, 0.965]*  1.071 [1.011, 1.180]*  1.057 [1.007, 1.137]*  1.099 [1.052, 1.152]*  1.052 [1.026, 1.100]*  1.001 [0.998, 1.005]* | tot_fill
  2.00   128 |  0.817 [0.807, 0.833]*  0.849 [0.837, 0.859]*  1.194 [1.121, 1.585]*  1.130 [1.074, 1.377]*  1.296 [1.202, 1.527]   1.045 [1.034, 1.059]*  0.999 [0.994, 1.005]* | tot_fill
  2.86   128 |  0.684 [0.665, 0.698]   0.714 [0.700, 0.729]   1.339 [1.211, 2.262]   1.220 [1.125, 1.749]   1.475 [1.334, 2.200]   1.023 [1.013, 1.041]*  0.986 [0.975, 0.995]* | tot_fill
  4.00   128 |  0.560 [0.540, 0.574]   0.590 [0.575, 0.606]   1.489 [1.342, 3.414]   1.305 [1.203, 2.369]   1.580 [1.459, 3.310]   0.996 [0.973, 1.019]*  0.966 [0.946, 0.977]* | tot_cal
  5.60   128 |  0.448 [0.430, 0.459]   0.479 [0.461, 0.491]   1.690 [1.502, 5.157]   1.415 [1.284, 3.126]   1.651 [1.532, 5.012]   0.959 [0.937, 0.975]*  0.939 [0.917, 0.952]* | tot_cal
  6.70   128 |  0.394 [0.375, 0.406]   0.425 [0.407, 0.438]   1.824 [1.638, 6.264]   1.437 [1.314, 3.829]   1.680 [1.574, 6.087]   0.939 [0.916, 0.960]*  0.925 [0.892, 0.942]* | tot_cal
 10.00   128 |  0.290 [0.274, 0.300]   0.318 [0.304, 0.333]   2.222 [1.914,10.073]   1.567 [1.389, 5.265]   1.705 [1.634, 9.755]   0.897 [0.857, 0.921]*  0.883 [0.839, 0.908]* | tot_cal
 14.00   128 |  0.218 [0.206, 0.224]   0.245 [0.233, 0.258]   2.638 [2.295,14.543]   1.824 [1.510, 5.671]   1.742 [1.600,14.102]   0.873 [0.803, 0.895]*  0.862 [0.791, 0.883]* | tot_cal
 20.00   128 |  0.156 [0.147, 0.165]   0.187 [0.174, 0.197]   3.300 [2.766,22.314]   2.016 [1.617, 8.836]   1.794 [1.550,21.639]   0.840 [0.759, 0.875]*  0.841 [0.748, 0.862]* | tot_fill
  (* = passes |bias| < 20 % and half-band < 30 %)
  deepest passing row per method: raw 2.0, clip 2.0, tail 2.0, twoside 2.0, tmpl 1.43, tot_cal 20.0, tot_fill 20.0

== sim arm spread5
     d     n |                    raw                   clip                   tail                twoside                   tmpl                tot_cal               tot_fill | winner (min |bias|+half-band)
  1.11   128 |  0.957 [0.949, 0.968]*  0.993 [0.992, 0.993]*  1.008 [1.004, 1.018]*  1.007 [1.004, 1.017]*  1.047 [1.045, 1.053]*  0.974 [0.955, 0.994]*  1.005 [1.003, 1.006]* | tot_fill
  1.43   128 |  0.898 [0.889, 0.912]*  0.935 [0.932, 0.939]*  1.122 [1.078, 1.244]*  1.101 [1.065, 1.200]*  1.164 [1.119, 1.210]*  0.998 [0.990, 1.005]*  1.006 [1.003, 1.009]* | tot_fill
  2.00   128 |  0.782 [0.775, 0.799]   0.821 [0.814, 0.828]*  1.270 [1.169, 1.711]   1.200 [1.120, 1.508]*  1.388 [1.271, 1.670]   1.011 [1.006, 1.016]*  1.010 [1.005, 1.015]* | tot_fill
  2.86   128 |  0.650 [0.638, 0.666]   0.688 [0.675, 0.697]   1.505 [1.313, 2.727]   1.353 [1.212, 2.042]   1.630 [1.443, 2.639]   1.013 [1.004, 1.024]*  1.014 [1.004, 1.022]* | tot_fill
  4.00   128 |  0.531 [0.516, 0.544]   0.567 [0.554, 0.577]   1.754 [1.541, 4.511]   1.522 [1.355, 3.103]   1.770 [1.618, 4.375]   1.019 [1.008, 1.029]*  1.014 [1.005, 1.026]* | tot_fill
  5.60   128 |  0.422 [0.407, 0.430]   0.457 [0.444, 0.467]   2.138 [1.831, 7.853]   1.738 [1.521, 4.793]   1.893 [1.735, 7.631]   1.022 [1.012, 1.034]*  1.019 [1.009, 1.029]* | tot_fill
  6.70   128 |  0.369 [0.355, 0.378]   0.406 [0.391, 0.414]   2.346 [2.041,10.656]   1.890 [1.664, 6.472]   1.916 [1.781,10.351]   1.028 [1.014, 1.042]*  1.019 [1.008, 1.031]* | tot_fill
 10.00   128 |  0.268 [0.257, 0.275]   0.300 [0.290, 0.311]   3.087 [2.573,20.736]   2.291 [1.950,10.899]   2.009 [1.898,19.995]   1.030 [1.011, 1.042]*  1.023 [1.007, 1.035]* | tot_fill
 14.00   128 |  0.196 [0.187, 0.204]   0.229 [0.221, 0.239]   3.954 [3.296,36.007]   2.776 [2.353,16.371]   2.141 [1.885,34.972]   1.033 [1.021, 1.053]*  1.028 [1.017, 1.042]* | tot_fill
 20.00   128 |  0.139 [0.132, 0.145]   0.165 [0.157, 0.175]   5.204 [4.161,65.655]   3.456 [2.817,26.589]   2.295 [1.853,63.474]   1.028 [1.014, 1.039]*  1.030 [1.014, 1.042]* | tot_cal
  (* = passes |bias| < 20 % and half-band < 30 %)
  deepest passing row per method: raw 1.43, clip 2.0, tail 1.43, twoside 2.0, tmpl 1.43, tot_cal 20.0, tot_fill 20.0

== sim arm pileup
     d     n |                    raw                   clip                   tail                twoside                   tmpl                tot_cal               tot_fill | winner (min |bias|+half-band)
  1.11   128 |  0.943 [0.920, 0.959]*  0.997 [0.997, 0.998]*  0.999 [0.998, 1.001]*  0.999 [0.998, 1.001]*  1.018 [1.013, 1.020]*  0.778 [0.754, 0.799]   0.999 [0.999, 1.000]* | tot_fill
  1.43   128 |  0.914 [0.895, 0.935]*  0.973 [0.967, 0.976]*  1.012 [1.003, 1.078]*  1.009 [0.999, 1.059]*  1.044 [1.033, 1.088]*  0.776 [0.743, 0.819]   0.994 [0.988, 0.999]* | tot_fill
  2.00   128 |  0.822 [0.791, 0.845]*  0.881 [0.837, 0.895]*  1.236 [1.085, 1.628]   1.166 [1.053, 1.479]*  1.255 [1.154, 1.767]   0.784 [0.777, 1.173]   0.994 [0.981, 1.155]* | tot_fill
  2.86   128 |  0.682 [0.638, 0.716]   0.744 [0.684, 0.782]   1.809 [1.203, 3.514]   1.539 [1.135, 2.458]   1.874 [1.321, 3.391]   0.806 [0.779, 1.293]*  0.988 [0.966, 1.275]* | tot_fill
  4.00   128 |  0.547 [0.508, 0.575]   0.603 [0.551, 0.647]   2.694 [1.455, 8.237]   2.111 [1.309, 4.606]   2.465 [1.578, 8.049]   1.201 [0.788, 1.532]   1.191 [0.938, 1.519]* | clip
  5.60   128 |  0.410 [0.390, 0.440]   0.465 [0.434, 0.502]   4.657 [2.531,22.147]   3.429 [2.012, 9.686]   3.185 [2.162,20.094]   1.342 [1.110, 1.713]   1.325 [1.097, 1.691]  | clip
  6.70   128 |  0.353 [0.334, 0.372]   0.407 [0.384, 0.436]   6.818 [3.233,38.948]   4.439 [2.421,15.673]   3.604 [2.373,36.314]   1.460 [1.219, 1.913]   1.445 [1.217, 1.893]  | clip
 10.00   128 |  0.243 [0.227, 0.256]   0.287 [0.271, 0.306]   8.080 [4.050,87.785]   4.922 [2.726,23.996]   3.632 [2.359,86.342]   1.461 [1.185, 1.860]   1.444 [1.177, 1.844]  | clip
 14.00   128 |  0.173 [0.162, 0.182]   0.208 [0.195, 0.221]  11.282 [5.364,114.029]   6.682 [3.308,26.591]   3.840 [2.488,109.630]   1.451 [1.177, 1.781]   1.455 [1.167, 1.853]  | tot_cal
 20.00   128 |  0.121 [0.114, 0.128]   0.146 [0.137, 0.154]  13.235 [6.382,260.551]   6.569 [3.631,57.983]   4.520 [2.296,258.568]   1.387 [1.177, 1.695]   1.459 [1.210, 1.941]  | tot_cal
  (* = passes |bias| < 20 % and half-band < 30 %)
  deepest passing row per method: raw 2.0, clip 2.0, tail 1.43, twoside 2.0, tmpl 1.43, tot_cal 2.86, tot_fill 4.0
