# ToT calibration from the sim TRAINING set (noise windows of run 039252 = file 0; seed 101); d log-uniform in [1.05, 25]
  chan    n                        ToT nodes (ticks)  ->  PE/R nodes
  1010  300 8 13 21 31 48 66 81 100 112 121 133 146 160 172 179 196 214 229 246 258 268 283 294 310  ->  0.108 0.115 0.126 0.140 0.165 0.197 0.226 0.272 0.301 0.327 0.376 0.423 0.483 0.539 0.581 0.685 0.824 0.949 1.104 1.269 1.404 1.649 1.813 2.123
  1011  300 9 17 45 60 71 84 107 116 126 134 148 162 175 195 210 229 243 259 279 292 298 319 336 355  ->  0.160 0.181 0.204 0.234 0.265 0.297 0.371 0.406 0.442 0.471 0.550 0.608 0.677 0.816 0.921 1.088 1.272 1.453 1.686 1.872 1.974 2.363 2.753 3.209
  1020  300 9 12 39 52 66 77 94 107 117 133 140 155 170 182 197 216 232 253 270 283 293 314 325 338  ->  0.207 0.226 0.259 0.304 0.354 0.392 0.467 0.530 0.579 0.674 0.737 0.838 0.947 1.057 1.196 1.443 1.629 1.927 2.266 2.568 2.769 3.311 3.606 4.083
  1021  300 9 15 44 64 78 93 110 124 133 150 166 178 192 206 224 239 255 267 288 308 320 334 342 357  ->  0.126 0.146 0.173 0.209 0.245 0.281 0.329 0.375 0.408 0.473 0.537 0.602 0.678 0.772 0.893 1.015 1.148 1.285 1.515 1.807 1.978 2.206 2.373 2.648
  1030  300 8 12 37 48 56 69 80 92 103 114 134 143 165 175 190 202 220 251 268 285 298 312 324 331  ->  0.121 0.131 0.155 0.173 0.189 0.216 0.244 0.279 0.312 0.343 0.423 0.460 0.566 0.622 0.712 0.792 0.935 1.235 1.426 1.635 1.857 2.086 2.288 2.474
  1031  300 7 14 18 52 70 86 104 120 140 152 172 176 192 209 223 238 251 259 270 280 296 317 333 356  ->  0.128 0.147 0.162 0.188 0.220 0.255 0.304 0.350 0.418 0.467 0.553 0.582 0.664 0.763 0.890 1.004 1.115 1.198 1.320 1.458 1.638 1.952 2.246 2.760
  1040  300 7 12 37 51 70 81 97 118 133 146 159 174 187 201 214 224 236 246 257 272 286 300 318 329  ->  0.121 0.134 0.157 0.181 0.220 0.245 0.286 0.350 0.405 0.463 0.525 0.599 0.674 0.773 0.872 0.965 1.063 1.150 1.280 1.472 1.670 1.875 2.167 2.383
  1041  300 8 14 18 38 50 60 77 87 99 115 128 142 152 167 186 198 226 234 247 258 276 292 306 330  ->  0.143 0.159 0.180 0.197 0.221 0.249 0.296 0.326 0.368 0.433 0.497 0.554 0.613 0.720 0.839 0.964 1.193 1.304 1.445 1.676 1.877 2.227 2.521 2.970
  1050  300 5 17 19 50 59 67 80 100 120 133 153 165 182 199 216 229 246 264 280 300 310 324 336 352  ->  0.086 0.107 0.113 0.131 0.144 0.157 0.178 0.218 0.262 0.300 0.356 0.392 0.454 0.519 0.608 0.674 0.771 0.900 1.017 1.184 1.293 1.455 1.585 1.799
  1051  300 6 9 33 50 62 73 85 105 120 137 152 166 182 202 214 226 239 251 262 284 302 319 332 351  ->  0.105 0.113 0.135 0.160 0.180 0.203 0.228 0.275 0.315 0.367 0.424 0.465 0.547 0.663 0.708 0.794 0.872 0.952 1.044 1.255 1.443 1.662 1.848 2.140
  1060  300 8 10 24 48 71 79 91 110 124 136 150 166 184 198 210 219 238 258 266 277 288 303 325 340  ->  0.187 0.198 0.237 0.276 0.346 0.373 0.420 0.503 0.567 0.631 0.719 0.839 1.000 1.104 1.220 1.324 1.553 1.882 2.009 2.214 2.440 2.803 3.412 3.916
  1061  300 9 12 39 55 67 80 93 102 118 133 149 162 172 186 203 217 237 251 266 280 293 308 325 344  ->  0.126 0.135 0.161 0.192 0.216 0.248 0.281 0.309 0.356 0.413 0.477 0.531 0.591 0.661 0.763 0.866 1.007 1.163 1.303 1.469 1.615 1.854 2.127 2.450
  1070  300 11 16 46 60 78 86 98 115 126 142 153 169 184 196 216 240 256 271 280 291 312 328 342 354  ->  0.103 0.112 0.126 0.142 0.168 0.180 0.201 0.238 0.262 0.302 0.333 0.385 0.439 0.493 0.588 0.723 0.843 0.962 1.043 1.132 1.362 1.556 1.758 1.945
  1071  300 10 17 56 69 82 95 117 133 141 156 169 187 200 208 234 247 262 270 278 295 310 321 339 353  ->  0.113 0.133 0.160 0.181 0.202 0.228 0.280 0.322 0.348 0.400 0.454 0.536 0.604 0.648 0.821 0.930 1.048 1.156 1.226 1.412 1.618 1.769 2.105 2.337
  1080  300 10 13 30 40 61 75 93 112 124 133 153 168 179 199 213 224 240 250 265 282 297 310 326 343  ->  0.168 0.180 0.199 0.215 0.258 0.291 0.341 0.404 0.448 0.486 0.579 0.673 0.732 0.875 1.000 1.095 1.271 1.423 1.602 1.835 2.120 2.391 2.768 3.214
  1081  300 8 14 27 48 63 78 96 106 121 140 150 164 180 194 214 229 246 265 279 294 305 322 334 346  ->  0.187 0.213 0.237 0.271 0.316 0.358 0.426 0.467 0.536 0.631 0.693 0.798 0.909 1.022 1.239 1.404 1.666 1.930 2.207 2.509 2.770 3.205 3.573 3.976
tot_fill self-check: |integer width at the solved level - ToT| max 1 tick(s) (fractional crossings make the continuous width exact)
