1051 start [0.3, 0.3, 8, 80, 1.0] -> [ 0.301  0.299  8.    80.007  0.995] rms 0.0189 cost 0.48570 nfev 33 status 3
1051 start [0.2, 0.4, 5, 100, 0.8] -> [ 0.208  0.345  5.737 99.944  0.516] rms 0.0151 cost 0.63583 nfev 25 status 3
1051 start [0.35, 0.5, 6, 70, 0.7] -> [2.39000e-01 3.15000e-01 7.93000e+00 1.08446e+02 1.60000e-02] rms 0.0241 cost 1.86929 nfev 23 status 2
1051 start [0.25, 0.2, 10, 120, 1.2] -> [  0.287   0.272   9.664 121.441   1.012] rms 0.0138 cost 0.41540 nfev 29 status 3
1051 start [0.3, 0.45, 7, 90, 0.75] -> [  0.264   0.316   9.081 103.848   0.345] rms 0.0164 cost 0.79038 nfev 26 status 3
1051 start [0.15, 0.3, 4, 110, 0.9] -> [  0.175   0.336   4.438 101.546   0.695] rms 0.0136 cost 0.47176 nfev 27 status 3
1071 start [0.3, 0.3, 8, 80, 1.0] -> [ 0.301  0.347  7.996 79.988  0.981] rms 0.0148 cost 0.32004 nfev 35 status 3
1071 start [0.2, 0.4, 5, 100, 0.8] -> [ 0.217  0.404  6.138 90.059  0.502] rms 0.0160 cost 0.41388 nfev 29 status 3
1071 start [0.35, 0.5, 6, 70, 0.7] -> [ 0.307  0.383  9.3   68.783  0.552] rms 0.0158 cost 0.51625 nfev 32 status 3
1071 start [0.25, 0.2, 10, 120, 1.2] -> [ 0.298  0.371  8.898 90.146  0.981] rms 0.0157 cost 0.33011 nfev 33 status 3
1071 start [0.3, 0.45, 7, 90, 0.75] -> [ 0.273  0.39   8.202 85.92   0.54 ] rms 0.0148 cost 0.42435 nfev 33 status 3
1071 start [0.15, 0.3, 4, 110, 0.9] -> [ 0.201  0.403  4.88  69.312  0.679] rms 0.0139 cost 0.32095 nfev 32 status 3
1011 start [0.3, 0.3, 8, 80, 1.0] -> [ 0.278  0.308  8.012 80.03   0.982] rms 0.0210 cost 0.59084 nfev 21 status 3
1011 start [0.2, 0.4, 5, 100, 0.8] -> [  0.197   0.374   6.755 101.575   0.504] rms 0.0152 cost 0.50903 nfev 25 status 3
1011 start [0.35, 0.5, 6, 70, 0.7] -> [  0.238   0.371   9.27  111.655   0.339] rms 0.0160 cost 0.61672 nfev 27 status 3
1011 start [0.25, 0.2, 10, 120, 1.2] -> [  0.218   0.356   7.712 119.816   0.933] rms 0.0155 cost 0.35732 nfev 30 status 3
1011 start [0.3, 0.45, 7, 90, 0.75] -> [ 0.264  0.358  9.557 89.937  0.55 ] rms 0.0195 cost 0.69305 nfev 31 status 3
1011 start [0.15, 0.3, 4, 110, 0.9] -> [  0.194   0.372   6.974 114.835   0.697] rms 0.0146 cost 0.38580 nfev 32 status 3
