388972
389302
389544
389588
389874
389962
390006
390028
390182
390842
390864
390996
391172
391238
391260
391722
391766
392112
392184
392200
392316
392338
392354
392552
392558
393042
393212
393542
393608
394488
394532
394642
394796
394906
395060
395390
395610
395654
395962
397194
397238
397392
397480
397568
397722
397920
398084
398238
398260
398414
398436
398514
398722
398810
399042
399052
399118
399284
399328
399426
399702
399856
399998
400054
400174
400262
400460
400504
400592
400636
400856
401054
401450
401516
401626
401780
401824
401912
401934
402330
402506
402528
402880
402968
403958
404244
404684
404816
405190
405234
405432
405454
405674
405740
406444
406642
406752
406796
407148
407280
