172942
173058
173146
173234
173256
173498
173586
173718
173888
174114
174224
174422
174488
174576
174642
174752
175016
175104
175428
175808
175896
176022
176160
276836
277276
277298
277958
278046
278266
278420
278640
278662
278684
278785
279080
279190
279256
279445
279643
279951
280017
280092
280598
280752
280774
280853
280972
280994
281095
281148
281214
281241
281337
281485
281505
281507
281527
281551
281557
281595
281632
281639
281727
281808
281837
281857
281918
281925
281953
282033
282057
282072
282160
282204
282217
282231
282385
282459
282666
282715
282737
282871
282899
282979
283009
283040
283091
283229
283463
283485
283529
283581
283595
283691
283713
283771
283793
283817
283839
283905
