48301
48367
48895
49951
50303
50743
50765
50787
50831
50919
51051
51513
51865
52085
52613
52657
52723
53361
53427
53713
54175
54341
54351
55539
55583
55595
55627
55715
55925
55957
56211
56243
56387
56463
57245
57441
57485
57487
57575
57661
57883
57903
58169
58211
58321
58343
58345
58433
58607
58653
58667
58711
58717
58755
59003
59025
59063
59085
59093
59179
59247
59261
59335
59371
59377
59459
59553
59663
59685
59723
59753
59863
59899
59929
60017
60669
60933
61071
61093
61313
61351
61417
61461
61579
61711
61843
61997
62019
62149
62281
62303
62459
62473
62495
62561
62613
62721
62943
62979
63097
