63163
63273
63359
63427
63493
63515
63537
63551
63559
63603
63669
63947
64107
64409
64475
64503
64591
64613
64717
64921
64959
65018
65025
65053
65267
65289
65295
65355
65647
66118
66272
66329
66624
66646
66712
66822
67152
67394
67746
68054
68648
68714
68956
68978
69066
69308
71046
71178
71222
71266
71486
71530
71640
72256
72586
72828
73004
73070
166738
166804
166870
167112
167200
167398
167684
168388
168432
168526
168614
168658
169356
169488
169620
169626
169736
169758
169774
169824
169846
169890
170792
170808
170814
170880
170924
170984
171050
171116
171358
171600
171892
172090
172200
172266
172552
172596
172656
172788
172794
172832
