46363
47278
48367
48488
49742
49951
50831
51051
51546
51964
52657
52759
53658
53793
53881
54175
55322
55627
55740
56939
57575
57903
58072
59003
59093
59179
61579
61843
63603
64591
64921
65053
66900
67746
67868
68714
68978
70178
70612
70692
71178
71222
71872
72256
72586
72742
74270
74544
75135
75316
75377
76866
76888
76998
77702
77846
78242
81597
84229
90135
92904
93696
94224
94546
95170
96306
98294
99232
100222
102841
103952
105140
105426
122660
157281
166804
166870
169152
169356
169488
169724
169774
169824
170098
170274
170814
171866
172617
173058
174576
174771
175094
175814
176150
177149
178535
178570
179054
179246
240636
242726
256587
278046
278509
279190
279643
280017
280774
281505
281507
281527
281727
282204
282217
282385
282459
282666
282899
283040
283091
283463
283568
283849
284145
284200
284769
284794
284866
285366
285665
286180
286241
286296
286400
286489
286527
286655
287249
287374
287638
287770
288358
288639
289246
289464
289559
289862
290729
292406
292643
293149
314507
316025
316311
319871
320485
321235
321741
321789
321937
323171
346623
347824
347890
348682
348713
348845
349087
350186
350935
352796
389379
389538
390634
390864
391899
392327
392552
393935
394796
395443
395654
395837
395870
396037
396091
396420
396805
396829
397487
397542
399118
399998
400636
401516
401626
405432
405740
406125
406631
408534
409514
409624
410698
414240
444187
473952
474612
477142
478088
478220
479650
480728
489330
490977
491483
492649
497311
498851
