# q31ctl -> q32ti: clusters losing an auto flash 89, gaining one 81; tracing 4 of each (seed 33)

## LOST in q32ti: evt 298637 uid 4000113
 flash(ctl t)     arm auto strength     ks     c2n pred/meas w_base railed railPEshare
      3108.26  q31ctl    Y    0.567  0.177     8.7      0.51   0.49      4        0.82
      3108.26   q32ti    .    0.000  0.419     8.8      0.25   0.75      4        0.91
      3108.26   q33cs    Y    0.565  0.177     8.7      0.51   0.49      4        0.82
      3108.26   q33ts    .    0.000  0.419     8.8      0.25   0.75      4        0.91
      3108.26   q33cm    Y    0.968  0.265    10.6      0.27   0.73      4        0.82
      3108.26   q33tm    Y    0.966  0.265    10.6      0.13   0.87      4        0.91
      3108.26   q33cu    Y    0.975  0.177     8.7      0.51   0.49      4        0.82
      3108.26   q33tu    .    0.000  0.419     8.8      0.25   0.75      4        0.91
      3195.44  q31ctl    Y    0.419  0.067     7.3      0.59   0.41      4        0.70
      3195.44   q32ti    Y    0.977  0.263     7.8      0.15   0.85      4        0.92
      3195.44   q33cs    Y    0.421  0.067     7.3      0.59   0.41      4        0.70
      3195.44   q33ts    Y    0.977  0.263     7.8      0.15   0.85      4        0.92
      3195.44   q33cm    .    0.000  0.211    12.7      0.12   0.88      4        0.70
      3195.44   q33tm    .    0.000  0.211    12.7      0.03   0.97      4        0.92
      3195.44   q33cu    .    0.000  0.067     7.3      0.59   0.41      4        0.70
      3195.44   q33tu    Y    0.982  0.263     7.8      0.15   0.85      4        0.92
      3196.99  q31ctl    .    0.000  0.354     1.8      0.93   0.30      2        1.00
      3196.99   q32ti    Y    0.977  0.263     7.8      0.15   0.85      4        0.92
      3196.99   q33cs    .    0.000  0.354     1.8      0.93   0.30      2        1.00
      3196.99   q33ts    Y    0.977  0.263     7.8      0.15   0.85      4        0.92
      3196.99   q33cm    .    0.000  0.534     1.9      0.48   0.52      2        1.00
      3196.99   q33tm    .    0.000  0.211    12.7      0.03   0.97      4        0.92
      3196.99   q33cu    .    0.000  0.354     1.8      0.93   0.30      2        1.00
      3196.99   q33tu    Y    0.982  0.263     7.8      0.15   0.85      4        0.92

## LOST in q32ti: evt 298651 uid 4000001
 flash(ctl t)     arm auto strength     ks     c2n pred/meas w_base railed railPEshare
      1735.68  q31ctl    Y    0.991  0.154     5.9      0.89   0.30      4        0.82
      1735.68   q32ti    .    0.985  0.300     5.7      0.59   0.41      4        0.88
      1735.68   q33cs    Y    0.991  0.154     5.9      0.89   0.30      4        0.82
      1735.68   q33ts    .    0.985  0.300     5.7      0.59   0.41      4        0.88
      1735.68   q33cm    Y    0.981  0.055     7.7      0.10   0.90      4        0.82
      1735.68   q33tm    Y    0.980  0.055     7.1      0.07   0.93      4        0.88
      1735.68   q33cu    Y    0.988  0.154     5.9      0.89   0.30      4        0.82
      1735.68   q33tu    .    0.985  0.300     5.7      0.59   0.41      4        0.88
      2458.39  q31ctl    .    0.000  0.105     0.6      1.49   0.49      0        0.00
      2458.39   q32ti    Y    0.000  0.105     0.6      1.49   0.49      0        0.00
      2458.39   q33cs    .    0.000  0.105     0.6      1.49   0.49      0        0.00
      2458.39   q33ts    Y    0.000  0.105     0.6      1.49   0.49      0        0.00
      2458.39   q33cm    .    0.000  0.105     0.6      1.49   0.49      0        0.00
      2458.39   q33tm    .    0.000  0.105     0.6      1.49   0.49      0        0.00
      2458.39   q33cu    .    0.000  0.105     0.6      1.49   0.49      0        0.00
      2458.39   q33tu    Y    0.000  0.105     0.6      1.49   0.49      0        0.00

## LOST in q32ti: evt 298777 uid 4000161
 flash(ctl t)     arm auto strength     ks     c2n pred/meas w_base railed railPEshare
     -2133.23  q31ctl    .    0.000  0.338    15.1      0.70   0.30      4        0.92
     -2133.23   q32ti    Y    0.965  0.782    15.2      0.10   0.90      4        0.99
     -2133.23   q33cs    .    0.000  0.338    15.1      0.70   0.30      4        0.92
     -2133.23   q33ts    Y    0.965  0.782    15.2      0.10   0.90      4        0.99
     -2133.23   q33cm    Y    0.978  0.092    28.3      0.01   0.99      4        0.92
     -2133.23   q33tm    Y    0.978  0.092    28.4      0.00   1.00      4        0.99
     -2133.23   q33cu    .    0.000  0.338    15.1      0.70   0.30      4        0.92
     -2133.23   q33tu    Y    0.967  0.782    15.2      0.10   0.90      4        0.99
     -2131.62  q31ctl    .    0.000  0.951     1.7      2.21   1.21      1        1.00
     -2131.62   q32ti    Y    0.965  0.782    15.2      0.10   0.90      4        0.99
     -2131.62   q33cs    .    0.000  0.951     1.7      2.21   1.21      1        1.00
     -2131.62   q33ts    Y    0.965  0.782    15.2      0.10   0.90      4        0.99
     -2131.62   q33cm    .    0.000  0.734     1.6      2.12   1.12      1        1.00
     -2131.62   q33tm    Y    0.978  0.092    28.4      0.00   1.00      4        0.99
     -2131.62   q33cu    .    0.000  0.951     1.7      2.21   1.21      1        1.00
     -2131.62   q33tu    Y    0.967  0.782    15.2      0.10   0.90      4        0.99
      -366.41  q31ctl    Y    0.000  0.127     0.6      1.60   0.60      0        0.00
      -366.41   q32ti    .    0.000  0.127     0.6      1.60   0.60      0        0.00
      -366.41   q33cs    Y    0.000  0.127     0.6      1.60   0.60      0        0.00
      -366.41   q33ts    .    0.000  0.127     0.6      1.60   0.60      0        0.00
      -366.41   q33cm    .    0.000  0.127     0.6      1.60   0.60      0        0.00
      -366.41   q33tm    .    0.000  0.127     0.6      1.60   0.60      0        0.00
      -366.41   q33cu    Y    0.000  0.127     0.6      1.60   0.60      0        0.00
      -366.41   q33tu    .    0.000  0.127     0.6      1.60   0.60      0        0.00

## LOST in q32ti: evt 298791 uid 276
 flash(ctl t)     arm auto strength     ks     c2n pred/meas w_base railed railPEshare
      2005.75  q31ctl    Y    0.457  0.269     1.2      3.12   2.12      1        0.43
      2005.75   q32ti    .    0.000  0.269     1.2      3.12   2.12      1        0.43
      2005.75   q33cs    Y    0.457  0.269     1.2      3.12   2.12      1        0.43
      2005.75   q33ts    .    0.000  0.269     1.2      3.12   2.12      1        0.43
      2005.75   q33cm    .    0.404  0.367     1.2      2.92   1.92      1        0.43
      2005.75   q33tm    .    0.000  0.367     1.2      2.92   1.92      1        0.43
      2005.75   q33cu    Y    0.417  0.269     1.2      3.12   2.12      1        0.43
      2005.75   q33tu    .    0.000  0.269     1.2      3.12   2.12      1        0.43
      2086.42  q31ctl    .    0.000  0.509     1.4      2.86   1.86      1        0.56
      2086.42   q32ti    Y    0.564  0.651     1.2      0.42   0.58      3        0.88
      2086.42   q33cs    .    0.000  0.509     1.4      2.86   1.86      1        0.56
      2086.42   q33ts    Y    0.564  0.651     1.2      0.42   0.58      3        0.88
      2086.42   q33cm    .    0.000  0.641     1.4      2.75   1.75      1        0.56
      2086.42   q33tm    Y    0.610  0.320     1.0      0.27   0.73      3        0.88
      2086.42   q33cu    .    0.000  0.509     1.4      2.86   1.86      1        0.56
      2086.42   q33tu    Y    0.441  0.651     1.2      0.42   0.58      3        0.88
      2245.27  q31ctl    .    0.000  0.305     0.9      1.59   0.59      2        0.66
      2245.27   q32ti    .    0.000  0.312     0.9      1.54   0.54      2        0.67
      2245.27   q33cs    .    0.000  0.305     0.9      1.59   0.59      2        0.66
      2245.27   q33ts    .    0.000  0.312     0.9      1.54   0.54      2        0.67
      2245.27   q33cm    Y    0.280  0.216     0.9      1.21   0.30      2        0.66
      2245.27   q33tm    .    0.000  0.216     0.9      1.18   0.30      2        0.67
      2245.27   q33cu    .    0.000  0.305     0.9      1.59   0.59      2        0.66
      2245.27   q33tu    .    0.000  0.312     0.9      1.54   0.54      2        0.67

## GAINED in q32ti: evt 298693 uid 3
 flash(ctl t)     arm auto strength     ks     c2n pred/meas w_base railed railPEshare
      -367.91  q31ctl    Y    0.610  0.280     5.5      7.02   6.02      5        0.92
      -367.91   q32ti    .    0.000  0.278     5.5      6.98   5.98      5        0.92
      -367.91   q33cs    Y    0.832  0.280     5.5      7.02   6.02      5        0.92
      -367.91   q33ts    .    0.000  0.278     5.5      6.98   5.98      5        0.92
      -367.91   q33cm    Y    0.946  0.162     6.6      0.16   0.84      5        0.92
      -367.91   q33tm    Y    0.946  0.162     6.6      0.15   0.85      5        0.92
      -367.91   q33cu    Y    0.731  0.280     5.5      7.02   6.02      5        0.92
      -367.91   q33tu    .    0.000  0.278     5.5      6.98   5.98      5        0.92
      -367.91  q31ctl    Y    0.610  0.280     5.5      7.02   6.02      5        0.92
      -367.91   q32ti    .    0.000  0.278     5.5      6.98   5.98      5        0.92
      -367.91   q33cs    Y    0.832  0.280     5.5      7.02   6.02      5        0.92
      -367.91   q33ts    .    0.000  0.278     5.5      6.98   5.98      5        0.92
      -367.91   q33cm    Y    0.946  0.162     6.6      0.16   0.84      5        0.92
      -367.91   q33tm    Y    0.946  0.162     6.6      0.15   0.85      5        0.92
      -367.91   q33cu    Y    0.731  0.280     5.5      7.02   6.02      5        0.92
      -367.91   q33tu    .    0.000  0.278     5.5      6.98   5.98      5        0.92
      -349.47  q31ctl    .    0.000  0.215     1.3      1.74   0.74      5        0.94
      -349.47   q32ti    Y    0.983  0.184     1.3      0.73   0.30      5        0.98
      -349.47   q33cs    .    0.000  0.215     1.3      1.74   0.74      5        0.94
      -349.47   q33ts    Y    0.984  0.184     1.3      0.73   0.30      5        0.98
      -349.47   q33cm    .    0.000  0.235     1.5      0.04   0.96      5        0.94
      -349.47   q33tm    .    0.000  0.235     1.5      0.02   0.98      5        0.98
      -349.47   q33cu    .    0.000  0.215     1.3      1.74   0.74      5        0.94
      -349.47   q33tu    Y    0.983  0.184     1.3      0.73   0.30      5        0.98

## GAINED in q32ti: evt 298763 uid 18
 flash(ctl t)     arm auto strength     ks     c2n pred/meas w_base railed railPEshare
     -1905.83  q31ctl    .    0.000  0.489    23.4      0.11   0.89      4        0.88
     -1905.83   q32ti    .    0.000  0.659    23.4      0.05   0.95      4        0.95
     -1905.83   q33cs    .    0.000  0.489    23.4      0.11   0.89      4        0.88
     -1905.83   q33ts    .    0.000  0.659    23.4      0.05   0.95      4        0.95
     -1905.83   q33cm    .    0.000  0.290    30.8      0.03   0.97      4        0.88
     -1905.83   q33tm    Y    0.974  0.290    30.8      0.01   0.99      4        0.95
     -1905.83   q33cu    .    0.000  0.489    23.4      0.11   0.89      4        0.88
     -1905.83   q33tu    .    0.000  0.659    23.4      0.05   0.95      4        0.95
     -1904.46  q31ctl    Y    0.982  0.096     2.5      0.17   0.83      4        0.87
     -1904.46   q32ti    .    0.000  0.659    23.4      0.05   0.95      4        0.95
     -1904.46   q33cs    Y    0.982  0.096     2.5      0.17   0.83      4        0.87
     -1904.46   q33ts    .    0.000  0.659    23.4      0.05   0.95      4        0.95
     -1904.46   q33cm    Y    0.980  0.029     2.5      0.04   0.96      4        0.87
     -1904.46   q33tm    Y    0.974  0.290    30.8      0.01   0.99      4        0.95
     -1904.46   q33cu    Y    0.985  0.096     2.5      0.17   0.83      4        0.87
     -1904.46   q33tu    .    0.000  0.659    23.4      0.05   0.95      4        0.95
     -1888.47  q31ctl    .    0.000  0.292    18.7      1.84   0.84      2        0.06
     -1888.47   q32ti    Y    0.717  0.292    18.7      1.84   0.84      2        0.06
     -1888.47   q33cs    .    0.000  0.292    18.7      1.84   0.84      2        0.06
     -1888.47   q33ts    Y    0.952  0.292    18.7      1.84   0.84      2        0.06
     -1888.47   q33cm    .    0.000  0.589    21.7      0.57   0.43      2        0.06
     -1888.47   q33tm    .    0.000  0.589    21.7      0.57   0.43      2        0.06
     -1888.47   q33cu    .    0.000  0.292    18.7      1.84   0.84      2        0.06
     -1888.47   q33tu    Y    0.732  0.292    18.7      1.84   0.84      2        0.06

## GAINED in q32ti: evt 298777 uid 4000042
 flash(ctl t)     arm auto strength     ks     c2n pred/meas w_base railed railPEshare
      2781.63  q31ctl    .    0.000  0.112     0.8      1.14   0.30      0        0.00
      2781.63   q32ti    Y    0.000  0.112     0.8      1.14   0.30      0        0.00
      2781.63   q33cs    .    0.000  0.112     0.8      1.14   0.30      0        0.00
      2781.63   q33ts    Y    0.000  0.112     0.8      1.14   0.30      0        0.00
      2781.63   q33cm    Y    0.000  0.112     0.8      1.14   0.30      0        0.00
      2781.63   q33tm    Y    0.000  0.112     0.8      1.14   0.30      0        0.00
      2781.63   q33cu    .    0.000  0.112     0.8      1.14   0.30      0        0.00
      2781.63   q33tu    Y    0.000  0.112     0.8      1.14   0.30      0        0.00
      2781.63  q31ctl    .    0.000  0.112     0.8      1.14   0.30      0        0.00
      2781.63   q32ti    Y    0.000  0.112     0.8      1.14   0.30      0        0.00
      2781.63   q33cs    .    0.000  0.112     0.8      1.14   0.30      0        0.00
      2781.63   q33ts    Y    0.000  0.112     0.8      1.14   0.30      0        0.00
      2781.63   q33cm    Y    0.000  0.112     0.8      1.14   0.30      0        0.00
      2781.63   q33tm    Y    0.000  0.112     0.8      1.14   0.30      0        0.00
      2781.63   q33cu    .    0.000  0.112     0.8      1.14   0.30      0        0.00
      2781.63   q33tu    Y    0.000  0.112     0.8      1.14   0.30      0        0.00
      3614.27  q31ctl    Y    0.911  0.092     0.3      1.33   0.33      3        0.49
      3614.27   q32ti    .    0.000  0.086    42.8      0.07   0.93      3        0.73
      3614.27   q33cs    Y    0.913  0.092     0.3      1.33   0.33      3        0.49
      3614.27   q33ts    .    0.000  0.086    42.8      0.07   0.93      3        0.73
      3614.27   q33cm    .    0.000  0.131     0.2      0.46   0.54      3        0.49
      3614.27   q33tm    .    0.000  0.120    52.7      0.02   0.98      3        0.73
      3614.27   q33cu    Y    0.917  0.092     0.3      1.33   0.33      3        0.49
      3614.27   q33tu    .    0.000  0.086    42.8      0.07   0.93      3        0.73

## GAINED in q32ti: evt 298777 uid 4000161
 flash(ctl t)     arm auto strength     ks     c2n pred/meas w_base railed railPEshare
     -2133.23  q31ctl    .    0.000  0.338    15.1      0.70   0.30      4        0.92
     -2133.23   q32ti    Y    0.965  0.782    15.2      0.10   0.90      4        0.99
     -2133.23   q33cs    .    0.000  0.338    15.1      0.70   0.30      4        0.92
     -2133.23   q33ts    Y    0.965  0.782    15.2      0.10   0.90      4        0.99
     -2133.23   q33cm    Y    0.978  0.092    28.3      0.01   0.99      4        0.92
     -2133.23   q33tm    Y    0.978  0.092    28.4      0.00   1.00      4        0.99
     -2133.23   q33cu    .    0.000  0.338    15.1      0.70   0.30      4        0.92
     -2133.23   q33tu    Y    0.967  0.782    15.2      0.10   0.90      4        0.99
     -2131.62  q31ctl    .    0.000  0.951     1.7      2.21   1.21      1        1.00
     -2131.62   q32ti    Y    0.965  0.782    15.2      0.10   0.90      4        0.99
     -2131.62   q33cs    .    0.000  0.951     1.7      2.21   1.21      1        1.00
     -2131.62   q33ts    Y    0.965  0.782    15.2      0.10   0.90      4        0.99
     -2131.62   q33cm    .    0.000  0.734     1.6      2.12   1.12      1        1.00
     -2131.62   q33tm    Y    0.978  0.092    28.4      0.00   1.00      4        0.99
     -2131.62   q33cu    .    0.000  0.951     1.7      2.21   1.21      1        1.00
     -2131.62   q33tu    Y    0.967  0.782    15.2      0.10   0.90      4        0.99
      -366.41  q31ctl    Y    0.000  0.127     0.6      1.60   0.60      0        0.00
      -366.41   q32ti    .    0.000  0.127     0.6      1.60   0.60      0        0.00
      -366.41   q33cs    Y    0.000  0.127     0.6      1.60   0.60      0        0.00
      -366.41   q33ts    .    0.000  0.127     0.6      1.60   0.60      0        0.00
      -366.41   q33cm    .    0.000  0.127     0.6      1.60   0.60      0        0.00
      -366.41   q33tm    .    0.000  0.127     0.6      1.60   0.60      0        0.00
      -366.41   q33cu    Y    0.000  0.127     0.6      1.60   0.60      0        0.00
      -366.41   q33tu    .    0.000  0.127     0.6      1.60   0.60      0        0.00
