48367
48895
49951
50303
50831
51051
51513
52657
52723
53361
53427
54175
54341
54351
55539
55595
55627
55715
56211
56243
56463
57441
57485
57575
57661
57883
57903
58321
58345
58607
58653
58717
59003
59025
59085
59093
59179
59247
59261
59335
59371
59553
59685
59929
60017
60669
60933
61351
61417
61461
61843
62149
62281
62459
62495
62613
63163
63359
63427
63551
63559
63603
63669
64409
64503
64591
64717
64921
64959
65025
65053
65267
65289
65295
66118
66272
66646
66712
67394
67746
68648
68714
68978
71046
71178
71222
71266
71640
72256
73004
166738
166804
167112
167684
168432
168526
168614
168658
169356
169598
