# bee_idx	event
0	48367
1	48895
2	49951
3	50303
4	50743
5	50831
6	51051
7	51513
8	51865
9	52085
10	52657
11	52723
12	53361
13	53427
14	53713
15	54175
16	54341
17	54351
18	55539
19	55595
20	55627
21	55715
22	55957
23	56211
24	56243
25	56463
26	57441
27	57485
28	57575
29	57661
30	57883
31	57903
32	58321
33	58343
34	58345
35	58607
36	58653
37	58717
38	58755
39	59003
40	59025
41	59047
42	59085
43	59093
44	59179
45	59247
46	59261
47	59335
48	59371
49	59553
50	59685
51	59753
52	59899
53	59929
54	60017
55	60669
56	60933
57	61071
58	61351
59	61417
60	61461
61	61579
62	61681
63	61843
64	62149
65	62281
66	62459
67	62495
68	62561
69	62583
70	62613
71	62721
72	63163
73	63359
74	63427
75	63537
76	63551
77	63559
78	63603
79	63669
80	64409
81	64503
82	64591
83	64613
84	64717
85	64921
86	64959
87	65025
88	65053
89	65267
90	65289
91	65295
92	65999
93	66118
94	66272
95	66646
96	66712
97	67394
98	67746
99	68648
100	68714
101	68956
102	68978
103	71046
104	71178
105	71222
106	71266
107	71530
108	71640
109	72256
110	72586
111	73004
112	166738
113	166804
114	166870
115	167112
116	167684
117	168432
118	168526
119	168614
120	168658
121	169356
122	169488
123	169598
124	169620
125	169626
126	169758
127	169774
128	169824
129	169846
130	169890
131	170792
132	170808
133	170814
134	170880
135	170924
136	171358
137	171600
138	171892
139	172090
140	172266
141	172656
142	172788
143	172794
144	172832
145	172942
146	173058
147	173146
148	173234
149	173498
150	174114
151	174224
152	174422
153	174576
154	174752
155	174928
156	175016
157	175808
158	175896
159	276836
160	277276
161	277298
162	278046
163	278266
164	278420
165	278640
166	278684
167	278785
168	278794
169	279190
170	279256
171	279445
172	279643
173	280017
174	280466
175	280598
176	280752
177	280774
178	280853
179	280972
180	280994
181	281214
182	281337
183	281485
184	281505
185	281507
186	281527
187	281595
188	281639
189	281727
190	281837
191	281953
192	282057
193	282072
194	282204
195	282217
196	282231
197	282385
198	282459
199	282666
200	282737
201	282899
202	282979
203	283009
204	283040
205	283091
206	283229
207	283463
208	283515
209	283595
210	283691
211	283713
212	283771
213	283905
214	283969
215	283991
216	284013
217	284103
218	284145
219	284153
220	284200
221	284211
222	284235
223	284637
224	284657
225	284769
226	284791
227	284794
228	285069
229	285253
230	285311
231	285366
232	285443
233	285467
234	285531
235	285564
236	285652
237	285665
238	285753
239	285929
240	285971
241	286177
242	286180
243	286191
244	286241
245	286268
246	286353
247	286400
248	286527
249	286655
250	286681
251	286818
252	286906
253	287007
254	287211
255	287249
256	287431
257	287517
258	287555
259	287599
260	287621
261	287654
262	287825
263	287830
264	288067
265	288287
266	288327
267	288358
268	288639
269	288745
270	288859
271	288947
272	289141
273	289251
274	289559
275	289832
276	290052
277	290294
278	290729
279	291037
280	291064
281	291262
282	291372
283	291499
284	291548
285	291570
286	291961
287	292005
288	292027
289	292384
290	292406
291	292533
292	292577
293	292643
294	292687
295	292797
296	293149
297	313781
298	313847
299	313979
300	314507
301	314705
302	315013
303	315167
304	315343
305	315497
306	315849
307	315871
308	316003
309	316025
310	316311
311	316553
312	316729
313	317191
314	317741
315	317939
316	318049
317	318731
318	319039
319	319611
320	320029
321	320667
322	320865
323	321107
324	321173
325	321371
326	321767
327	321789
328	345633
329	346623
330	347085
331	347129
332	348471
333	348515
334	348691
335	348713
336	348845
337	349087
338	349241
339	349461
340	349549
341	349835
342	349879
343	349945
344	350121
345	350297
346	350935
347	351639
348	351705
349	351749
350	352123
351	352233
352	353223
353	353729
354	353751
355	386332
356	386442
357	386948
358	387102
359	387850
360	388026
361	388224
362	389588
363	389874
364	390182
365	390842
366	390864
367	390996
368	391238
369	391260
370	391766
371	391854
372	392552
373	393042
374	393212
375	393608
376	394532
377	394642
378	394796
379	395148
380	395390
381	395610
382	395654
383	395962
384	397480
385	397722
386	397920
387	398084
388	398238
389	398260
390	398414
391	398436
392	398514
393	398690
394	399052
395	399118
396	399328
397	399702
398	399856
399	399998
400	400054
401	400274
402	400460
403	400504
404	400592
405	400636
406	400856
407	401054
408	401252
409	401450
410	401516
411	401626
412	401780
413	402330
414	402506
415	402880
416	404244
417	404684
418	405234
419	405432
420	405454
421	405674
422	405740
423	406444
424	406642
425	406752
426	406796
427	407148
428	407170
429	407280
430	407918
431	408028
432	408094
433	408534
434	409282
435	409546
436	409634
437	409920
438	409942
439	409964
440	410008
441	411460
442	412208
443	486247
444	486687
445	486907
446	487303
447	487853
448	488139
449	488755
450	489327
451	489503
452	490361
453	490581
454	490779
455	490977
456	491483
457	492649
458	492803
459	492913
460	493243
