# bee_idx	event
0	47058
1	47212
2	47278
3	47696
4	47784
5	47894
6	47916
7	48488
8	48774
9	49415
10	49742
11	49745
12	49767
13	49877
14	49984
15	49987
16	50182
17	50446
18	50688
19	50801
20	51128
21	51219
22	51260
23	51546
24	51722
25	51868
26	51890
27	51964
28	52044
29	52121
30	52220
31	52286
32	52338
33	52352
34	52605
35	52638
36	52693
37	52759
38	53130
39	53658
40	53793
41	53881
42	54332
43	54453
44	54475
45	54508
46	54629
47	55220
48	55278
49	55286
50	55322
51	55443
52	55542
53	55740
54	56180
55	56521
56	56763
57	56939
58	56972
59	57280
60	57346
61	57577
62	57709
63	57742
64	58006
65	58072
66	58325
67	58919
68	65266
69	65948
70	66278
71	66366
72	66652
73	66872
74	66900
75	66944
76	67026
77	67802
78	67868
79	67898
80	67928
81	67942
82	68280
83	68308
84	68346
85	68654
86	68726
87	68748
88	68830
89	69006
90	69144
91	69152
92	69232
93	69254
94	69306
95	69314
96	69386
97	69556
98	69666
99	69936
100	70010
101	70084
102	70178
103	70186
104	70222
105	70288
106	70472
107	70538
108	70612
109	70640
110	70692
111	70713
112	70757
113	70766
114	70912
115	71022
116	71092
117	71290
118	71642
119	71748
120	71778
121	71872
122	72055
123	72099
124	72170
125	72174
126	72196
127	72275
128	72280
129	72649
130	72742
131	72759
132	72760
133	72768
134	72786
135	72840
136	72940
137	73038
138	73054
139	73324
140	73336
141	73412
142	73450
143	73500
144	73538
145	73688
146	73698
147	73705
148	73727
149	73838
150	73991
151	74123
152	74146
153	74190
154	74270
155	74326
156	74336
157	74380
158	74414
159	74784
160	74854
161	75004
162	75040
163	75052
164	75113
165	75135
166	75206
167	75316
168	75377
169	75554
170	75668
171	75678
172	75700
173	75729
174	75730
175	75795
176	75862
177	75954
178	75976
179	76038
180	76059
181	76170
182	76250
183	76280
184	76346
185	76350
186	76866
187	76888
188	76998
189	77328
190	77702
191	77846
192	77878
193	77978
194	78032
195	78120
196	78242
197	78259
198	78582
199	78682
200	78743
201	79491
202	79616
203	79689
204	80672
205	80716
206	81420
207	82322
208	83048
209	90003
210	90135
211	90179
212	90487
213	90751
214	91235
215	91367
216	91609
217	91653
218	91697
219	91782
220	91917
221	92134
222	92159
223	92225
224	92684
225	92904
226	92907
227	92992
228	93105
229	93234
230	93545
231	93677
232	93696
233	93776
234	93919
235	94029
236	94092
237	94224
238	94293
239	94392
240	94546
241	94678
242	94942
243	95074
244	95151
245	95170
246	95184
247	95405
248	95412
249	95690
250	95800
251	95899
252	96251
253	96306
254	96383
255	96636
256	96680
257	96864
258	97010
259	97033
260	97062
261	97084
262	97231
263	97260
264	97473
265	98294
266	98298
267	98338
268	98353
269	98382
270	98452
271	98470
272	98474
273	98529
274	98660
275	98704
276	98760
277	98778
278	98844
279	98947
280	99035
281	99232
282	99284
283	99563
284	99702
285	99716
286	99782
287	99826
288	99838
289	99959
290	99966
291	100080
292	100135
293	100157
294	100190
295	100222
296	100245
297	100322
298	100420
299	100421
300	100564
301	100640
302	100728
303	101004
304	101224
305	101454
306	101466
307	101498
308	101554
309	101675
310	101828
311	102247
312	102643
313	102841
314	103061
315	103193
316	103204
317	103391
318	103545
319	103798
320	103952
321	104216
322	104260
323	104304
324	104920
325	105074
326	105140
327	105316
328	105426
329	105492
330	156093
331	156313
332	157215
333	157281
334	158227
335	158689
336	159569
337	160031
338	160537
339	161043
340	161725
341	162143
342	162473
343	163309
344	163771
345	164475
346	164774
347	165104
348	165157
349	165393
350	165544
351	165767
352	165855
353	166006
354	166050
355	166295
356	166996
357	167351
358	167612
359	167703
360	167744
361	168209
362	168448
363	168778
364	168869
365	169067
366	169152
367	169221
368	169240
369	169306
370	169658
371	169724
372	169793
373	169966
374	170076
375	170098
376	170274
377	170326
378	170365
379	170428
380	170585
381	170651
382	170761
383	171143
384	171352
385	171440
386	171473
387	171528
388	171572
389	171616
390	171729
391	171770
392	171866
393	172012
394	172015
395	172020
396	172177
397	172262
398	172344
399	172463
400	172498
401	172548
402	172617
403	172762
404	172850
405	173049
406	173093
407	173108
408	173340
409	173438
410	173450
411	173488
412	173495
413	173585
414	173620
415	173643
416	173671
417	173819
418	173827
419	173912
420	173978
421	174164
422	174302
423	174311
424	174352
425	174661
426	174770
427	174771
428	174795
429	174896
430	174993
431	175057
432	175094
433	175117
434	175814
435	175893
436	175952
437	175959
438	176150
439	176260
440	176502
441	176533
442	176707
443	176810
444	176948
445	176986
446	177068
447	177149
448	177178
449	177266
450	177360
451	177366
452	177455
453	177521
454	177536
455	177939
456	177961
457	178115
458	178225
459	178350
460	178388
461	178445
462	178535
463	178548
464	178570
465	178645
466	178841
467	178865
468	178885
469	178907
470	178931
471	178966
472	179048
473	179054
474	179246
475	179303
476	179369
477	179604
478	179611
479	179752
480	179765
481	179840
482	179897
483	179912
484	180088
485	180117
486	180403
487	180544
488	180645
489	180698
490	181050
491	181094
492	236192
493	236610
494	237292
495	237380
496	237446
497	237710
498	237798
499	239118
500	239404
501	240196
502	240372
503	240636
504	241626
505	242000
506	242022
507	242484
508	242550
509	242726
510	242748
511	242770
512	242814
513	243628
514	275011
515	275231
516	275385
517	275539
518	276925
519	277123
520	278509
521	279213
522	279537
523	279955
524	279977
525	280153
526	280159
527	280329
528	280351
529	280709
530	280819
531	280945
532	281165
533	281325
534	281567
535	281781
536	281985
537	282067
538	282271
539	282491
540	282749
541	282837
542	282909
543	283013
544	283035
545	283299
546	283525
547	283568
548	283590
549	283591
550	283833
551	283849
552	284047
553	284206
554	284866
555	285350
556	285680
557	286076
558	286120
559	286296
560	286489
561	287132
562	287332
563	287374
564	287464
565	287638
566	287662
567	287770
568	287794
569	287926
570	288012
571	289246
572	289464
573	289508
574	289862
575	290476
576	290542
577	290588
578	290654
579	290718
580	291072
581	292370
582	292436
583	292524
584	292568
585	292722
586	292788
587	292810
588	293470
589	293536
590	293734
591	294174
592	294922
593	315955
594	316021
595	316065
596	316197
597	316811
598	316987
599	317077
600	317341
601	317407
602	317539
603	317911
604	317957
605	318021
606	318197
607	318549
608	318703
609	318749
610	318769
611	318857
612	319057
613	319275
614	319321
615	319475
616	319871
617	319913
618	320091
619	320289
620	320485
621	320575
622	320925
623	321015
624	321169
625	321235
626	321367
627	321629
628	321741
629	321849
630	321895
631	321937
632	321983
633	322135
634	322181
635	322269
636	322663
637	322707
638	322861
639	322885
640	322907
641	323125
642	323171
643	323301
644	323369
645	323917
646	346746
647	346878
648	347384
649	347824
650	347890
651	348088
652	348198
653	348594
654	348638
655	348682
656	349056
657	349276
658	349320
659	350266
660	350354
661	350596
662	351564
663	351740
664	352136
665	352202
666	352510
667	352664
668	352730
669	352796
670	354248
671	354578
672	355106
673	355238
674	388323
675	389225
676	389379
677	390215
678	390216
679	390370
680	390391
681	390634
682	390743
683	390744
684	390810
685	390942
686	391063
687	391415
688	391513
689	391525
690	391756
691	391777
692	391843
693	391899
694	392009
695	392174
696	392262
697	392327
698	392417
699	392527
700	392649
701	392669
702	392693
703	392759
704	392891
705	392900
706	392901
707	392988
708	393089
709	393119
710	393133
711	393485
712	393505
713	393538
714	393581
715	393727
716	393758
717	393791
718	393823
719	393835
720	393935
721	394131
722	394167
723	394255
724	394363
725	394396
726	394407
727	394605
728	394717
729	394836
730	395012
731	395033
732	395079
733	395089
734	395123
735	395209
736	395277
737	395298
738	395443
739	395485
740	395573
741	395597
742	395695
743	395717
744	395837
745	395870
746	396037
747	396057
748	396091
749	396157
750	396222
751	396323
752	396355
753	396420
754	396521
755	396551
756	396596
757	396761
758	396805
759	396816
760	396829
761	396882
762	396927
763	396949
764	396971
765	397005
766	397103
767	397190
768	397379
769	397401
770	397476
771	397487
772	397498
773	397542
774	397599
775	397630
776	397653
777	397927
778	398125
779	398181
780	398191
781	398225
782	398268
783	398313
784	398567
785	398819
786	399061
787	399073
788	399303
789	399853
790	400029
791	400117
792	400185
793	400239
794	400251
795	400273
796	400349
797	400427
798	400779
799	401197
800	401241
801	402077
802	402209
803	402297
804	403023
805	403309
806	403397
807	403441
808	404189
809	405201
810	405707
811	405927
812	405971
813	406125
814	406147
815	406367
816	406631
817	407534
818	407798
819	407886
820	408304
821	408326
822	408678
823	409052
824	409140
825	409514
826	409624
827	409888
828	409906
829	410064
830	410126
831	410566
832	410680
833	410698
834	410768
835	411010
836	412062
837	412242
838	412326
839	412396
840	412612
841	412638
842	414024
843	414200
844	414240
845	414288
846	414306
847	414372
848	414442
849	414552
850	415186
851	415278
852	415564
853	417100
854	417496
855	417782
856	473358
857	473886
858	473952
859	474370
860	474612
861	474678
862	475096
863	475140
864	475712
865	475778
866	476966
867	477142
868	478088
869	478220
870	478374
871	478594
872	478638
873	478880
874	479650
875	480002
876	480728
877	480772
878	480970
879	481014
880	493439
881	493659
882	493835
883	494297
884	494847
885	495199
886	495881
887	497311
888	497355
889	497399
890	497553
891	497883
892	498675
893	498851
894	499115
895	499423
896	499577
897	500083
898	500149
899	500567
900	501711
901	502019
902	502525
903	502921
