# Verdict S: held-out sim (noise windows of run 039253 = file 1; seed 202), real rail 16383; PE_rec/PE_true median [16,84]

== sim arm nominal
     d     n |                    raw                   clip                   tail                twoside                   tmpl                tot_cal               tot_fill | winner (min |bias|+half-band)
  1.11   320 |  0.962 [0.949, 0.972]*  0.997 [0.996, 0.997]*  0.999 [0.998, 1.002]*  0.998 [0.997, 1.001]*  1.021 [1.016, 1.026]*  0.982 [0.940, 1.022]*  0.999 [0.999, 1.000]* | tot_fill
  1.43   320 |  0.928 [0.915, 0.942]*  0.965 [0.958, 0.970]*  1.039 [1.003, 1.126]*  1.022 [0.999, 1.088]*  1.061 [1.042, 1.126]*  1.005 [0.977, 1.045]*  0.997 [0.989, 1.001]* | tot_fill
  2.00   320 |  0.826 [0.807, 0.843]*  0.862 [0.847, 0.875]*  1.188 [1.103, 1.462]*  1.130 [1.062, 1.284]*  1.258 [1.174, 1.428]   1.002 [0.998, 1.007]*  0.995 [0.988, 1.005]* | tot_cal
  2.86   320 |  0.692 [0.675, 0.713]   0.731 [0.713, 0.747]   1.363 [1.216, 2.173]   1.243 [1.135, 1.642]   1.486 [1.335, 2.114]   1.000 [0.989, 1.011]*  0.993 [0.980, 1.006]* | tot_cal
  4.00   320 |  0.570 [0.552, 0.591]   0.608 [0.587, 0.626]   1.606 [1.371, 3.593]   1.394 [1.232, 2.255]   1.681 [1.488, 3.501]   1.000 [0.981, 1.016]*  0.992 [0.975, 1.009]* | tot_cal
  5.60   320 |  0.457 [0.440, 0.477]   0.494 [0.470, 0.510]   1.961 [1.618, 5.965]   1.589 [1.382, 3.174]   1.836 [1.631, 5.705]   1.005 [0.975, 1.022]*  0.993 [0.969, 1.010]* | tot_fill
  6.70   320 |  0.402 [0.382, 0.418]   0.437 [0.417, 0.453]   2.226 [1.797, 8.048]   1.708 [1.437, 3.995]   1.900 [1.697, 7.823]   1.008 [0.985, 1.032]*  0.993 [0.971, 1.017]* | tot_fill
 10.00   320 |  0.294 [0.279, 0.310]   0.329 [0.312, 0.345]   2.900 [2.243,15.383]   1.943 [1.594, 6.442]   1.970 [1.758,14.948]   1.006 [0.980, 1.028]*  0.990 [0.967, 1.013]* | tot_cal
 14.00   320 |  0.220 [0.207, 0.232]   0.255 [0.239, 0.266]   3.579 [2.772,26.499]   2.262 [1.746, 8.905]   1.980 [1.778,25.760]   1.001 [0.976, 1.028]*  0.989 [0.966, 1.013]* | tot_cal
 20.00   320 |  0.157 [0.146, 0.169]   0.187 [0.174, 0.200]   4.675 [3.503,48.213]   2.613 [2.077,12.638]   1.983 [1.796,46.923]   0.999 [0.975, 1.021]*  0.986 [0.959, 1.013]* | tot_cal
  (* = passes |bias| < 20 % and half-band < 30 %)
  deepest passing row per method: raw 2.0, clip 2.0, tail 2.0, twoside 2.0, tmpl 1.43, tot_cal 20.0, tot_fill 20.0

== sim arm ff+0.08
     d     n |                    raw                   clip                   tail                twoside                   tmpl                tot_cal               tot_fill | winner (min |bias|+half-band)
  1.11   128 |  0.964 [0.952, 0.975]*  0.997 [0.997, 0.998]*  0.998 [0.997, 0.999]*  0.998 [0.997, 0.999]*  1.014 [1.013, 1.018]*  1.043 [0.987, 1.098]*  0.999 [0.998, 0.999]* | tot_fill
  1.43   128 |  0.937 [0.928, 0.953]*  0.974 [0.970, 0.977]*  0.997 [0.988, 1.015]*  0.994 [0.986, 1.004]*  1.040 [1.032, 1.056]*  1.032 [0.999, 1.069]*  0.992 [0.989, 0.993]* | tot_fill
  2.00   128 |  0.847 [0.832, 0.870]*  0.881 [0.872, 0.893]*  1.117 [1.073, 1.285]*  1.078 [1.041, 1.170]*  1.172 [1.128, 1.261]*  1.009 [1.001, 1.022]*  0.980 [0.972, 0.987]* | tot_cal
  2.86   128 |  0.722 [0.705, 0.747]   0.757 [0.738, 0.775]   1.273 [1.144, 1.687]   1.176 [1.079, 1.385]*  1.377 [1.250, 1.633]   0.983 [0.977, 0.993]*  0.966 [0.952, 0.976]* | tot_cal
  4.00   128 |  0.600 [0.584, 0.627]   0.634 [0.617, 0.654]   1.466 [1.263, 2.384]   1.290 [1.148, 1.741]   1.573 [1.387, 2.345]   0.966 [0.945, 0.982]*  0.954 [0.931, 0.969]* | tot_cal
  5.60   128 |  0.484 [0.469, 0.505]   0.523 [0.501, 0.536]   1.705 [1.463, 3.967]   1.418 [1.258, 2.361]   1.696 [1.527, 3.921]   0.954 [0.934, 0.977]*  0.944 [0.921, 0.964]* | tot_cal
  6.70   128 |  0.428 [0.411, 0.447]   0.463 [0.443, 0.481]   1.888 [1.597, 5.434]   1.500 [1.305, 3.041]   1.760 [1.591, 5.241]   0.951 [0.922, 0.980]*  0.941 [0.916, 0.967]* | tot_cal
 10.00   128 |  0.321 [0.305, 0.338]   0.354 [0.335, 0.370]   2.454 [1.932, 9.723]   1.684 [1.405, 4.255]   1.845 [1.647, 9.421]   0.945 [0.913, 0.967]*  0.936 [0.900, 0.957]* | tot_cal
 14.00   128 |  0.238 [0.228, 0.258]   0.274 [0.260, 0.288]   3.048 [2.488,18.498]   1.900 [1.531, 6.025]   1.874 [1.727,17.927]   0.944 [0.913, 0.975]*  0.934 [0.896, 0.962]* | tot_cal
 20.00   128 |  0.177 [0.164, 0.192]   0.209 [0.195, 0.220]   3.893 [3.049,30.543]   2.262 [1.729, 9.002]   1.869 [1.697,29.782]   0.935 [0.891, 0.961]*  0.918 [0.884, 0.953]* | tot_cal
  (* = passes |bias| < 20 % and half-band < 30 %)
  deepest passing row per method: raw 2.0, clip 2.0, tail 2.0, twoside 2.86, tmpl 2.0, tot_cal 20.0, tot_fill 20.0

== sim arm ff-0.08
     d     n |                    raw                   clip                   tail                twoside                   tmpl                tot_cal               tot_fill | winner (min |bias|+half-band)
  1.11   128 |  0.956 [0.945, 0.971]*  0.996 [0.994, 0.996]*  1.001 [0.999, 1.006]*  1.000 [0.999, 1.004]*  1.030 [1.023, 1.039]*  0.948 [0.922, 0.976]*  1.000 [0.999, 1.002]* | tot_fill
  1.43   128 |  0.910 [0.893, 0.932]*  0.949 [0.935, 0.959]*  1.115 [1.059, 1.210]*  1.083 [1.045, 1.159]*  1.132 [1.090, 1.213]*  0.997 [0.987, 1.014]*  1.006 [1.000, 1.019]* | tot_fill
  2.00   128 |  0.798 [0.778, 0.825]   0.839 [0.818, 0.853]*  1.283 [1.161, 1.666]   1.195 [1.102, 1.417]*  1.370 [1.256, 1.647]   1.012 [1.002, 1.028]*  1.016 [1.002, 1.034]* | tot_cal
  2.86   128 |  0.666 [0.636, 0.689]   0.707 [0.675, 0.726]   1.553 [1.304, 2.383]   1.371 [1.193, 1.885]   1.674 [1.433, 2.355]   1.027 [1.006, 1.052]*  1.025 [1.002, 1.052]* | tot_cal
  4.00   128 |  0.542 [0.515, 0.565]   0.585 [0.549, 0.602]   1.893 [1.524, 4.321]   1.590 [1.335, 2.801]   1.866 [1.616, 4.199]   1.039 [1.013, 1.065]*  1.031 [1.000, 1.060]* | tot_fill
  5.60   128 |  0.429 [0.402, 0.450]   0.469 [0.442, 0.486]   2.278 [1.837, 7.255]   1.808 [1.516, 4.008]   1.967 [1.752, 6.911]   1.048 [1.018, 1.085]*  1.037 [1.008, 1.066]* | tot_fill
  6.70   128 |  0.374 [0.348, 0.396]   0.414 [0.390, 0.430]   2.561 [2.034,11.177]   1.980 [1.574, 5.073]   2.015 [1.802,10.643]   1.051 [1.015, 1.090]*  1.041 [1.008, 1.072]* | tot_fill
 10.00   128 |  0.273 [0.248, 0.290]   0.306 [0.285, 0.325]   3.414 [2.543,21.078]   2.316 [1.756, 7.392]   2.082 [1.845,20.079]   1.047 [1.021, 1.088]*  1.040 [1.011, 1.076]* | tot_fill
 14.00   128 |  0.200 [0.183, 0.210]   0.233 [0.216, 0.246]   4.282 [3.368,34.457]   2.689 [2.211, 8.916]   2.081 [1.899,32.754]   1.059 [1.025, 1.102]*  1.047 [1.016, 1.080]* | tot_fill
 20.00   128 |  0.144 [0.128, 0.154]   0.170 [0.156, 0.182]   5.537 [4.180,63.510]   3.066 [2.263,15.550]   2.062 [1.909,60.310]   1.041 [1.013, 1.066]*  1.044 [1.000, 1.076]* | tot_cal
  (* = passes |bias| < 20 % and half-band < 30 %)
  deepest passing row per method: raw 1.43, clip 2.0, tail 1.43, twoside 2.0, tmpl 1.43, tot_cal 20.0, tot_fill 20.0

== sim arm tau_s+20
     d     n |                    raw                   clip                   tail                twoside                   tmpl                tot_cal               tot_fill | winner (min |bias|+half-band)
  1.11   128 |  0.956 [0.943, 0.967]*  0.997 [0.996, 0.997]*  0.999 [0.998, 1.001]*  0.998 [0.997, 1.000]*  1.019 [1.015, 1.025]*  0.976 [0.923, 1.019]*  0.999 [0.999, 1.000]* | tot_fill
  1.43   128 |  0.926 [0.912, 0.941]*  0.969 [0.964, 0.972]*  1.014 [0.999, 1.068]*  1.009 [0.996, 1.053]*  1.051 [1.034, 1.092]*  0.976 [0.946, 1.005]*  0.992 [0.989, 0.998]* | tot_fill
  2.00   128 |  0.830 [0.813, 0.849]*  0.872 [0.862, 0.881]*  1.163 [1.095, 1.367]*  1.105 [1.058, 1.238]*  1.226 [1.158, 1.340]   0.970 [0.956, 0.977]*  0.989 [0.982, 1.001]* | tot_fill
  2.86   128 |  0.706 [0.683, 0.727]   0.747 [0.729, 0.762]   1.391 [1.201, 1.971]   1.258 [1.124, 1.527]   1.487 [1.318, 1.918]   0.975 [0.960, 0.989]*  0.992 [0.977, 1.010]* | tot_fill
  4.00   128 |  0.582 [0.561, 0.607]   0.626 [0.604, 0.642]   1.721 [1.391, 3.181]   1.478 [1.239, 2.125]   1.774 [1.508, 3.106]   1.000 [0.966, 1.025]*  1.003 [0.980, 1.034]* | tot_cal
  5.60   128 |  0.467 [0.447, 0.485]   0.510 [0.492, 0.524]   2.141 [1.709, 6.451]   1.699 [1.448, 3.243]   1.953 [1.697, 6.309]   1.037 [0.999, 1.072]*  1.036 [1.001, 1.062]* | tot_fill
  6.70   128 |  0.409 [0.388, 0.429]   0.452 [0.434, 0.470]   2.471 [1.934, 9.314]   1.870 [1.529, 4.930]   2.049 [1.796, 9.100]   1.061 [1.015, 1.094]*  1.054 [1.015, 1.095]* | tot_fill
 10.00   128 |  0.301 [0.283, 0.319]   0.340 [0.322, 0.358]   3.466 [2.516,21.718]   2.258 [1.736, 9.126]   2.191 [1.897,21.092]   1.106 [1.051, 1.163]*  1.088 [1.044, 1.146]* | tot_fill
 14.00   128 |  0.221 [0.207, 0.235]   0.259 [0.245, 0.273]   4.579 [3.454,43.959]   2.814 [2.268,13.240]   2.258 [2.027,42.741]   1.146 [1.107, 1.228]*  1.136 [1.095, 1.201]* | tot_fill
 20.00   128 |  0.159 [0.146, 0.173]   0.189 [0.175, 0.205]   6.249 [4.485,91.581]   3.373 [2.474,23.605]   2.298 [2.052,89.365]   1.168 [1.110, 1.265]*  1.169 [1.103, 1.271]* | tot_cal
  (* = passes |bias| < 20 % and half-band < 30 %)
  deepest passing row per method: raw 2.0, clip 2.0, tail 2.0, twoside 2.0, tmpl 1.43, tot_cal 20.0, tot_fill 20.0

== sim arm tau_s-20
     d     n |                    raw                   clip                   tail                twoside                   tmpl                tot_cal               tot_fill | winner (min |bias|+half-band)
  1.11   128 |  0.966 [0.955, 0.979]*  0.997 [0.996, 0.997]*  0.999 [0.998, 1.004]*  0.999 [0.998, 1.003]*  1.024 [1.018, 1.030]*  1.010 [0.968, 1.045]*  0.999 [0.999, 1.000]* | tot_fill
  1.43   128 |  0.929 [0.913, 0.943]*  0.958 [0.949, 0.966]*  1.069 [1.009, 1.184]*  1.054 [1.005, 1.142]*  1.100 [1.056, 1.171]*  1.056 [1.030, 1.097]*  1.000 [0.991, 1.006]* | tot_fill
  2.00   128 |  0.815 [0.801, 0.834]*  0.845 [0.827, 0.861]*  1.197 [1.121, 1.551]*  1.136 [1.074, 1.350]*  1.280 [1.200, 1.516]   1.043 [1.036, 1.059]*  0.998 [0.991, 1.007]* | tot_fill
  2.86   128 |  0.683 [0.661, 0.701]   0.711 [0.686, 0.731]   1.359 [1.209, 2.194]   1.232 [1.126, 1.604]   1.494 [1.334, 2.161]   1.020 [1.006, 1.035]*  0.981 [0.971, 0.995]* | tot_fill
  4.00   128 |  0.556 [0.538, 0.578]   0.586 [0.563, 0.610]   1.542 [1.345, 3.331]   1.345 [1.204, 2.185]   1.619 [1.462, 3.231]   0.987 [0.971, 1.006]*  0.959 [0.940, 0.978]* | tot_cal
  5.60   128 |  0.445 [0.425, 0.457]   0.475 [0.453, 0.492]   1.745 [1.521, 5.157]   1.455 [1.297, 2.836]   1.685 [1.544, 5.011]   0.954 [0.939, 0.973]*  0.931 [0.915, 0.951]* | tot_cal
  6.70   128 |  0.390 [0.372, 0.409]   0.419 [0.397, 0.438]   1.908 [1.628, 6.268]   1.489 [1.303, 3.801]   1.711 [1.575, 6.092]   0.944 [0.913, 0.959]*  0.923 [0.886, 0.940]* | tot_cal
 10.00   128 |  0.288 [0.271, 0.303]   0.317 [0.296, 0.335]   2.345 [1.903,10.048]   1.595 [1.376, 4.739]   1.728 [1.585, 9.758]   0.899 [0.863, 0.920]*  0.887 [0.837, 0.907]* | tot_cal
 14.00   128 |  0.216 [0.204, 0.226]   0.245 [0.229, 0.257]   2.786 [2.352,14.741]   1.810 [1.597, 4.891]   1.714 [1.575,14.254]   0.867 [0.815, 0.893]*  0.860 [0.796, 0.884]* | tot_cal
 20.00   128 |  0.158 [0.147, 0.170]   0.186 [0.172, 0.197]   3.446 [2.820,21.788]   1.996 [1.566, 7.143]   1.673 [1.558,21.126]   0.841 [0.755, 0.873]*  0.835 [0.748, 0.865]* | tot_cal
  (* = passes |bias| < 20 % and half-band < 30 %)
  deepest passing row per method: raw 2.0, clip 2.0, tail 2.0, twoside 2.0, tmpl 1.43, tot_cal 20.0, tot_fill 20.0

== sim arm spread5
     d     n |                    raw                   clip                   tail                twoside                   tmpl                tot_cal               tot_fill | winner (min |bias|+half-band)
  1.11   128 |  0.959 [0.948, 0.969]*  0.993 [0.992, 0.993]*  1.009 [1.004, 1.021]*  1.009 [1.004, 1.020]*  1.048 [1.045, 1.054]*  0.979 [0.953, 1.001]*  1.005 [1.003, 1.006]* | tot_fill
  1.43   128 |  0.898 [0.885, 0.913]*  0.933 [0.926, 0.939]*  1.124 [1.077, 1.276]*  1.103 [1.064, 1.214]*  1.174 [1.118, 1.243]*  1.001 [0.993, 1.012]*  1.006 [1.002, 1.012]* | tot_cal
  2.00   128 |  0.782 [0.768, 0.798]   0.818 [0.806, 0.828]*  1.265 [1.172, 1.710]   1.202 [1.122, 1.493]   1.374 [1.272, 1.668]   1.008 [1.002, 1.018]*  1.010 [1.001, 1.021]* | tot_cal
  2.86   128 |  0.650 [0.631, 0.665]   0.686 [0.668, 0.695]   1.510 [1.313, 2.674]   1.356 [1.212, 1.911]   1.633 [1.443, 2.581]   1.017 [1.000, 1.030]*  1.013 [0.997, 1.029]* | tot_fill
  4.00   128 |  0.528 [0.510, 0.543]   0.564 [0.546, 0.575]   1.828 [1.541, 4.453]   1.571 [1.354, 2.832]   1.821 [1.617, 4.374]   1.020 [0.999, 1.040]*  1.014 [0.992, 1.036]* | tot_fill
  5.60   128 |  0.418 [0.403, 0.429]   0.454 [0.437, 0.465]   2.214 [1.849, 7.846]   1.793 [1.537, 4.317]   1.925 [1.739, 7.624]   1.028 [1.010, 1.051]*  1.019 [1.000, 1.038]* | tot_fill
  6.70   128 |  0.366 [0.350, 0.376]   0.400 [0.384, 0.413]   2.481 [2.041,10.656]   1.974 [1.649, 6.119]   1.972 [1.779,10.351]   1.028 [1.001, 1.052]*  1.021 [0.997, 1.042]* | tot_fill
 10.00   128 |  0.267 [0.253, 0.276]   0.299 [0.282, 0.311]   3.292 [2.563,20.493]   2.433 [1.970,10.305]   2.033 [1.824,19.886]   1.029 [1.009, 1.056]*  1.022 [0.995, 1.045]* | tot_fill
 14.00   128 |  0.196 [0.185, 0.205]   0.228 [0.217, 0.238]   4.199 [3.409,36.014]   2.929 [2.431,15.202]   2.050 [1.900,35.001]   1.039 [1.015, 1.066]*  1.028 [1.006, 1.056]* | tot_fill
 20.00   128 |  0.140 [0.133, 0.149]   0.167 [0.155, 0.176]   5.471 [4.261,64.350]   3.605 [2.877,24.742]   2.035 [1.891,62.383]   1.027 [0.995, 1.046]*  1.031 [0.996, 1.050]* | tot_cal
  (* = passes |bias| < 20 % and half-band < 30 %)
  deepest passing row per method: raw 1.43, clip 2.0, tail 1.43, twoside 1.43, tmpl 1.43, tot_cal 20.0, tot_fill 20.0

== sim arm pileup
     d     n |                    raw                   clip                   tail                twoside                   tmpl                tot_cal               tot_fill | winner (min |bias|+half-band)
  1.11   128 |  0.943 [0.920, 0.965]*  0.997 [0.997, 0.998]*  0.999 [0.998, 1.002]*  0.999 [0.998, 1.001]*  1.017 [1.012, 1.021]*  0.766 [0.728, 0.797]   0.999 [0.999, 1.000]* | tot_fill
  1.43   128 |  0.916 [0.893, 0.938]*  0.973 [0.966, 0.977]*  1.015 [1.001, 1.097]*  1.010 [0.999, 1.067]*  1.045 [1.028, 1.094]*  0.783 [0.754, 0.827]   0.995 [0.988, 1.000]* | tot_fill
  2.00   128 |  0.822 [0.792, 0.848]*  0.880 [0.832, 0.896]*  1.242 [1.087, 1.614]   1.164 [1.054, 1.469]*  1.267 [1.151, 1.700]   0.783 [0.775, 1.162]   0.995 [0.981, 1.143]* | tot_fill
  2.86   128 |  0.683 [0.637, 0.724]   0.742 [0.682, 0.786]   1.774 [1.205, 3.179]   1.535 [1.136, 2.432]   1.856 [1.318, 3.104]   0.802 [0.774, 1.304]*  0.988 [0.966, 1.281]* | tot_fill
  4.00   128 |  0.546 [0.503, 0.580]   0.605 [0.551, 0.649]   2.539 [1.473, 6.906]   2.076 [1.313, 3.831]   2.380 [1.582, 6.708]   1.195 [0.777, 1.538]   1.168 [0.936, 1.517]* | clip
  5.60   128 |  0.406 [0.389, 0.443]   0.462 [0.434, 0.502]   4.498 [2.590,17.518]   3.065 [1.971, 7.778]   3.077 [2.151,17.113]   1.354 [1.101, 1.710]   1.333 [1.086, 1.707]  | clip
  6.70   128 |  0.357 [0.331, 0.380]   0.407 [0.374, 0.439]   6.047 [3.059,37.333]   4.060 [2.310,14.174]   3.509 [2.392,36.903]   1.481 [1.212, 1.928]   1.466 [1.200, 1.913]  | clip
 10.00   128 |  0.243 [0.227, 0.263]   0.285 [0.270, 0.310]   7.525 [4.022,81.088]   4.565 [2.713,23.901]   3.636 [2.318,78.632]   1.459 [1.212, 1.932]   1.444 [1.194, 1.927]  | clip
 14.00   128 |  0.173 [0.161, 0.189]   0.208 [0.192, 0.224]  10.768 [5.543,103.240]   5.688 [3.406,26.844]   3.981 [2.407,100.178]   1.457 [1.186, 1.862]   1.472 [1.176, 1.969]  | tot_cal
 20.00   128 |  0.121 [0.114, 0.131]   0.145 [0.135, 0.157]  13.044 [6.517,289.546]   6.494 [3.723,53.476]   4.517 [2.281,279.215]   1.386 [1.166, 1.706]   1.513 [1.206, 2.063]  | tot_cal
  (* = passes |bias| < 20 % and half-band < 30 %)
  deepest passing row per method: raw 2.0, clip 2.0, tail 1.43, twoside 2.0, tmpl 1.43, tot_cal 2.86, tot_fill 4.0
