# ToT calibration from the sim TRAINING set (noise windows of run 039252 = file 0; seed 101); d log-uniform in [1.05, 25]
  chan    n                        ToT nodes (ticks)  ->  PE/R nodes
  1010  300 8 12 20 30 48 65 86 104 114 123 132 143 158 169 175 190 208 220 235 244 254 268 275 292  ->  0.103 0.111 0.122 0.139 0.163 0.188 0.226 0.270 0.297 0.327 0.356 0.404 0.479 0.534 0.559 0.664 0.805 0.940 1.074 1.236 1.372 1.616 1.767 2.131
  1011  300 8 16 48 62 76 85 106 114 126 132 144 157 166 180 191 206 216 228 239 251 259 271 286 299  ->  0.152 0.174 0.196 0.223 0.254 0.279 0.348 0.378 0.425 0.458 0.509 0.594 0.658 0.786 0.882 1.033 1.154 1.385 1.560 1.784 1.896 2.248 2.641 3.069
  1020  300 8 12 28 55 65 75 90 108 115 129 138 148 170 176 190 206 226 245 262 279 288 306 319 334  ->  0.193 0.225 0.244 0.308 0.342 0.380 0.452 0.539 0.585 0.661 0.721 0.805 0.956 1.031 1.169 1.371 1.610 1.893 2.204 2.503 2.729 3.227 3.567 3.951
  1021  300 9 15 44 62 78 94 110 124 134 150 166 182 192 207 223 238 256 268 288 306 320 333 342 358  ->  0.127 0.144 0.172 0.207 0.243 0.284 0.330 0.375 0.411 0.471 0.552 0.616 0.679 0.773 0.891 1.008 1.164 1.274 1.523 1.785 1.994 2.187 2.359 2.674
  1030  300 6 13 19 48 59 70 80 92 105 117 137 147 166 176 192 209 224 254 268 287 298 310 325 334  ->  0.122 0.136 0.150 0.177 0.194 0.220 0.244 0.276 0.311 0.349 0.427 0.471 0.557 0.623 0.716 0.819 0.946 1.253 1.409 1.698 1.830 2.079 2.300 2.485
  1031  300 7 14 40 56 72 86 102 119 138 154 168 176 192 209 226 243 254 260 272 290 301 320 337 364  ->  0.128 0.149 0.170 0.195 0.227 0.259 0.302 0.348 0.418 0.481 0.545 0.580 0.670 0.780 0.887 1.020 1.120 1.196 1.319 1.482 1.652 1.962 2.238 2.729
  1040  300 7 11 36 51 68 84 99 118 133 146 157 173 186 198 214 225 236 248 258 272 286 299 318 330  ->  0.121 0.132 0.157 0.182 0.214 0.249 0.290 0.348 0.410 0.461 0.518 0.598 0.675 0.755 0.873 0.956 1.073 1.166 1.286 1.469 1.648 1.871 2.181 2.390
  1041  300 6 13 18 40 50 60 77 85 97 114 126 143 153 166 186 199 222 234 243 260 278 290 306 335  ->  0.144 0.157 0.180 0.202 0.223 0.245 0.295 0.324 0.368 0.432 0.478 0.561 0.613 0.705 0.837 0.955 1.193 1.288 1.450 1.618 1.955 2.155 2.450 3.117
  1050  300 5 16 19 52 58 72 83 100 119 130 151 166 181 197 214 229 245 257 277 290 306 321 328 349  ->  0.086 0.103 0.111 0.133 0.141 0.162 0.182 0.215 0.258 0.292 0.350 0.393 0.455 0.521 0.599 0.688 0.780 0.883 1.046 1.169 1.298 1.465 1.567 1.829
  1051  300 6 12 36 51 62 74 87 100 114 128 140 152 160 174 186 193 205 212 222 236 250 258 269 284  ->  0.090 0.109 0.128 0.148 0.165 0.188 0.215 0.250 0.285 0.342 0.389 0.445 0.497 0.586 0.654 0.724 0.806 0.882 0.976 1.167 1.356 1.522 1.705 2.031
  1060  300 8 10 26 48 69 82 94 112 125 136 149 168 184 201 209 223 236 261 268 283 292 311 332 352  ->  0.189 0.206 0.236 0.278 0.343 0.382 0.425 0.507 0.564 0.632 0.712 0.863 0.969 1.116 1.202 1.324 1.553 1.888 1.995 2.239 2.458 2.859 3.465 3.921
  1061  300 9 12 37 56 66 79 94 101 114 134 148 161 172 184 202 214 235 248 264 278 293 306 322 342  ->  0.125 0.135 0.160 0.194 0.213 0.245 0.281 0.305 0.346 0.415 0.473 0.526 0.586 0.654 0.759 0.853 1.019 1.116 1.287 1.454 1.616 1.815 2.060 2.470
  1070  300 11 17 42 60 76 88 98 116 126 140 157 170 185 197 214 238 256 270 282 294 310 332 337 353  ->  0.102 0.111 0.122 0.143 0.165 0.183 0.202 0.236 0.260 0.297 0.348 0.387 0.451 0.497 0.593 0.722 0.841 0.951 1.042 1.170 1.360 1.608 1.699 1.937
  1071  300 8 28 55 70 87 98 115 134 143 158 172 186 202 214 242 251 266 280 286 305 320 332 352 369  ->  0.116 0.136 0.160 0.185 0.215 0.237 0.283 0.331 0.362 0.402 0.464 0.515 0.608 0.668 0.847 0.927 1.083 1.158 1.225 1.435 1.634 1.788 2.138 2.432
  1080  300 8 12 30 40 60 74 92 112 122 133 149 164 179 197 209 224 238 247 262 280 296 308 322 344  ->  0.165 0.175 0.198 0.215 0.255 0.289 0.336 0.404 0.440 0.485 0.558 0.651 0.732 0.866 0.977 1.089 1.252 1.375 1.575 1.834 2.118 2.382 2.756 3.275
  1081  300 7 14 20 47 63 76 95 108 120 139 147 164 180 192 214 228 241 264 277 294 305 320 334 345  ->  0.183 0.213 0.235 0.270 0.310 0.355 0.423 0.474 0.529 0.630 0.686 0.787 0.905 1.015 1.238 1.403 1.601 1.930 2.170 2.509 2.785 3.188 3.570 3.947
tot_fill self-check: |integer width at the solved level - ToT| max 1 tick(s) (fractional crossings make the continuous width exact)
