283969
283991
284013
284103
284125
284145
284153
284200
284211
284235
284255
284323
284367
284596
284637
284657
284769
284791
284794
285069
285080
285185
285201
285311
285333
285366
285443
285467
285531
285564
285663
285665
285753
285795
285929
285971
285999
286065
286114
286177
286180
286191
286213
286241
286268
286329
286353
286400
286527
286631
286655
286681
286818
286906
287007
287181
287211
287249
287517
287555
287599
287621
287654
287783
287825
287830
287896
288067
288287
288358
288397
288639
288745
288776
288859
288864
288947
288952
289251
289295
289343
289559
289647
289805
289832
289849
290052
290201
290294
290316
290729
290844
291037
291064
291262
291301
291345
291372
291499
291548
