291570
291724
291768
291961
292005
292027
292384
292406
292450
292533
292577
292643
292687
292797
293149
313781
313979
314309
314507
314705
314881
315013
315167
315343
315409
315497
315849
315871
316003
316025
316311
316553
316729
317191
317323
317543
317741
317939
318335
318731
319039
319611
319809
320029
320095
320623
320667
320865
321107
321173
321371
321525
321767
321789
345633
345655
346293
346623
347085
347129
348471
348515
348691
348713
348845
349087
349241
349373
349461
349549
349835
349879
349945
350099
350121
350297
350781
350935
351705
351749
351815
352123
352233
352365
352937
353223
353487
353729
353751
386332
386354
386442
386794
386838
386948
387168
387850
388026
388224
388884
