48301
48367
48895
49951
50765
50787
51051
51865
52613
52723
54175
55583
55595
55627
55715
56243
56387
56463
57575
57661
58169
58211
58343
58345
58653
58667
58711
58755
59003
59025
59063
59085
59179
59371
59377
59459
59663
59685
59723
59863
59929
60017
61093
61313
61351
61417
61997
62019
62303
62459
62473
62495
62613
62943
62979
63097
63163
63493
63515
63559
63603
63669
63947
64409
64475
64591
64613
64959
65018
65025
65053
65267
65295
65647
66329
66624
66646
66712
66822
67152
67394
67746
68054
68648
68956
68978
69066
69308
70562
71046
71266
71486
71530
72256
72586
72828
73070
166804
167112
167200
167398
168388
168614
169356
169598
169736
169758
169774
169890
170792
170808
170924
170984
171050
171116
171892
172090
172266
172552
172596
172656
172788
173146
173256
173498
174224
174422
174488
174576
174642
174928
175104
175428
175808
175896
176022
176160
277276
277958
278640
278662
278684
278794
279080
279445
279951
280092
280281
280598
280774
280972
281095
281148
281241
281337
281485
281507
281527
281551
281557
281595
281632
281639
281837
281857
281918
281953
282033
282057
282072
282204
282217
282385
282459
282666
282715
282871
282952
283009
283229
283463
283485
283529
283581
283713
283771
283817
283839
283905
283969
284103
284145
284200
284211
284255
284367
284637
284657
284769
284791
284794
285080
285185
285201
285333
285366
285443
285467
285564
285663
285795
285929
285999
286065
286177
286180
286213
286329
286353
286527
286631
286655
286681
286906
287007
287181
287599
287654
287783
287896
288067
288287
288358
288397
288639
288859
288864
288952
289251
289295
289343
289559
289647
289805
289832
290201
290294
290316
290729
290844
291301
291345
291499
291724
291768
292005
292027
292406
292450
292577
292687
292797
314309
314881
315167
315409
315497
315849
316311
316553
317543
317939
318335
319611
319809
320095
321107
321371
321525
321767
321789
345655
346293
347085
348471
348691
348713
348845
349241
349373
349879
349945
350099
350121
350781
351815
352123
352365
352937
353223
353487
353729
386354
386794
386838
387168
387850
388884
388972
389544
389962
390006
390028
390182
390864
391238
391722
391766
392112
392184
392200
392338
392354
392558
393542
393608
394488
394532
394642
394906
395060
395610
397194
397238
397392
397568
397722
397920
398238
398260
398414
398722
399042
399052
399284
399382
399426
400174
400262
400504
400636
401450
401824
401934
402330
402528
402968
403958
404684
404816
405190
405432
405454
405740
406752
406796
407148
408534
409084
409458
409546
409920
409942
411152
411460
411790
412692
486049
486687
486907
487633
488139
489327
489459
489679
489811
490361
490581
490977
492649
492891
492913
493243
