47058
47212
47278
47696
47784
47894
47916
48488
48774
49415
49742
49745
49767
49877
49984
49987
50182
50446
50688
50801
51128
51219
51260
51546
51722
51868
51890
51964
52044
52121
52220
52286
52338
52352
52605
52638
52693
52759
53130
53658
53793
53881
54332
54453
54475
54508
54629
55220
55278
55286
55322
55443
55542
55740
56180
56521
56763
56939
56972
57280
57346
57577
57709
57742
58006
58072
58325
58919
65266
65948
66278
66366
66652
66872
66900
66944
67026
67802
67868
67898
67928
67942
68280
68308
68346
68654
68726
68748
68830
69006
69144
69152
69232
69254
69306
69314
69386
69556
69666
69936
70010
70084
70178
70186
70222
70288
70472
70538
70612
70640
70692
70713
70757
70766
70912
71022
71092
71290
71642
71748
71778
71872
72055
72099
72170
72174
72196
72275
72280
72649
72742
72759
72760
72768
72786
72840
72940
73038
73054
73324
73336
73412
73450
73500
73538
73688
73698
73705
73727
73838
73991
74123
74146
74190
74270
74326
74336
74380
74414
74784
74854
75004
75040
75052
75113
75135
75206
75316
75377
75554
75668
75678
75700
75729
75730
75795
75862
75954
75976
76038
76059
76170
76250
76280
76346
76350
76866
76888
76998
77328
77702
77846
77878
77978
78032
78120
78242
78259
78582
78682
78743
79491
79616
79689
80672
80716
81420
82322
83048
90003
90135
90179
90487
90751
91235
91367
91609
91653
91697
91782
91917
92134
92159
92225
92684
92904
92907
92992
93105
93234
93545
93677
93696
93776
93919
94029
94092
94224
94293
94392
94546
94678
94942
95074
95151
95170
95184
95405
95412
95690
95800
95899
96251
96306
96383
96636
96680
96864
97010
97033
97062
97084
97231
97260
97473
98294
98298
98338
98353
98382
98452
98470
98474
98529
98660
98704
98760
98778
98844
98947
99035
99232
99284
99563
99702
99716
99782
99826
99838
99959
99966
100080
100135
100157
100190
100222
100245
100322
100420
100421
100564
100640
100728
101004
101224
101454
101466
101498
101554
101675
101828
102247
102643
102841
103061
103193
103204
103391
103545
103798
103952
104216
104260
104304
104920
105074
105140
105316
105426
105492
156093
156313
157215
157281
158227
158689
159569
160031
160537
161043
161725
162143
162473
163309
163771
164475
164774
165104
165157
165393
165544
165767
165855
166006
166050
166295
166996
167351
167612
167703
167744
168209
168448
168778
168869
169067
169152
169221
169240
169306
169658
169724
169793
169966
170076
170098
170274
170326
170365
170428
170585
170651
170761
171143
171352
171440
171473
171528
171572
171616
171729
171770
171866
172012
172015
172020
172177
172262
172344
172463
172498
172548
172617
172762
172850
173049
173093
173108
173340
173438
173450
173488
173495
173585
173620
173643
173671
173819
173827
173912
173978
174164
174302
174311
174352
174661
174770
174771
174795
174896
174993
175057
175094
175117
175814
175893
175952
175959
176150
176260
176502
176533
176707
176810
176948
176986
177068
177149
177178
177266
177360
177366
177455
177521
177536
177939
177961
178115
178225
178350
178388
178445
178535
178548
178570
178645
178841
178865
178885
178907
178931
178966
179048
179054
179246
179303
179369
179604
179611
179752
179765
179840
179897
179912
180088
180117
180403
180544
180645
180698
181050
181094
236192
236610
237292
237380
237446
237710
237798
239118
239404
240196
240372
240636
241626
242000
242022
242484
242550
242726
242748
242770
242814
243628
275011
275231
275385
275539
276925
277123
278509
279213
279537
279955
279977
280153
280159
280329
280351
280709
280819
280945
281165
281325
281567
281781
281985
282067
282271
282491
282749
282837
282909
283013
283035
283299
283525
283568
283590
283591
283833
283849
284047
284206
284866
285350
285680
286076
286120
286296
286489
287132
287332
287374
287464
287638
287662
287770
287794
287926
288012
289246
289464
289508
289862
290476
290542
290588
290654
290718
291072
292370
292436
292524
292568
292722
292788
292810
293470
293536
293734
294174
294922
315955
316021
316065
316197
316811
316987
317077
317341
317407
317539
317911
317957
318021
318197
318549
318703
318749
318769
318857
319057
319275
319321
319475
319871
319913
320091
320289
320485
320575
320925
321015
321169
321235
321367
321629
321741
321849
321895
321937
321983
322135
322181
322269
322663
322707
322861
322885
322907
323125
323171
323301
323369
323917
346746
346878
347384
347824
347890
348088
348198
348594
348638
348682
349056
349276
349320
350266
350354
350596
351564
351740
352136
352202
352510
352664
352730
352796
354248
354578
355106
355238
388323
389225
389379
390215
390216
390370
390391
390634
390743
390744
390810
390942
391063
391415
391513
391525
391756
391777
391843
391899
392009
392174
392262
392327
392417
392527
392649
392669
392693
392759
392891
392900
392901
392988
393089
393119
393133
393485
393505
393538
393581
393727
393758
393791
393823
393835
393935
394131
394167
394255
394363
394396
394407
394605
394717
394836
395012
395033
395079
395089
395123
395209
395277
395298
395443
395485
395573
395597
395695
395717
395837
395870
396037
396057
396091
396157
396222
396323
396355
396420
396521
396551
396596
396761
396805
396816
396829
396882
396927
396949
396971
397005
397103
397190
397379
397401
397476
397487
397498
397542
397599
397630
397653
397927
398125
398181
398191
398225
398268
398313
398567
398819
399061
399073
399303
399853
400029
400117
400185
400239
400251
400273
400349
400427
400779
401197
401241
402077
402209
402297
403023
403309
403397
403441
404189
405201
405707
405927
405971
406125
406147
406367
406631
407534
407798
407886
408304
408326
408678
409052
409140
409514
409624
409888
409906
410064
410126
410566
410680
410698
410768
411010
412062
412242
412326
412396
412612
412638
414024
414200
414240
414288
414306
414372
414442
414552
415186
415278
415564
417100
417496
417782
473358
473886
473952
474370
474612
474678
475096
475140
475712
475778
476966
477142
478088
478220
478374
478594
478638
478880
479650
480002
480728
480772
480970
481014
493439
493659
493835
494297
494847
495199
495881
497311
497355
497399
497553
497883
498675
498851
499115
499423
499577
500083
500149
500567
501711
502019
502525
502921
