1
7
9
10
12
14
15
16
18
20
21
31
32
35
37
38
39
42
43
44
45
46
48
53
57
62
65
66
68
71
73
78
80
81
83
89
91
92
94
96
101
102
104
105
106
107
109
114
117
119
121
126
128
129
130
133
137
141
143
144
147
154
155
158
159
164
165
172
173
175
182
183
184
185
190
193
195
197
200
202
204
205
207
210
211
212
214
216
220
221
223
231
232
233
239
240
241
243
244
247
248
251
252
254
263
264
267
270
271
272
273
274
276
277
280
282
286
287
290
292
295
296
298
299
300
302
305
306
309
311
312
314
316
317
319
320
321
323
324
326
329
330
331
334
335
336
338
342
343
344
345
346
348
349
350
356
357
358
360
361
363
364
365
366
367
368
370
371
373
374
378
381
383
384
385
386
387
393
396
400
401
402
403
406
407
409
410
411
412
413
415
417
419
424
427
428
430
431
434
435
436
438
439
440
456
459
464
467
468
469
471
474
475
476
480
485
487
488
489
495
496
497
498
499
508
509
510
513
515
518
519
521
522
523
526
532
533
534
537
541
544
545
546
547
548
551
559
561
563
567
569
571
572
573
575
576
577
578
579
582
585
587
591
593
595
596
597
599
605
606
607
611
612
614
615
617
618
622
623
627
628
629
630
632
633
635
641
644
646
649
651
656
657
658
662
663
664
665
666
668
669
671
673
674
675
676
678
679
681
685
686
687
689
691
696
699
701
702
707
708
710
711
714
717
719
722
723
724
725
731
733
736
737
740
742
747
748
749
750
751
752
753
754
759
760
764
767
768
769
770
773
776
780
781
783
788
790
792
798
800
801
802
806
808
809
810
811
812
813
814
815
817
818
820
823
826
827
828
831
835
837
838
840
842
843
844
847
848
851
852
853
854
861
865
867
868
870
871
873
874
879
881
883
885
886
887
900
904
905
908
910
912
916
917
918
919
921
925
926
928
929
930
931
938
940
945
947
950
952
956
957
961
962
963
972
974
978
983
984
985
987
988
990
991
998
