0
1
2
3
5
7
8
9
10
11
12
14
15
16
18
20
21
22
27
29
31
32
33
35
37
38
39
42
43
44
45
46
48
51
53
56
57
60
62
65
66
68
71
73
76
78
80
81
82
83
89
90
91
92
94
95
96
98
101
102
104
105
106
107
109
110
113
114
117
119
121
124
126
128
129
130
133
135
136
137
138
139
141
143
144
147
148
149
154
155
158
159
161
164
165
172
173
175
177
182
183
184
185
188
189
190
193
195
196
197
200
202
203
204
205
207
208
210
211
212
214
215
216
218
219
220
221
223
224
227
230
231
232
233
234
239
240
241
242
243
244
247
248
251
252
254
263
264
267
269
270
271
272
273
274
276
277
278
280
282
283
285
286
290
292
295
296
298
299
300
302
305
306
309
311
312
313
314
316
317
319
320
321
323
324
326
328
329
330
331
334
335
336
337
338
342
343
344
345
346
347
348
349
350
356
357
358
360
361
362
363
364
366
367
368
370
371
373
374
376
378
381
383
384
385
386
387
388
392
393
396
398
400
401
402
403
406
407
409
411
412
413
415
417
419
424
426
427
428
429
430
431
432
434
435
436
438
439
440
443
446
447
453
455
456
459
464
467
468
469
470
471
474
475
476
478
480
481
485
487
488
489
490
494
495
496
497
498
499
508
509
510
512
515
518
519
520
521
522
523
525
526
527
531
532
533
534
536
537
541
543
544
545
546
547
548
551
553
554
555
559
561
562
563
565
567
569
570
571
572
573
574
575
576
577
578
579
582
584
585
587
591
593
595
596
597
599
605
606
607
611
612
613
614
617
618
622
623
627
628
629
630
632
633
635
638
641
644
646
648
649
651
653
656
657
658
659
662
663
664
665
666
668
669
671
673
674
675
676
678
679
680
681
685
686
687
689
691
692
696
699
700
701
702
705
707
708
709
710
711
712
714
716
717
719
722
723
724
725
731
732
733
735
736
737
738
739
740
742
745
747
748
749
750
751
752
753
754
757
759
760
764
767
768
769
770
772
773
776
780
781
783
785
788
789
790
792
798
800
801
802
803
804
806
808
809
810
811
812
813
814
815
817
820
823
826
827
828
831
835
837
838
840
842
843
844
847
848
850
851
852
853
854
855
857
858
859
861
863
865
867
868
870
871
873
874
875
877
878
879
880
881
882
883
885
886
887
896
900
904
905
908
910
911
912
915
916
917
918
919
920
921
925
926
928
929
930
931
933
934
938
940
941
942
945
946
947
948
950
951
952
953
956
957
960
961
962
963
967
972
974
977
978
983
984
985
987
988
990
991
992
998
