48367
48895
49951
50303
50743
50831
51051
51513
51865
52085
52657
52723
53361
53427
53713
54175
54341
54351
55539
55595
55627
55715
55957
56211
56243
56463
57441
57485
57575
57661
57883
57903
58321
58343
58345
58607
58653
58717
59003
59025
59047
59085
59093
59179
59247
59261
59335
59371
59553
59685
59753
59899
59929
60017
60669
60933
61071
61351
61417
61461
61579
61681
61843
62149
62281
62459
62495
62561
62583
62613
62721
63163
63359
63427
63537
63551
63559
63603
63669
64409
64503
64591
64613
64717
64921
64959
65025
65053
65267
65289
65295
66118
66272
66646
66712
67394
67746
68648
68714
68978
71046
71178
71222
71266
71640
72256
72586
73004
166738
166804
166870
167112
167684
168432
168526
168614
168658
169356
169488
169598
169620
169626
169758
169774
169824
169846
169890
170792
170808
170814
170880
170924
171358
171600
171892
172090
172266
172656
172788
172794
172832
172942
173058
173146
173234
173498
174114
174224
174422
174576
174752
174928
175016
175808
175896
276836
277276
277298
278046
278266
278420
278640
278684
278785
278794
279190
279256
279445
279643
280017
280466
280598
280752
280774
280853
280972
280994
281214
281337
281485
281505
281507
281527
281595
281639
281727
281837
281953
282057
282072
282204
282217
282231
282385
282459
282666
282737
282899
282979
283009
283040
283091
283229
283463
283595
283691
283713
283771
283905
283991
284013
284103
284145
284153
284200
284211
284235
284637
284657
284769
284791
284794
285069
285311
285366
285443
285467
285531
285564
285652
285665
285753
285929
285971
286177
286180
286191
286241
286268
286353
286400
286527
286655
286681
286818
286906
287211
287249
287431
287517
287555
287599
287621
287654
287825
287830
288067
288287
288358
288639
288745
288859
288947
289141
289251
289559
289832
290052
290294
290729
291037
291064
291262
291372
291499
291548
291570
291961
292005
292027
292384
292406
292533
292577
292643
292687
292797
293149
313781
313979
314507
314705
315013
315167
315343
315497
315849
315871
316003
316025
316311
316553
316729
317191
317741
317939
318049
318731
319039
319611
320029
320667
320865
321107
321173
321371
321767
321789
345633
346623
347085
347129
348471
348515
348691
348713
348845
349087
349241
349461
349549
349835
349879
349945
350121
350297
350935
351639
351705
351749
352123
352233
353223
353751
386332
386442
386948
387102
387850
388026
388224
389588
389874
390182
390842
390864
390996
391238
391260
391766
391854
392552
393042
393212
393608
394532
394642
394796
395060
395390
395610
395654
395962
397480
397722
397920
398084
398238
398260
398414
398436
398514
399052
399118
399328
399702
399856
399998
400054
400274
400460
400504
400592
400636
400856
401054
401516
401626
401780
402330
402506
402880
404244
404684
405234
405432
405454
405674
405740
406444
406642
406752
406796
407148
407170
407280
407918
408094
408534
409282
409546
409634
409920
409942
409964
410008
411460
412208
486247
486687
487303
487853
488139
488755
489327
489503
490361
490581
490779
490977
491483
492649
492803
492913
493243
