truth_per_track dump -- 4 MC events (prodgenie_corsika rockbox, MCP2025C Fall)
cut: truth_tracks_nu_only=true -> beam-nu primaries only
     (assns MCTruth Origin()==kBeamNeutrino && Process()=='primary')
units: positions cm, time ns, momentum/energy GeV; nu_idx = MCTruth index
       in the generator product (0 = the interaction of the nu_* metadata)

====================================================================================================
run 32 subrun 10 event 6  nu_flavor=nc nu_pdg=14 ccnc=1 int_type=1002 E=0.792 GeV
nu_vtx = (17.08, -139.92, 16.25) cm   rows = 6

  trackid    pdg    mother  mpdg  st nu_idx  start_x  start_y  start_z    start_t     end_x     end_y     end_z       px       py       pz        E
 10000001     14  10000000     0   1      0    17.08  -139.92    16.25     668.37  -8620.90   5103.80  50000.00  -0.1272   0.0772   0.7360   0.7509
 10000002   2212  10000000     0   1      0    17.08  -139.92    16.25     668.37     17.60   -139.93     16.40   0.1981  -0.0155   0.0473   0.9602
 10000003   2212  10000000     0   1      0    17.08  -139.92    16.25     668.37     17.08   -139.91     16.26   0.0105   0.0453   0.0573   0.9412
 10000004   2212  10000000     0   1      0    17.08  -139.92    16.25     668.37     17.06   -139.94     16.18  -0.0436  -0.0440  -0.0972   0.9453
 10000005   2212  10000000     0   1      0    17.08  -139.92    16.25     668.37     17.19   -139.86     16.17   0.1052   0.0479  -0.0784   0.9486
 10000006   2212  10000000     0   1      0    17.08  -139.92    16.25     668.37     17.02   -139.96     16.22  -0.0893  -0.0644  -0.0453   0.9458

====================================================================================================
run 32 subrun 10 event 10  nu_flavor=numu nu_pdg=14 ccnc=0 int_type=1001 E=3.031 GeV
nu_vtx = (-125.29, -528.35, -624.13) cm   rows = 3

  trackid    pdg    mother  mpdg  st nu_idx  start_x  start_y  start_z    start_t     end_x     end_y     end_z       px       py       pz        E
 10000001     13  10000000     0   1      0  -125.29  -528.35  -624.13     532.21     47.01   -189.45    225.71   0.0921   0.8334   2.0803   2.2455
 10000002   2112  10000000     0   1      0  -125.29  -528.35  -624.13     532.21   -131.55   -538.12   -600.98  -0.2904  -0.4536   1.0745   1.5256
 10000003   2212  10000000     0   1      0  -125.29  -528.35  -624.13     532.21   -116.02   -540.76   -620.96   0.3510  -0.4849   0.1165   1.1190

====================================================================================================
run 32 subrun 10 event 13  nu_flavor=numu nu_pdg=14 ccnc=0 int_type=1001 E=1.158 GeV
nu_vtx = (48.10, 56.52, 471.06) cm   rows = 14

  trackid    pdg    mother  mpdg  st nu_idx  start_x  start_y  start_z    start_t     end_x     end_y     end_z       px       py       pz        E
 10000001     13  10000000     0   1      0    48.10    56.52   471.06     738.68  -5350.60   9874.23  19896.33  -0.3930   0.4432   0.7088   0.9297
 10000002   2212  10000000     0   1      0    48.10    56.52   471.06     738.68     71.12     41.93    484.45   0.4969  -0.3440   0.3068   1.1575
 10000003     13  10000000     0   1      1   -25.73   131.67  -421.13     141.37    -77.33    -31.99    584.26  -0.3621  -0.2854   2.3027   2.3508
 10000004   2212  10000000     0   1      1   -25.73   131.67  -421.13     141.37    -25.70    131.67   -421.17   0.0780   0.0100  -0.0962   0.9465
 10000005   2212  10000000     0   1      1   -25.73   131.67  -421.13     141.37    -25.73    131.68   -421.13   0.0254   0.0609   0.0180   0.9408
 10000006   2212  10000000     0   1      1   -25.73   131.67  -421.13     141.37    -25.69    131.72   -421.08   0.0671   0.0904   0.0918   0.9495
 10000007   2212  10000000     0   1      1   -25.73   131.67  -421.13     141.37    -25.66    131.28   -420.60   0.0326  -0.1641   0.2035   0.9746
 10000008   2212  10000000     0   1      1   -25.73   131.67  -421.13     141.37    -25.72    131.67   -421.13   0.0604  -0.0334   0.0097   0.9409
 10000009   2212  10000000     0   1      1   -25.73   131.67  -421.13     141.37    -25.68    131.80   -420.98   0.0334   0.1232   0.1396   0.9572
 10000010   2212  10000000     0   1      1   -25.73   131.67  -421.13     141.37    -26.64    133.45   -419.94  -0.1352   0.2889   0.2013   1.0113
 10000011   2112  10000000     0   1      1   -25.73   131.67  -421.13     141.37    -25.54    131.85   -420.93   0.1711   0.1661   0.1776   0.9855
 10000012   2112  10000000     0   1      1   -25.73   131.67  -421.13     141.37    -25.64    131.31   -422.02   0.0196  -0.0845  -0.2079   0.9662
 10000013   2112  10000000     0   1      1   -25.73   131.67  -421.13     141.37    -16.41    134.38   -428.09   0.2837   0.0824  -0.2120   1.0075
 10000014   2112  10000000     0   1      1   -25.73   131.67  -421.13     141.37    -76.25    101.27   -432.45  -0.1605  -0.0902   0.0177   0.9576

====================================================================================================
run 32 subrun 10 event 14  nu_flavor=numu nu_pdg=14 ccnc=0 int_type=1001 E=0.469 GeV
nu_vtx = (-39.83, 72.08, 450.65) cm   rows = 3

  trackid    pdg    mother  mpdg  st nu_idx  start_x  start_y  start_z    start_t     end_x     end_y     end_z       px       py       pz        E
 10000001     13  10000000     0   1      0   -39.83    72.08   450.65     984.39    -67.45    -22.37    501.30  -0.1075  -0.3102   0.1639   0.3819
 10000002   2212  10000000     0   1      0   -39.83    72.08   450.65     984.39    -39.76     72.09    450.68   0.1059   0.0135   0.0527   0.9458
 10000003   2212  10000000     0   1      0   -39.83    72.08   450.65     984.39    -33.59     74.41    453.86   0.3651   0.1371   0.1943   1.0345
