   run   event idx clus stm mic reject                  len_cm     KEr     KEq   KEmcs  Michel   Mbest flash      t_us       PE
 28084   74408   0   35   0   1 no_bragg+stop_near_bou   446.5  1030.4  1135.3  1216.1     7.4     3.7    91     349.8     5901
 28084   74408   0   91   0   1 no_bragg                  65.1   177.0   183.8  2164.8     0.6     3.3    89     321.9      422
 28084   74408   0   97   1   1 -                         57.7   161.0   164.3   244.4    54.0    24.8    24   -2051.4      109
 28084   74408   0  117   0   0 no_bragg+stop_near_bou   332.5   765.6   862.6  4000.0    10.4     0.0   108    1428.1     7677
 28084   74416   1   25   0   0 no_bragg+stop_near_bou    50.4   145.0   117.0   269.5     7.4     0.0   104    1357.9     5479
 28084   74416   1   31   0   1 stop_near_boundary+sho     3.1    23.1     2.3    -1.0     0.6     8.0    83     608.6     6674
 28084   74416   1   33   0   0 stop_near_boundary+pla   435.2  1006.7   649.1   895.4     9.4     0.0    38   -1371.0       90
 28084   74416   1   39   0   0 no_bragg+plateau_off_m   174.8   411.6   179.9   357.7     0.0     0.0    41   -1156.2     2663
 28084   74416   1   48   0   0 no_bragg+stop_near_bou    33.6   107.4    73.4    -1.0    19.3     0.0    74     289.6     1315
 28084   74416   1   53   0   1 plateau_off_mip          197.3   460.8   178.6   161.8     5.9     2.0    41   -1156.2     2663
 28084   74416   1   60   0   1 no_bragg+stop_near_bou    87.3   224.4   216.7   300.1     3.3     3.9    89     918.6     4341
 28084   74416   1  142   1   1 -                        208.1   484.5   558.7   421.3    23.7     7.7    57    -263.5      473
 28084   74424   2   19   1   0 -                        338.8   780.1   704.1   677.0    13.2     0.0    77     373.3     2804
 28084   74424   2   20   1   1 -                        137.0   330.2   332.3   303.9    79.3    34.3    61    -445.6      410
 28084   74424   2   49   0   1 no_bragg                 151.2   360.7   379.6   298.5    14.8     5.7    56    -518.7      549
 28084   74424   2   57   0   1 no_bragg+stop_near_bou    32.4   104.6    86.4    -1.0    23.5     1.9   128    1860.7      969
 28084   74424   2   66   0   0 short+profile_sparse       1.6    15.8     2.5    -1.0     0.0     0.0    19   -1700.2     1881
 28084   74424   2  116   1   1 -                        141.2   339.2   344.4   328.5    28.2    15.4    62    -400.8      563
 28084   74432   3   22   0   0 plateau_off_mip          200.0   466.7   161.0   356.3     0.0     0.0    19   -1726.5     1380
 28084   74432   3   27   1   0 -                        182.7   428.9   397.4   488.0    59.7     0.0    83     982.4     5846
 28084   74432   3   49   0   0 shape_flat+short+profi    24.7    86.3    11.9    -1.0     0.1     0.0    41    -299.9    18999
 28084   74432   3   72   0   1 continuation             220.0   510.9   557.5   626.2   100.8    29.0    72     658.5    10979
 28084   74432   3   86   0   0 no_bragg+stop_near_bou   559.0  1266.7  1357.4  1732.3    17.4     0.0    87    1326.5    22657
 28084   74432   3   90   1   1 -                        399.3   922.0  1053.9   891.9    46.0    17.7    53     -17.3     8613
 28084   74432   3   91   0   0 plateau_off_mip           58.8   163.4   122.5   687.9     1.6     0.0    35    -962.5      422
 28084   74440   4   20   0   0 no_bragg                 428.0   990.5   939.3  1025.7    17.8     0.0    72    1133.9     4891
 28084   74440   4   29   1   0 -                         53.2   151.3   128.0   150.0    42.1     4.2    45      95.4      852
 28084   74440   4   53   0   0 no_bragg+plateau_off_m   181.0   425.2   207.8    84.0     2.0     0.0    82    1619.3     3628
 28084   74440   4  114   1   1 -                        289.0   665.6   659.7   605.6    50.5    15.9    62     602.5     4800
 28084   74440   4  119   1   1 -                        261.3   603.0   767.1   597.2    40.7    29.7    23   -1497.8      262
 28084   74448   5  115   1   0 -                         39.6   121.0   132.1    -1.0    22.9     1.1    19   -1939.0      144
 28084   74448   5  136   1   1 -                        577.2  1304.9  1506.4  1253.7    11.2    32.8    58    -195.8      559
 28084   74456   6   42   1   1 -                        224.4   520.5   574.9   493.2    34.8    28.2    23   -1923.3      822
 28084   74456   6   50   0   0 profile_sparse            63.1   172.6    33.9    -1.0     0.1     0.0    41    -874.4      446
 28084   74456   6   97   1   1 -                        235.8   545.8   589.1   517.6    38.6    43.3    73     645.2     2370
 28084   74456   6  115   0   0 stop_near_boundary       180.6   424.3   485.4   552.6    10.5     0.9   120    2231.9     6948
 28084   74456   6  117   1   0 -                         82.2   213.5   217.5   205.2    12.6     0.0    67     262.5      144
 28084   74464   7    8   0   0 stop_unmatched+short+p     1.5    15.2     2.6    -1.0     1.3     0.0    71     396.2      129
 28084   74464   7   21   0   0 short+profile_sparse       5.4    32.7     2.8    -1.0     0.0     0.0    58    -162.5     4608
 28084   74464   7   36   0   0 no_bragg+plateau_off_m   147.6   353.0   140.1     0.0     3.1     0.0    62     -27.4     4783
 28084   74464   7   45   1   0 -                        301.4   694.0   706.8   616.8    19.5     0.0    80     791.1     2776
 28084   74464   7   56   1   0 -                        384.9   888.0   974.9   846.6    12.8     0.0    79     773.8     7343
 28084   74464   7   61   1   1 -                        114.6   282.3   302.3   329.5     9.6     2.0    61     -52.0     1875
 28084   74464   7  109   0   1 profile_sparse            28.3    95.1     6.8    -1.0     1.8     0.7    20   -1786.5     1022
 28084   74464   7  124   1   1 -                        452.7  1043.5  1109.5   954.3    41.6    59.6    58    -162.5     4608
 28084   74472   8   36   0   0 no_bragg+stop_near_bou   496.8  1135.9   564.1  1145.1     0.0     0.0    82    1456.2    20129
 28084   74472   8   37   1   1 -                        159.2   377.8   405.6   349.0    34.3    14.2    49     222.4     4927
 28084   74472   8   39   0   0 short+profile_sparse      89.3   228.7    12.0    -1.0     0.5     1.2    53     366.5       79
 28084   74472   8   46   1   0 -                         91.1   232.5   257.1   232.8    50.6     0.0    61     649.1      947
 28084   74472   8  109   0   0 stop_near_boundary+sho    39.7   121.2    16.9    -1.0     0.1     0.0    81    1360.0      225
 28084   74472   8  110   1   1 -                         66.8   180.5   200.0   155.2    50.9    23.0    80    1315.1      488
 28084   74472   8  120   0   0 no_bragg+shape_flat      330.5   761.0   876.3   664.4    29.7     1.0    47     100.4       99
 28084   74480   9   27   0   1 plateau_off_mip           32.0   103.8    68.0    -1.0    23.2    17.0   112    2339.5    11615
 28084   74480   9   37   0   0 profile_sparse           157.8   374.9    91.5    87.7     0.4     2.6    62    -315.6       80
 28084   74480   9   50   0   0 stop_near_boundary+pla   404.1   933.5   410.2   521.8     0.0     0.0    93    1577.2     6954
 28084   74480   9   52   0   1 no_bragg+stop_near_bou    81.2   211.5   196.2   468.8    12.7     3.8    66    -180.4     7504
 28084   74480   9  120   0   0 short+profile_sparse      51.1   146.6    29.2    -1.0     0.0     0.0    56    -462.1     1004
 28084   74488  10  109   1   1 -                        578.6  1307.9  1446.0  1284.5    11.1     3.5    51    -492.8     3649
 28084   74496  11   34   0   0 continuation             262.9   606.5   480.8   503.6     1.6     0.0   113    1414.6     2643
 28084   74496  11   46   0   0 no_bragg                 106.2   264.6   245.0   152.6    66.0     0.0    58    -757.1     1121
 28084   74496  11   59   1   0 -                        183.6   430.8   476.5   406.1    15.4     0.0   120    1834.9     3142
 28084   74496  11  110   1   0 -                        151.5   361.2   459.2   352.6    13.8     0.0    79      84.1     2391
 28084   74496  11  116   0   1 no_bragg+stop_near_bou   407.3   941.2  1119.3   918.3     2.4     0.0    74    -220.8     6305
 28084   74496  11  130   0   0 no_bragg                  71.1   189.8   236.7  1020.4     6.4     0.0   121    1863.3     2333
 28084   74504  12    1   0   0 short+profile_sparse       3.3    24.4     1.9    -1.0     0.0     0.0   106    1648.0       75
 28084   74504  12   33   1   0 -                        149.0   355.9   231.4   481.8    22.7     0.0   109    1787.7     2861
 28084   74504  12   37   0   0 no_bragg+plateau_off_m    66.1   179.2    48.8   211.4     3.0     2.2    37    -659.1     3643
 28084   74504  12   46   1   0 -                        174.4   410.8   394.4   401.5    42.5     0.0    65     103.3      935
 28084   74504  12   76   0   0 no_bragg                 292.6   673.8   509.0   608.2     0.0     0.0    12   -1905.7     1519
 28084   74504  12  101   1   1 -                        435.7  1007.7  1076.8   995.8    48.7    31.5    85    1178.8     4431
 28084   74504  12  117   1   1 -                         94.7   240.1   265.6   425.0    58.7    29.2    73     695.7    15376
 28084   74504  12  131   0   0 profile_sparse            52.5   149.6    33.9    75.5     0.0     0.0    44    -435.6       70
 28084   74504  12  132   1   1 -                        439.7  1016.0  1109.3   946.1    47.0    43.6    33    -801.7     3920
 28084   74520  14   29   0   0 no_bragg+plateau_off_m   157.3   373.8   201.3   404.7     0.0     0.0    27   -1745.0      191
 28084   74528  15   24   0   0 no_bragg+plateau_off_m    60.1   166.3    65.5   254.6     0.0     0.0    35    -661.2       68
 28084   74528  15   28   0   0 no_bragg                  57.1   159.6   132.6   262.1     0.6     0.0    53     345.9     2225
 28084   74528  15   31   0   0 plateau_off_mip           32.8   105.5    19.1    -1.0     5.9     0.0    42      35.0      248
 28084   74528  15   47   0   0 stop_unmatched+no_brag    66.1   179.1    79.2    25.0     0.3     0.0    53     345.9     2225
 28084   74528  15   50   1   0 -                        243.4   562.9   456.7   747.9     0.0     0.0    20   -1511.1      134
 28084   74536  16   47   1   1 -                        115.3   283.9   388.8   335.5    90.3    15.3    85    1840.2     2387
 28084   74536  16  100   0   0 no_bragg+stop_near_bou   187.7   439.8   486.8   932.6     6.5     0.0    57       1.6     3825
 28084   74536  16  102   0   0 no_bragg                 124.2   302.9   245.4   841.1    14.2     0.0    21   -1374.4     3987
 28084   74536  16  110   0   1 stop_near_boundary       128.4   311.8   322.1   743.2    31.1    33.3    90    2115.6     6028
 28084   74544  17   26   0   0 profile_sparse            24.2    85.2    15.1    -1.0     0.0     0.0    99    2443.6     7711
 28084   74544  17   35   1   0 -                        319.2   734.9   362.1    40.4     0.0     0.0    92    2081.8    10439
 28084   74544  17   38   0   0 profile_sparse           160.0   379.6    95.3   138.4     0.2     0.0    37      44.9    10376
 28084   74544  17   55   1   1 -                        366.7   845.3   761.0   761.5    25.5     7.9    92    2081.8    10439
 28084   74544  17   97   1   1 -                        341.0   785.2   820.5   750.6    67.1    40.8    30    -398.8     5195
 28084   74544  17  110   0   1 stop_near_boundary+pro    75.7   199.6   174.9   438.2     6.0     9.7    48     695.4     5597
 28084   74544  17  113   0   0 stop_near_boundary       128.6   312.3   315.1  1517.1    10.2     0.0    42     240.7     9844
 28084   74544  17  122   1   1 -                         66.0   178.9   181.6   172.2    34.9    13.9    40     140.4       68
 28084   74552  18   17   1   1 -                        122.9   300.0   154.0    41.3    24.2    34.0    76     516.0      220
 28084   74552  18   50   0   0 no_bragg+stop_near_bou   284.8   656.1   588.2   628.8    15.8     0.0    92    1331.6     8944
 28084   74552  18  104   1   0 -                        354.1   815.8   942.9   759.5     8.2     0.0    58      30.6     4716
 28084   74552  18  108   1   1 -                         88.1   226.2   228.1   253.3    75.8    40.2    58      30.6     4716
 28084   74560  19   59   1   1 -                        275.0   633.9   744.2   604.1    37.3    22.8    72    1248.6     4351
 28084   74560  19   61   0   0 stop_near_boundary        54.7   154.5   128.8   456.5     0.0     0.0    79    1430.6     6253
 28084   74568  20   20   0   0 no_bragg                 240.5   556.3   421.0   762.3    57.5     0.0    88    1814.5    11754
 28084   74568  20   26   0   0 plateau_off_mip          120.4   294.7    76.1   269.4     8.1     0.0    41    -951.0      273
 28084   74568  20   28   1   0 -                         75.4   199.0   224.2   189.4    21.1     0.0    87    1409.7     2340
 28084   74568  20   65   0   1 no_bragg                  60.0   166.0    90.8   286.6     5.7     4.9    15   -2122.3       57
 28084   74568  20  107   1   1 -                        110.4   273.5   339.3   288.4    36.9    36.7    29   -1327.7      302
 28084   74568  20  116   1   1 -                        191.5   448.0   499.4   545.0    39.2    20.3    82    1162.6     2552
 28084   74568  20  124   1   0 -                        224.8   521.4   590.5   526.9     4.9     0.0    55    -429.2      585
 28084   74576  21   17   1   0 -                         64.3   175.2   126.3    46.0    40.8     0.0    29   -1304.4      393
 28084   74576  21   20   0   0 plateau_off_mip           13.4    57.5    17.4    -1.0     0.0     0.0    94    1988.2     2665
 28084   74576  21   27   1   1 -                        122.8   299.9   252.6   294.7    69.2    53.6    68     754.2     1003
 28084   74576  21   55   1   0 -                        152.4   363.2   386.8   298.7     2.0     0.0    28   -1318.5      277
 28084   74576  21   56   1   0 -                        266.0   613.5   592.0   880.4     0.0     0.0    83    1284.2      850
 28084   74576  21  120   1   0 -                        337.6   777.4   853.3   682.4     3.1     0.0    62     718.9     6265
 28084   74576  21  132   1   1 -                        191.5   448.1   523.2   422.4    12.5     7.8    47    -325.3      705
 28084   74576  21  134   0   0 no_bragg+plateau_off_m   285.0   656.7   435.3   555.4     0.0     0.0    67     731.0       68
 28084   74584  22   44   1   0 -                        282.1   649.9   668.1   555.0     8.8     0.0    85    1255.5     6680
 28084   74592  23   45   0   0 no_bragg+plateau_off_m   583.0  1316.9   989.6  1049.5    18.9     0.0    42    -412.6    16287
 28084   74592  23   46   0   0 no_bragg+stop_near_bou    73.7   195.4    53.4   129.3     0.0     0.0   112    2444.1     6733
 28084   74592  23   49   0   0 plateau_off_mip           89.2   228.4   133.8    72.4    24.0     0.0    31   -1033.5      631
 28084   74592  23   51   1   1 -                        341.7   786.8   902.8   755.7    27.3    16.2    53     -28.1     6069
 28084   74592  23   53   0   0 no_bragg+shape_flat       52.3   149.2   138.8   216.4     4.3     0.0    29   -1087.7     6885
 28084   74592  23  113   1   1 -                         88.3   226.6   218.0   212.6    41.6    16.1    22   -1554.9     9422
 28084   74592  23  114   1   1 -                        201.1   469.0   531.8   429.4     7.7     5.6    26   -1282.5     1244
 28084   74592  23  122   0   1 no_bragg+stop_near_bou    63.0   172.5   151.6   410.2    20.8    15.5   108    2187.1     5405
 28084   74592  23  125   0   0 no_bragg                 758.6  1685.9  1874.0  1661.1     2.5     0.0    65     421.5     3485
 28084   74600  24   47   0   1 profile_sparse            45.7   134.6    15.4    -1.0     1.8     0.9    93     422.8     9865
 28084   74600  24   49   1   1 -                        265.6   612.7   708.7   592.9    67.6    47.8    55    -778.4     3652
 28084   74600  24   52   0   0 no_bragg                  68.5   184.4   228.0   178.1     5.5     3.7    72     -92.6       88
 28084   74600  24   65   0   1 no_bragg+stop_near_bou   167.5   396.0   428.0   766.3    15.8    14.2   106     645.2     6426
 28084   74600  24   66   0   0 profile_sparse             9.1    44.8     9.9    -1.0     0.0     0.0    86     111.5      129
 28084   74600  24  103   0   1 stop_near_boundary       396.5   915.5  1025.5  1741.5     3.0     1.9    98     474.5     6449
 28084   74600  24  111   1   1 -                        154.8   368.4   386.4   380.9    29.8    22.2   117     973.2     2609
 28084   74608  25   36   1   1 -                        184.6   433.0   441.1   400.6    50.1    41.3    67     -49.8     3166
 28084   74608  25   39   0   1 no_bragg+stop_near_bou   171.2   403.8   397.9   380.5    27.5    23.9   113    2294.6    11858
 28084   74608  25   84   1   0 -                        176.4   415.2   481.6   384.9    47.0     0.0    82     515.7     2708
 28084   74608  25   98   0   0 profile_sparse           334.1   769.3   719.7   447.8     0.8     0.6    81     448.9     1835
 28084   74608  25  113   0   0 no_bragg+stop_near_bou    72.4   192.6   189.2   215.0    19.8     0.0    79     411.5     7046
 28084   74616  26   32   0   1 stop_near_boundary+pro   314.7   724.5   645.4   740.6    15.8    15.2    59     128.0    12657
 28084   74616  26   41   0   0 no_bragg                 145.9   349.4   352.1   314.1    30.1     0.0   103    1987.8    14389
 28084   74616  26   94   1   0 -                        286.2   659.3   637.7   603.3    24.0     0.0    75     946.5     4236
 28084   74616  26  109   1   1 -                         47.2   138.0   167.5   271.8    12.8     3.5    31   -1359.1      133
 28084   74616  26  115   1   0 -                        229.3   531.5   630.5   528.7     7.3     0.0    69     732.6     1285
 28084   74616  26  118   0   1 stop_near_boundary+pro    13.2    57.0    20.9    -1.0    20.1    32.8   108    2076.0    11167
 28084   74624  27   26   0   0 profile_sparse           141.9   340.6   116.3   146.0    45.2     0.0    62    1038.6     1205
 28084   74624  27   32   0   0 no_bragg+shape_flat+st   276.2   636.7   542.5   633.5    27.7     0.0    39    -151.1     8571
 28084   74624  27   33   1   1 -                         86.9   223.6   255.2   234.2    68.0    17.8    61    1020.6     1238
 28084   74624  27   46   0   0 no_bragg                  62.8   172.1   120.9   122.0    14.2     0.0    28   -1151.1     9493
 28084   74624  27   57   0   0 plateau_off_mip          118.6   291.0   151.5    -1.0     3.2     0.0    86    2276.3     2482
 28084   74624  27   93   0   1 stop_near_boundary       222.3   515.8   610.1  1466.2     4.6     4.5    68    1528.4    13361
 28084   74624  27  104   0   0 no_bragg                 343.1   790.2   897.9   796.3    12.5     0.0    34    -567.5     7345
 28084   74624  27  107   0   0 no_bragg                 108.4   269.3   279.5   257.2    26.8     0.0    46     207.4      301
 28084   74624  27  111   0   0 profile_sparse            56.7   159.0    24.4    -1.0    10.1     0.0    22   -1244.1      462
 28084   74632  28   41   0   0 no_bragg                 355.0   817.8   842.9  1190.7    15.5     0.0     9   -1838.0     2108
 28084   74632  28  110   0   1 plateau_off_mip          320.2   737.3   801.8   651.2    59.7    44.5    59     315.1     1280
 28084   74632  28  131   1   0 -                        593.9  1340.0  1580.2  1329.0    15.5     0.0    50     112.8     7509
 28084   74640  29   38   0   0 plateau_off_mip           40.5   123.1    44.4    -1.0     1.0     0.0    38   -1571.6       73
 28084   74640  29   44   0   0 no_bragg                 214.4   498.3   338.5   777.3    12.8     0.0    88    1827.8     7213
 28084   74640  29  101   0   0 no_bragg                  56.7   158.8   133.2   150.2     4.1     0.0    49    -983.4     3552
 28084   74640  29  115   0   0 profile_sparse            96.2   243.2   276.7    85.5    20.4     1.9    59     209.8      225
 28084   74648  30   33   0   0 no_bragg+plateau_off_m    76.2   200.7   129.4   208.9    29.8     6.2   103    2274.1     5919
 28084   74648  30   34   0   0 no_bragg                 160.7   381.1   321.6   439.3    27.0     0.0    81     955.3     3172
 28084   74648  30   37   1   0 -                        423.2   979.1  1055.4   922.7     8.4     0.0    75     512.8     3908
 28084   74648  30  100   0   1 no_bragg+shape_flat+st   598.4  1349.3  1470.5  2261.4    16.3    15.8    83    1304.7    26988
 28084   74648  30  107   0   0 profile_sparse            46.8   137.0    10.1    -1.0     0.0     0.0    53    -441.5    19466
 28084   74648  30  111   1   0 -                        141.0   338.7   385.7   318.7     8.0     0.0    82     980.3     4743
 29107    1007   3   23   0   0 no_bragg                 106.8   265.9   224.4   957.6    29.3     3.7    26   -2141.2     3652
 29107    1007   3   26   0   1 profile_sparse           166.3   393.2   265.2    40.4   117.2    13.9    34   -1970.3     1738
 29107    1007   3   86   1   0 -                        173.0   407.8   431.7   252.0     0.0     0.0    99     115.0     1979
 29107    1007   3   92   1   1 -                         71.1   189.8   210.2   241.4    42.3    38.5    76    -816.6      201
 29107    1007   3   99   1   1 -                         92.8   236.0   203.3    84.5    32.3     3.1   135    1180.3     3364
 29107    1007   3  107   1   1 -                        302.9   697.3   847.1   736.0    58.5    49.2    56   -1463.1      661
 29107    1007   3  111   1   1 -                        346.3   797.6   788.9   682.6    42.5    43.0   122     751.0     1646
 29107    1015   4   24   1   1 -                        148.3   354.5   340.9   326.3    23.3    32.9   336    -654.2     3675
 29107    1015   4   58   1   1 -                        207.0   482.1   415.3   161.0    66.5    34.0    42   -2025.2     2632
 29107    1015   4   69   1   1 -                         73.8   195.6   217.1   186.7    32.4    40.2   156   -1533.3      125
 29107    1015   4   72   0   0 not_muon_pid              54.6   154.4   337.8   190.9    38.4     0.0   649    1453.5     7214
 29107    1015   4  123   1   0 -                        216.1   502.1   538.0   156.1    12.2     0.0   188   -1400.8      843
 29107    1023   5   26   1   1 -                        513.6  1171.4  1044.2  1068.7    31.4    34.2   119     403.7     3077
 29107    1023   5   28   0   0 no_bragg+plateau_off_m    43.2   129.1    46.8    95.6     1.0     0.0   154    1306.5       55
 29107    1023   5   31   0   0 no_bragg+stop_near_bou    90.5   231.3   172.4   179.2     5.8     4.5   167    1768.4    30680
 29107    1023   5   34   0   1 no_bragg+plateau_off_m   121.2   296.4   118.6   231.2     0.0     1.9   110    -107.5       46
 29107    1023   5   37   0   1 no_bragg+stop_near_bou   376.4   868.0  1016.2  1437.1     3.7     1.0   135     645.8     8859
 29107    1023   5   42   0   0 stop_near_boundary+pro   159.1   377.6   102.0   246.3     0.0     2.0   110    -107.5       46
 29107    1023   5   96   0   0 no_bragg                  73.4   194.8   179.2   233.1     6.3     0.0    52   -1416.9      174
 29107    1023   5   98   1   0 -                        476.3  1092.9  1263.3  1008.7    12.8     0.0   112      58.8     6674
 29107    1023   5  107   0   0 shape_flat+profile_spa    28.7    95.9    26.7    -1.0     0.0     0.0   177    1799.8       52
 29107    1023   5  119   0   1 no_bragg+stop_near_bou    41.5   125.2    92.6   128.2     5.0     9.0   165    1698.5     2375
 29107    1031   6   45   0   1 plateau_off_mip          274.3   632.4   411.4   157.1    18.1     0.0    64    -771.1     1156
 29107    1031   6  122   1   1 -                         75.5   199.3   194.7   535.0    34.9     4.0    80    -442.5     1544
 29107    1039   7   28   1   0 -                         12.8    55.7    45.3    -1.0     7.1     0.0   116     775.2      313
 29107    1039   7   32   1   0 -                        313.7   722.2   676.4   583.6    11.0     0.0    64    -730.7     4914
 29107    1039   7   40   0   0 no_bragg+plateau_off_m    21.6    78.9    14.3    -1.0     0.0     0.0   155    1787.1      114
 29107    1039   7   47   1   1 -                        355.1   818.2   856.8   841.1    20.5    29.4   123     983.1     2717
 29107    1039   7   85   1   1 -                        195.3   456.4   507.2   420.0    19.9    12.1    76    -432.5      824
 29107    1047   8   39   0   1 profile_sparse            20.7    76.5    22.0    -1.0     2.8     3.5   131     765.0       63
 29107    1047   8   52   0   0 no_bragg+stop_near_bou   234.6   543.1   803.9  1055.0     4.3     0.0   122     522.1     9428
 29107    1047   8  117   0   1 no_bragg+stop_near_bou   481.2  1103.3  1249.7  1424.4     2.1     9.5   163    1417.4    19841
 29107    1047   8  136   0   0 no_bragg+plateau_off_m   671.9  1503.7  1814.3  1622.3     3.9     0.0    99     109.2     6344
 29107    1055   9   61   0   0 no_bragg+plateau_off_m   613.0  1380.1  1065.0  1004.2    25.7     0.0    83    -778.3    14775
 29107    1055   9   63   0   0 no_bragg+plateau_off_m    72.7   193.4    51.2   419.1     0.0     0.0    29   -1933.6       95
 29107    1055   9  109   1   1 -                        243.1   562.1   652.4   532.8    56.4    12.8   104    -254.8     1231
 29107    1055   9  115   1   1 -                        228.0   528.6   594.0   497.7    48.3    21.4   112     310.8     6329
 29107    1055   9  117   1   1 -                        400.2   924.3   889.5   854.9    53.5    21.8   133     814.8     5012
 29107    1063  10   37   0   0 profile_sparse           161.3   382.6   199.6   303.6    13.4     0.0   117     262.3     3728
 29107    1063  10   50   0   1 plateau_off_mip          106.9   266.0   128.4    97.0     0.3     0.9   190    1846.5     4670
 29107    1063  10   80   0   1 stop_near_boundary+pla    37.6   116.5    52.5    -1.0    18.6    17.0    66   -1106.3     1723
 29107    1071  11   18   0   0 not_muon_pid              49.3   142.7   311.9   157.6    28.5     0.0   107      -0.4      343
 29107    1071  11   22   0   0 plateau_off_mip           72.9   193.8   118.7   223.7     2.6     0.0    70   -1049.8     2006
 29107    1071  11   33   1   1 -                        188.4   441.2   440.5   437.3    34.2    11.1    98    -239.4     3171
 29107    1071  11   74   1   1 -                         17.6    68.7    66.7    -1.0    36.9    18.9   103     -88.1       89
 29107    1071  11   86   1   0 -                        465.6  1070.6  1214.6  1000.0    25.9     1.5    54   -1472.5     2310
 29107    1071  11   90   1   1 -                        273.8   631.1   719.1   582.5    17.3     9.5    54   -1472.5     2310
 29107    1079  12   19   0   0 stop_near_boundary+sho     4.4    28.8     2.6    -1.0     0.0     0.0   145    1057.9     9160
 29107    1079  12   21   0   0 plateau_off_mip          191.0   447.0   174.1   247.4     3.6     0.0   110     113.5     1944
 29107    1079  12   33   0   1 plateau_off_mip           72.3   192.4    73.8    40.4    28.9     4.7    58   -1268.1      592
 29107    1079  12   48   0   0 profile_sparse            73.5   195.0    76.5   161.9     0.0     0.0    68    -818.4      237
 29107    1079  12   95   0   0 no_bragg+shape_flat      164.9   390.3   389.6   296.5    54.5     0.0    76    -712.5      225
 29107    1079  12  108   1   1 -                        493.0  1128.0  1209.4   994.6     6.8     7.7    78    -597.4      891
 29107    1079  12  129   1   0 -                        438.4  1013.4  1080.5   927.4     2.3     0.0    67    -818.4      859
 29107    1087  13   26   0   0 no_bragg                 128.4   311.8   204.4   260.8     3.2     0.0    46   -1845.9     2140
 29107    1087  13   32   0   0 stop_near_boundary+sho     1.7    16.4     3.0    -1.0     0.6     0.0   138     386.1      567
 29107    1087  13   52   0   0 no_bragg+stop_near_bou   108.0   268.4   299.7   648.2     4.1     0.0   205    1798.1     3578
 29107    1087  13  111   0   0 no_bragg+shape_flat+pl    36.6   114.3   164.0    -1.0    11.6     2.6   134     117.0      162
 29107    1087  13  114   1   0 -                        105.6   263.2   262.2   245.2    22.8     0.0   185    1411.6     7642
 29107    1095  14   45   0   0 plateau_off_mip          113.0   279.0   122.1    40.4     6.0     0.0   141     608.9      693
 29107    1095  14   89   0   0 no_bragg                 104.1   260.1   324.4   251.1     8.2     0.0    77    -960.8      222
 29107    1095  14  106   1   0 -                         83.7   216.8   221.0   231.6     9.7     0.0   136     302.6       50
 29107    1103  15   17   0   0 no_bragg                 208.3   484.9   332.2   361.5     0.3     0.0   119      47.8     1673
 29107    1103  15   40   1   1 -                        132.5   320.6   133.1   139.1     0.0     7.0   189    1268.9     3667
 29107    1103  15   57   0   0 plateau_off_mip           48.7   141.3    48.9   623.5     0.0     0.0    92    -415.8     2463
 29107    1103  15  118   0   1 stop_near_boundary       171.4   404.3   373.9   383.5    41.8    33.8    87    -469.0     1856
 29107    1103  15  120   0   1 no_bragg+stop_near_bou   150.3   358.7   370.8  1450.7    14.2    15.8   141     685.3     7075
 29107    1103  15  142   1   1 -                        102.5   256.7   320.8   246.8    46.9    23.5   119      47.8     1673
 29107    1111  16    1   0   0 short+profile_sparse       3.3    24.1     3.3    -1.0     0.5     0.0   221    2382.5    11604
 29107    1111  16   15   0   0 stop_unmatched+short+p     1.7    16.5     1.2    -1.0     0.0     0.0    68   -1081.5      682
 29107    1111  16   32   0   0 short+profile_sparse       4.2    27.9     2.5    -1.0     0.1     0.0   221    2382.5    11604
 29107    1111  16   46   1   1 -                        225.1   522.2   532.8   429.0    18.3    11.8   104    -264.9     1285
 29107    1111  16   79   0   0 no_bragg                  42.3   127.2    79.3  1645.0     0.0     0.0    52   -1398.8       61
 29107    1111  16  106   1   1 -                        357.7   824.3   828.0   747.0    30.8    40.7   151     683.3     2298
 29107    1111  16  108   0   0 no_bragg                 240.4   556.2   614.8    40.4    20.3     0.0    64   -1177.9      694
 29107    1119  17  116   1   1 -                        155.0   368.9   442.6   343.2    55.8    19.5   108    -420.2     2148
 29107    1127  18   24   0   0 stop_near_boundary+pla    57.1   159.8    79.7    55.0     0.0     0.0   158     606.5    20395
 29107    1127  18   31   0   0 profile_sparse           254.4   587.5   547.7   578.2     0.0     0.0   182    1122.4     3626
 29107    1127  18   34   0   0 no_bragg+shape_flat+pl    98.1   247.3   147.7   257.8     0.0     0.0   165     780.1      686
 29107    1127  18   44   0   0 plateau_off_mip          516.0  1176.3   913.0  1272.2     0.0     0.0   142     336.9      276
 29107    1127  18   45   0   0 no_bragg                 531.9  1209.8  1239.8  1181.8     0.0     0.0    83   -1144.5       56
 29107    1127  18   54   0   0 shape_flat+profile_spa    42.8   128.2    21.1   199.0     0.2     0.0    94    -819.4     4491
 29107    1127  18   59   0   0 plateau_off_mip          150.6   359.5   270.3   185.6     1.9     0.0   156     518.7     1726
 29107    1127  18   68   0   1 plateau_off_mip           43.6   130.0    63.0   132.1     0.7     6.2   154     467.4       53
 29107    1127  18   79   0   0 plateau_off_mip          313.0   720.7   212.1   158.7     1.2     1.5   183    1143.2     4001
 29107    1127  18  130   1   1 -                        301.9   695.2   756.8   670.9     3.1     2.5   137     260.2     4036
 29107    1127  18  138   0   1 no_bragg+stop_near_bou   406.8   939.9   962.9   951.8     7.3     9.2   209    1883.2    14712
 29107    1127  18  146   1   1 -                        258.5   596.6   675.3   578.8    42.7    34.5    66   -1461.7    19345
 29107    1135  19   30   1   1 -                        238.9   552.8   487.0   483.5    82.7    28.8    94    -248.9     2496
 29107    1135  19   33   0   0 no_bragg+stop_near_bou    91.7   233.8   200.9   334.6     8.0     0.0   190    2098.9     2365
 29107    1135  19   95   1   1 -                        646.8  1451.1  1546.2  1405.0    47.6    80.2    72    -885.6     6332
 29107    1135  19  106   1   0 -                        242.4   560.6   519.4   281.2    50.8     0.0    37   -1819.2     2832
 29107    1135  19  111   1   1 -                        106.0   264.1   274.7   285.0    16.9    13.1   134     941.2      825
 29107    1135  19  120   1   1 -                        144.3   345.9   394.8   351.1    41.8    49.5   134     941.2      825
 29107    1143  20   17   0   1 profile_sparse             7.2    38.8     7.6    -1.0     2.1     4.3   122     344.1     1553
 29107    1143  20   24   0   0 no_bragg+plateau_off_m    56.8   159.0    53.0   451.8     0.0     0.0   184    2019.5    11881
 29107    1143  20   48   0   0 stop_near_boundary+pro   232.0   537.4   182.2    38.0     0.1     0.0    89    -426.4      153
 29107    1143  20   57   1   1 -                        105.0   262.0   296.7   238.5    37.0    18.7    58   -1200.0      125
 29107    1143  20  139   1   1 -                        289.6   667.1   689.4   602.2    51.9    31.7    86    -434.6     1503
 29107    1143  20  148   1   0 -                        144.7   346.7   379.5   323.0     8.5     0.0   205    2371.2     5353
 29107    1143  20  151   0   1 plateau_off_mip          580.9  1312.7  1277.6  1302.5    37.9    17.9    89    -426.4      153
 29107    1151  21   32   0   0 no_bragg                  79.6   208.1   144.8   348.6     0.0     0.0    98    -107.8     1542
 29107    1151  21   41   0   1 stop_near_boundary       107.3   266.9   270.9   356.6    45.1    47.2   200    2041.2     3684
 29107    1151  21   43   0   0 plateau_off_mip          465.2  1069.6   988.1   803.0     0.0     1.1   104      -0.7     3317
 29107    1151  21   47   1   0 -                         23.7    83.9    89.8    -1.0    12.2     0.0   137     650.8      510
 29107    1151  21   51   0   0 shape_flat+profile_spa   251.9   581.9   118.4    19.2     0.2     0.0    99     -25.5       57
 29107    1151  21   53   0   1 stop_near_boundary        42.1   126.5   107.2   554.1    14.8    11.1   169    1216.9     2111
 29107    1151  21   64   0   0 no_bragg                  55.7   156.7   105.4   219.7     2.1     0.0   131     388.3       60
 29107    1151  21   65   1   0 -                        278.3   641.4   655.5   619.5    12.1     0.0   158    1058.9     2014
 29107    1151  21   71   1   1 -                        180.2   423.5   438.8   385.4    41.5    42.7    54   -1026.0     1713
 29107    1159  22   22   0   0 profile_sparse            13.4    57.3    25.0    -1.0     0.0     0.0    65    -473.9      499
 29107    1159  22   40   1   1 -                        185.4   434.8   515.5   481.6    19.1    26.0    68    -373.4     1148
 29107    1159  22   46   1   0 -                         56.3   158.1   198.6   140.4     9.5     0.0   108     870.7      388
 29107    1159  22  108   1   1 -                         56.1   157.6   138.8   122.9    81.3    44.8   146    2010.0     2696
 29107    1159  22  123   1   0 -                        270.2   623.0   765.1   625.6     4.1     0.0    41   -1451.2     1252
 29107    1167  23   41   1   1 -                         91.9   234.2   274.2   183.1     2.8     7.7    57   -1376.6       88
 29107    1167  23   55   1   1 -                         33.5   107.0   108.5    -1.0    23.6    15.4    92    -300.4      158
 29107    1167  23  101   0   0 no_bragg+stop_near_bou   414.8   958.9  1104.9  1446.0     7.4     1.2   104      77.8     8227
 29107    1167  23  115   1   0 -                         36.3   113.6   106.8    -1.0    13.6     0.0    34   -2063.6      507
 29107    1167  23  116   0   0 no_bragg                 106.7   265.6   248.5   264.1     2.8     0.0    99    -146.8      736
 29107    1167  23  128   1   1 -                         53.4   151.6   174.9   325.9    52.9    34.7    68   -1184.6       58
 29107    1175  24   19   1   1 -                         82.0   213.2   224.2   193.1    52.0    32.6   183    2026.7      933
 29107    1175  24   33   1   0 -                        143.3   343.7   437.0   360.3     3.5     3.5    95    -441.2      397
 29107    1175  24   47   1   1 -                         21.6    78.8    88.8    -1.0    36.7    25.3   141     629.3     7977
 29107    1183  25   23   0   0 profile_sparse            12.2    53.9    23.0    -1.0     0.2     0.0   136    1078.7     9752
 29107    1183  25   27   0   0 no_bragg+plateau_off_m    36.6   114.2    25.9    -1.0     0.0     0.0    31   -1639.0       90
 29107    1183  25   93   0   0 profile_sparse            72.1   191.9    30.6    -1.0     0.0     0.0   161    1487.0      288
 29107    1183  25  109   1   0 -                        100.5   252.4   296.0   223.9     8.9     1.4   114     326.4       83
 29107    1183  25  110   1   1 -                        152.4   363.3   400.6   339.5    37.5    28.4   128     955.2     3038
 29107    1191  26   27   0   1 plateau_off_mip          146.6   350.7   171.8   189.6     8.4    11.9    25   -2156.2     1049
 29107    1191  26   50   0   0 shape_flat+short+profi    10.6    49.5     9.4    -1.0     1.1     2.1   129     387.9       52
 29107    1191  26   57   0   0 no_bragg+plateau_off_m   154.5   367.8   182.3   311.4     0.0     0.0    31   -2051.4      124
 29107    1191  26   88   1   0 -                         81.6   212.4   139.7   186.5     8.3     0.0    62   -1229.4     1147
 29107    1191  26   89   0   0 no_bragg                  63.3   173.1   158.8   493.5     0.0     0.0   110      59.4       93
 29107    1191  26  111   1   0 -                        234.6   543.2   698.7   555.3     3.4     0.0    62   -1229.4     1147
 29107    1191  26  114   0   1 plateau_off_mip           86.8   223.4   139.5    25.0   103.1    55.2   125     381.2      111
 29107    1199  27   38   0   1 stop_near_boundary       178.1   418.9   420.8  1824.5    13.3     1.7   137     554.8     6433
 29107    1199  27   39   0   1 plateau_off_mip           48.8   141.5    92.9   527.9     6.8     4.3    66   -1105.8      145
 29107    1199  27   99   1   0 -                         58.3   162.4   222.7   182.7    61.4     0.0   104    -257.2     9124
 29107    1207  28   30   1   1 -                         15.6    63.3    39.4    -1.0    98.3    16.6    79    -503.6     5413
 29107    1207  28   42   1   1 -                        134.2   324.2   417.2   270.9     1.6    16.7    86    -316.1     3698
 29107    1207  28   54   0   1 no_bragg+stop_near_bou    58.2   162.1    39.5   183.2     0.7     1.6   161    1719.8      246
 29107    1207  28   93   0   0 no_bragg+stop_near_bou   466.5  1072.4  1360.7  4000.0     1.1     0.0   107     100.6    16918
 29107    1207  28  109   1   1 -                        550.6  1249.1  1402.2  1156.6    82.9    50.9    43   -1525.7      390
 29107    1215  29   35   0   0 no_bragg                 515.4  1175.2  1037.0  1080.9     7.8     0.0    99     -80.6     5580
 29107    1215  29   68   0   0 stop_near_boundary       123.9   302.2   233.5   264.9     0.0     0.0   125     328.1       70
 29107    1215  29  119   1   0 -                         56.6   158.6   218.3   125.5    30.0     0.0   128     407.7      745
 29107     983   0   17   0   0 short+profile_sparse       4.0    27.0     2.8    -1.0     0.0     0.0    97     108.6     2834
 29107     983   0   49   0   0 profile_sparse           114.5   282.1    44.7  1026.2     0.6     0.0   116     597.8     3014
 29107     983   0   50   1   1 -                        170.0   401.2   451.8   385.4    35.3    37.5   105     314.9     1714
 29107     983   0   56   0   0 shape_flat+profile_spa    53.4   151.6    21.2    51.6     0.0     0.0   103     297.8     1035
 29107     983   0  103   0   0 plateau_off_mip           13.5    57.7    16.5    -1.0     8.0     0.0   120     611.1       76
 29107     983   0  127   1   1 -                         39.0   119.6   100.7    -1.0    41.9    25.4   170    1381.7     1527
 29107     991   1   32   0   1 plateau_off_mip          142.6   342.2   141.5   268.9    13.6    13.0   139     805.8     5998
 29107     991   1   42   0   1 profile_sparse           131.3   317.9   137.5   125.0     0.5     2.5   126     487.1    15204
 29107     991   1   50   0   1 stop_near_boundary       354.1   815.9   835.9  1357.2    12.2    27.9   107      60.0    20067
 29107     991   1   82   0   1 no_bragg+stop_near_bou   172.4   406.4   491.8  3111.7     2.6     1.7   168    1894.3     6284
 29107     991   1   85   1   1 -                        120.1   294.2   288.9   239.2    65.2    41.3    27   -1908.4     4420
 29107     999   2   11   0   0 stop_unmatched+short+p     3.7    26.0     1.7    -1.0     0.0     0.0   104    -195.2       58
 29107     999   2   39   1   1 -                         37.2   115.6   105.5    -1.0    14.8    19.5   165    1352.8     2640
 29107     999   2   64   0   0 no_bragg                 395.7   913.5   426.4   487.7     0.0     0.0   139     456.7     3354
 29107     999   2  108   1   1 -                        384.0   886.0   927.8   856.6    73.4    58.5   135     364.4     6922
 29107     999   2  117   0   0 stop_near_boundary+sho    49.8   143.8    13.6    -1.0     0.1     0.0   126     145.1       89
# 325 candidates, 135 stopping muons (is_stm), 85 with a Michel
